0,1,2,3,4,5,6,7,8,9,10,11,12,13,14,15,16,17,18,19,20,21,22,23,24,25,26,27,28,29,30,31,32,33,34,35,36,37,38,39,40,41,42,43,44,45,46,47,48,49,50,51,52,53,54,55,56,57,58,59,60,61,62,63,64,65,66,67,68,69,70,71,72,73,74,75,76,77,78,79,80,81,82,83,84,85,86,87,88,89,90,91,92,93,94,95,96,97,98,99,100,101,102,103,104,105,106,107,108,109,110,111,112,113,114,115,116,117,118,119,120,121,122,123,124,125,126,127,128,129,130,131,132,133,134,135,136,137,138,139,140,141,142,143,144,145,146,147,148,149,150,151,152,153,154,155,156,157,158,159,160,161,162,163,164,165,166,167,168,169,170,171,172,173,174,175,176,177,178,179,180,181,182,183,184,185,186,187,188,189,190,191,192,193,194,195,196,197,198,199,200,201,202,203,204,205,206,207,208,209,210,211,212,213,214,215,216,217,218,219,220,221,222,223,224,225,226,227,228,229,230,231,232,233,234,235,236,237,238,239,240,241,242,243,244,245,246,247,248,249,250,251,252,253,254,255,256,257,258,259,260,261,262,263,264,265,266,267,268,269,270,271,272,273,274,275,276,277,278,279,280,281,282,283,284,285,286,287,288,289,290,291,292,293,294,295,296,297,298,299,300,301,302,303,304,305,306,307,308,309,310,311,312,313,314,315,316,317,318,319,320,321,322,323,324,325,326,327,328,329,330,331,332,333,334,335,336,337,338,339,340,341,342,343,344,345,346,347,348,349,350,351,352,353,354,355,356,357,358,359,360,361,362,363,364,365,366,367,368,369,370,371,372,373,374,375,376,377,378,379,380,381,382,383,384,385,386,387,388,389,390,391,392,393,394,395,396,397,398,399,400,401,402,403,404,405,406,407,408,409,410,411,412,413,414,415,416,417,418,419,420,421,422,423,424,425,426,427,428,429,430,431,432,433,434,435,436,437,438,439,440,441,442,443,444,445,446,447,448,449,450,451,452,453,454,455,456,457,458,459,460,461,462,463,464,465,466,467,468,469,470,471,472,473,474,475,476,477,478,479,480,481,482,483,484,485,486,487,488,489,490,491,492,493,494,495,496,497,498,499,500,501,502,503,504,505,506,507,508,509,510,511,512,513,514,515,516,517,518,519,520,521,522,523,524,525,526,527,528,529,530,531,532,533,534,535,536,537,538,539,540,541,542,543,544,545,546,547,548,549,550,551,552,553,554,555,556,557,558,559,560,561,562,563,564,565,566,567,568,569,570,571,572,573,574,575,576,577,578,579,580,581,582,583,584,585,586,587,588,589,590,591,592,593,594,595,596,597,598,599,600,601,602,603,604,605,606,607,608,609,610,611,612,613,614,615,616,617,618,619,620,621,622,623,624,625,626,627,628,629,630,631,632,633,634,635,636,637,638,639,640,641,642,643,644,645,646,647,648,649,650,651,652,653,654,655,656,657,658,659,660,661,662,663,664,665,666,667,668,669,670,671,672,673,674,675,676,677,678,679,680,681,682,683,684,685,686,687,688,689,690,691,692,693,694,695,696,697,698,699,700,701,702,703,704,705,706,707,708,709,710,711,712,713,714,715,716,717,718,719,720,721,722,723,724,725,726,727,728,729,730,731,732,733,734,735,736,737,738,739,740,741,742,743,744,745,746,747,748,749,750,751,752,753,754,755,756,757,758,759,760,761,762,763,764,765,766,767,768,769,770,771,772,773,774,775,776,777,778,779,780,781,782,783,784,785,786,787,788,789,790,791,792,793,794,795,796,797,798,799,800,801,802,803,804,805,806,807,808,809,810,811,812,813,814,815,816,817,818,819,820,821,822,823,824,825,826,827,828,829,830,831,832,833,834,835,836,837,838,839,840,841,842,843,844,845,846,847,848,849,850,851,852,853,854,855,856,857,858,859,860,861,862,863,864,865,866,867,868,869,870,871,872,873,874,875,876,877,878,879,880,881,882,883,884,885,886,887,888,889,890,891,892,893,894,895,896,897,898,899,900,901,902,903,904,905,906,907,908,909,910,911,912,913,914,915,916,917,918,919,920,921,922,923,924,925,926,927,928,929,930,931,932,933,934,935,936,937,938,939,940,941,942,943,944,945,946,947,948,949,950,951,952,953,954,955,956,957,958,959,960,961,962,963,964,965,966,967,968,969,970,971,972,973,974,975,976,977,978,979,980,981,982,983,984,985,986,987,988,989,990,991,992,993,994,995,996,997,998,999,1000,1001,1002,1003,1004,1005,1006,1007,1008,1009,1010,1011,1012,1013,1014,1015,1016,1017,1018,1019,1020,1021,1022,1023,1024,1025,1026,1027,1028,1029,1030,1031,1032,1033,1034,1035,1036,1037,1038,1039,1040,1041,1042,1043,1044,1045,1046,1047,1048,1049,1050,1051,1052,1053,1054,1055,1056,1057,1058,1059,1060,1061,1062,1063,1064,1065,1066,1067,1068,1069,1070,1071,1072,1073,1074,1075,1076,1077,1078,1079,1080,1081,1082,1083,1084,1085,1086,1087,1088,1089,1090,1091,1092,1093,1094,1095,1096,1097,1098,1099,1100,1101,1102,1103,1104,1105,1106,1107,1108,1109,1110,1111,1112,1113,1114,1115,1116,1117,1118,1119,1120,1121,1122,1123,1124,1125,1126,1127,1128,1129,1130,1131,1132,1133,1134,1135,1136,1137,1138,1139,1140,1141,1142,1143,1144,1145,1146,1147,1148,1149,1150,1151,1152,1153,1154,1155,1156,1157,1158,1159,1160,1161,1162,1163,1164,1165,1166,1167,1168,1169,1170,1171,1172,1173,1174,1175,1176,1177,1178,1179,1180,1181,1182,1183,1184,1185,1186,1187,1188,1189,1190,1191,1192,1193,1194,1195,1196,1197,1198,1199,1200,1201,1202,1203,1204,1205,1206,1207,1208,1209,1210,1211,1212,1213,1214,1215,1216,1217,1218,1219,1220,1221,1222,1223,1224,1225,1226,1227,1228,1229,1230,1231,1232,1233,1234,1235,1236,1237,1238,1239,1240,1241,1242,1243,1244,1245,1246,1247,1248,1249,1250,1251,1252,1253,1254,1255,1256,1257,1258,1259,1260,1261,1262,1263,1264,1265,1266,1267,1268,1269,1270,1271,1272,1273,1274,1275,1276,1277,1278,1279,1280,1281,1282,1283,1284,1285,1286,1287,1288,1289,1290,1291
10.490662,6.352894,3.086193,4.0375667,3.5157418,3.1241255,3.7913368,2.9396966,3.121855,3.3651853,2.794776,3.5271537,3.2672641,2.8070912,2.73085,2.6263907,3.345432,2.6519303,2.7108355,1.9202313,1.8844433,2.6999495,2.3511848,3.128859,3.053653,2.1309838,3.6274524,3.0032072,1.8089192,2.6669261,3.9240024,3.3249772,2.6778717,2.4497871,2.6053104,3.7099228,3.1099424,2.734245,2.6489067,3.1826324,3.0599895,2.4200568,2.758167,3.620319,2.5089076,3.0568898,3.9613562,4.0977488,4.603485,4.6169715,4.056566,3.8859768,4.172076,3.912089,4.045342,3.9521503,3.8687375,3.8083806,3.805548,3.8826969,3.6360002,3.5971391,3.3768675,3.5794883,3.6252813,3.502197,3.3495889,3.0571363,3.6677556,3.317492,3.8002393,3.6810026,3.7263453,3.4504328,3.8360996,3.7956457,3.782391,4.016096,3.022467,3.101498,3.0493047,2.9638672,3.047248,3.0274332,2.7909727,2.9372997,2.9466515,2.4718726,2.783465,2.7564597,2.6542404,2.5829887,2.983789,2.7792792,2.5688746,2.744574,3.3076117,3.4038897,3.2966113,3.0235412,3.2204018,3.0329285,2.8148904,3.1840742,2.8738835,2.4271693,2.3436222,2.5827904,2.5144305,2.663472,1.8862487,2.470175,2.0989687,1.9669018,2.0940843,2.128343,2.102009,1.8582301,2.0949314,2.1538346,1.952495,3.0208192,3.494258,3.0505073,2.9517508,3.097745,2.9597383,2.3308823,2.3376253,2.6068223,2.4297712,1.9649698,2.0668974,2.0907972,1.8090878,1.9104176,1.5802662,1.9054316,1.9835366,1.8972784,2.160682,1.5889874,2.030187,1.8449975,2.1408267,3.8145819,4.7212434,3.80155,3.0574586,2.2263203,3.1670783,3.3248515,1.921208,2.4346826,2.2444024,2.2059522,1.894158,1.961707,1.8173283,1.9629134,1.5339069,1.5736032,1.6648421,1.444294,1.3962389,1.4250109,1.4094652,1.3902825,1.4266977,1.7802808,1.6616662,1.9962661,3.1661086,2.3461869,2.048797,2.2622018,1.9990633,1.3470168,1.5438534,1.4638448,1.6340127,1.8918906,1.1485603,1.2642668,0.92916244,1.3270997,1.4417164,1.3913007,0.981983,1.7262175,1.0429926,0.59975797,1.55281,2.0503561,1.7369736,2.8679025,3.2382057,1.9882828,2.2106276,2.4647877,2.351086,2.3841455,2.2304149,2.004012,1.9065535,1.3312763,1.5845594,1.8607881,1.259213,1.1284342,1.7700942,1.8887928,1.3173943,1.3609761,1.613518,1.5567136,1.4128976,1.7534388,1.4366711,3.061016,1.6957786,2.4847507,2.208264,2.553094,2.625024,1.7362065,2.7382114,2.7371478,2.4075668,1.8647076,1.8998334,1.4272523,1.7014581,1.5662259,1.3334651,1.5376232,1.144031,1.4958007,1.1150986,1.176361,1.3158596,0.8791158,1.3992745,0.9661883,1.3755959,2.4879189,2.3397782,1.47879,1.1948706,1.7019951,1.6060462,0.95841324,1.0426273,0.93871784,0.76351875,1.0410262,0.7278259,0.49628216,0.79725736,0.53106296,0.4147119,0.54382825,0.7452644,0.63118327,0.7154468,0.770463,0.80586445,0.8041483,0.9199755,1.3896209,2.0324106,1.6213892,1.5749755,1.3695197,1.0821552,1.357845,1.5193628,1.0046668,0.6018138,1.2688329,1.1530035,1.3839997,0.82535315,0.5571077,0.536078,0.41288006,0.6211219,0.47906354,0.4820873,0.4264729,0.39764288,0.43290174,0.35757247,0.23463352,0.59291905,1.3513921,0.9173869,1.9976113,1.9323308,1.6170341,1.137719,0.89758956,1.375619,0.74176735,0.52880424,0.7976628,0.45238647,0.14524761,-0.06858122,-0.44102862,-0.19529693,-0.17287159,-0.592702,-0.07392299,-0.24510127,-0.7888123,-0.25838327,-0.051207278,-0.17915843,0.32279932,0.34803507,0.47978956,2.2175648,1.8402183,0.5163367,0.44388548,1.1933515,1.4165617,0.6336215,1.5791085,1.4957666,0.85520923,1.4779534,0.5644629,0.62965095,1.0439025,1.9220127,1.4385655,1.0857322,1.2571363,1.0886612,1.3909276,0.86586773,2.3421063,2.3382528,2.2190347,2.5018868,2.1255658,1.9274144,2.160902,1.7892383,2.1914217,2.0109885,2.690163,1.9350059,2.2256546,2.112775,2.0474017,1.8013184,1.4767787,1.9311868,2.1291568,1.6985407,2.2164965,2.18644,2.4344103,2.3589633,2.025194,2.2479472,2.347178,2.9723523,3.7727413,4.3341503,3.982624,2.7743812,3.2121053,2.939843,2.9407263,2.9713101,2.7112195,2.5344381,2.1352205,2.5547612,2.4462993,2.5763617,2.786305,2.9342537,2.9599423,2.8960853,2.6654787,2.54928,3.0226579,2.8497882,3.2427704,3.7686312,4.3298345,4.3591156,4.5953035,4.4837036,3.9271808,3.898943,3.9210048,4.0686445,3.5810983,3.8879,3.721112,3.4603407,3.4926367,3.8199296,3.6008503,3.8302703,3.57616,3.6170995,3.89253,3.694503,3.538248,3.7491632,3.7314677,3.6879256,4.303669,4.6577516,4.7792873,4.8577304,4.5334773,4.565162,4.240843,4.4689364,4.093397,4.407901,4.431393,4.193679,4.097932,3.9938035,4.11871,4.046642,4.144845,4.1787333,4.0812125,4.0958986,4.2672153,4.1378007,4.189667,4.381709,4.626939,5.095989,5.6837683,5.1805406,5.2967434,5.336466,4.906769,4.9424105,5.0300484,4.8026934,4.6141872,4.9143257,4.371113,4.5828047,4.5553284,4.2705803,4.3991547,4.450171,4.3615227,4.573614,4.3802557,4.4141684,4.2282195,4.284956,4.1991625,4.4080887,5.572919,5.775864,5.727435,5.0812273,4.7769876,4.690497,5.0504675,4.417042,4.798655,4.619045,4.3828454,4.350152,3.9336581,3.9846182,4.192706,3.8400831,3.9611018,3.9798565,3.8489351,3.67385,3.766538,3.8723457,3.6822853,3.8312821,4.415614,4.726792,5.0072455,5.047205,4.188761,4.1490417,4.1335554,4.0908823,4.4144673,4.0452347,3.8669562,3.678711,3.5911317,3.1728065,3.4520588,3.3611002,3.515546,3.2009718,3.6455371,3.7051868,3.2188125,2.8496075,3.3036933,3.2118459,2.977683,2.701867,3.7706563,3.7255785,3.90964,3.9207985,4.2575445,3.4761932,3.8532047,3.4147553,3.4077535,3.4412851,3.7382257,3.9255881,3.461889,3.6387465,3.5227487,3.383273,3.4599922,3.6960993,3.5873911,3.3997793,3.4892318,3.123879,3.6858735,4.191385,3.99155,3.9108772,4.1176577,4.181316,4.517744,3.9905438,3.940809,4.1321774,4.129156,3.868795,4.087038,4.0486217,3.8297873,3.6952548,3.989346,3.6379704,3.7097728,3.9047222,3.9495575,3.7483404,3.7114193,3.909059,3.780364,3.9772158,3.9127383,4.0995474,4.2314277,3.996496,4.478668,4.193646,3.9476583,4.22608,4.196071,4.0444517,4.0652084,3.7406085,3.7091246,3.5558736,3.755044,3.7243078,3.5437675,3.6179008,3.5184767,3.589939,3.3637137,3.5654366,3.654077,3.6317487,3.670807,3.680583,4.00392,4.6282864,4.415676,4.2572513,4.3172984,4.2390676,4.31484,4.1204147,4.343243,3.8242197,3.799333,3.4558604,3.5197897,3.8208601,3.609148,3.5695527,3.766513,3.4175932,3.9826665,3.2728686,3.1988704,3.5343432,3.2190905,3.4933197,3.5030496,3.5978746,3.6942816,3.9426339,4.2062097,4.4798465,4.495183,4.0632286,3.938593,3.9642284,3.296666,3.5130966,3.6481304,3.4482946,3.3759136,3.369055,3.1831167,3.1971607,3.1353202,3.0228856,3.259289,3.0442393,2.9692485,2.7963824,2.9580593,2.8403008,4.2386975,3.9079847,4.2228384,4.1076593,3.3155494,3.4789183,4.5111985,3.6702456,3.336874,3.4065173,3.0431948,2.7293527,2.8997822,2.721414,2.6896987,2.7393465,2.5441165,2.5593293,2.5792863,2.1575823,2.7171469,2.423131,2.2655008,2.0137024,2.1863859,2.3084555,3.2024837,3.117334,3.4587362,3.342702,3.2388778,3.121698,2.625145,2.7957618,2.678642,2.875605,2.2592602,2.146469,1.9882181,1.955691,1.7294527,1.6600966,1.5725513,2.3861928,1.2270911,1.6458751,0.995731,1.4604545,0.8748468,0.4091759,1.0490347,1.8088615,1.9312863,2.1691637,2.6264248,2.5427065,2.3568976,1.8800884,2.0956995,1.8198218,1.5204289,1.9326696,1.3563445,1.5189487,1.1325921,0.808196,1.2145184,0.9757504,0.8785466,1.6743355,0.8653312,1.2812024,1.4842641,1.2343059,0.9354008,1.0026115,1.7140867,1.9829172,2.3863919,2.072731,2.6880274,3.0868995,1.59447,2.4377391,2.797029,2.3609452,2.7857442,2.5307841,2.063826,2.2213016,2.1406944,1.856056,2.219637,2.7467465,1.8296181,2.056189,2.3414884,2.1089177,1.6964239,1.7707217,2.5225198,2.6326826,2.200947,4.9953313,3.0763006,3.0307148,3.8822122,3.5208955,2.2586715,2.4164417,3.0844588,2.2902591,2.8755183,2.309744,2.018875,2.340807,2.094926,1.9840091,1.5867497,1.7852912,1.8351057,1.6317786,1.5756243,1.6350763,1.5996809,1.719551,1.4517344,1.9410783,2.4916697,3.1072578,3.637362,3.603427,3.682558,3.3443193,2.673738,2.4302778,2.2322588,2.2620099,2.1625123,1.8468063,1.521637,1.4490515,1.3345207,1.0805476,1.5076667,1.2586427,0.8978729,0.9366662,0.5656529,1.5164337,0.7582572,1.734091,2.3103747,2.5028298,2.727628,2.1517038,2.3068004,1.7964529,2.148123,1.6528826,2.190415,1.8836482,1.7755848,1.5082389,1.2348957,0.96366155,1.0338469,0.8241191,1.0914983,0.6573829,1.3349662,0.9546521,0.55898166,0.79429996,0.82346046,0.89585954,0.64748293,0.70133185,1.3128595,1.5838355,1.6910458,1.8081278,1.7389393,1.1577661,1.3524628,0.79444575,1.195528,1.2385819,1.148413,1.0306083,0.880087,0.7212358,1.0929737,1.1908697,1.1623456,0.90380526,0.9614805,1.17281,1.2116257,1.1400983,1.4998429,2.3601665,3.1613278,3.5818038,3.059331,1.9137579,2.6525557,2.2306519,2.3636043,2.4012024,2.163282,1.9579571,2.1718736,1.4946883,1.4605314,2.0390162,1.5960839,1.3066906,1.6237658,1.9175313,1.4700105,1.4413476,1.6385972,1.401369,1.5727459,1.7759202,1.5436612,1.7676146,2.1243308,2.324558,2.3775802,2.6137738,2.3986902,1.9354075,2.2489586,2.150962,1.7854058,1.7312212,1.9165636,2.03302,1.6688566,1.3410046,1.2880597,1.0705276,1.5449352,1.3833036,1.2366254,1.1815177,1.359107,1.5574236,1.6270353,1.1469951,2.056487,2.0036032,1.902127,1.955455,2.5949767,2.5898407,2.178234,1.9429381,1.7984067,1.8512623,1.6845399,1.053654,1.3703048,1.2139971,1.5030993,1.2206341,1.5725595,1.0630665,2.2483916,1.1685203,0.6668079,1.508653,1.5419441,1.0868759,0.8417475,1.1089272,1.580088,1.7979476,1.8979473,2.5978374,1.7549108,1.8950635,1.9344562,1.884883,1.8371332,1.7116462,1.1831949,1.2579203,1.2137046,0.81390476,0.9512922,1.2744309,1.1899318,0.85595405,0.94617516,0.7118642,0.67121625,0.9643469,1.2745016,1.3792281,1.5516602,2.0152035,2.4275243,2.4076214,1.4040304,1.4986932,2.0255964,1.185173,1.2450614,1.9384557,1.2767746,1.0206871,0.44954687,0.84701073,0.7807842,0.60480696,0.712206,0.514211,0.100984044,0.75500643,0.81721216,0.3313078,0.21724519,0.13566133,1.1336048,0.1718896,0.92524356,1.279628,2.0710495,2.0456445,1.511706,1.6996231,1.2524376,0.8776525,0.82702804,0.5237276,0.70663816,0.67872846,0.19065835,0.41017845,0.009832777,0.082703725,-0.0855637,0.32244024,-0.11975632,-0.11094973,0.08299376,-0.48134285,-0.016742919,0.5102945,0.7822156,0.40220883,0.36873245,1.8168365,1.4158869,0.71287566,0.95857143,0.897144,0.8171496,0.43669716,0.70068866,0.35192207,0.2558532,0.71369535,0.39567953,0.40372297,0.22027963,0.3066088,-0.107482135,-0.2823796,-0.50687784,-0.18227261,0.4612541,0.039665617,-0.096234895,0.75030214,1.0020702,0.79418147,1.5438629,1.3390893,0.7383073,0.4098864,0.7472708,0.39182776,0.38881287,0.8399435,0.57168806,0.328217,-0.011236868,-0.0072046015,0.40984166,0.001357248,0.33208865,0.5873516,0.7991072,0.96321404,-0.18576479,0.6628764,1.4480197,2.978983,3.2338076,1.7526354,1.7075443,2.5269713,2.5085487,2.7696645,2.4464102,2.112387,1.894906,1.1193205,1.7633994,1.3532727,0.9841153,1.155786,1.2901988,1.7919049,1.5196635,1.2045501,1.2632253,0.9417319,1.1544682,1.371225,1.3016988,1.3363643,1.8771487,2.0792232,1.9907081,2.0373728,1.9496112,2.1500235,1.8399774,1.7894595,1.7008464,1.7056825,0.7515007,1.6124139,0.9570209,1.0825171,1.422539,1.009136,1.0751269,1.4567094,0.908713,1.2922132,1.0273321,1.0751725,1.5539203,1.154948,2.95252,2.754226,2.0347018,2.0056458,2.066005,1.5494941,1.6445267,1.2269236,1.0311636,1.1883376,0.7696526,0.7844894,0.8078689,0.60953915,0.6832733,0.59129554,0.37142622,0.27017874,0.6836281,0.9433309,0.67856944,0.37502262,0.9384071,1.3662214,1.5423971,1.7923223,2.1801584,1.5691223,1.1614447,1.3739169,0.97131,0.5079826,0.6984936,0.7169807,0.63067913,0.6504519,0.87298954,0.5720883,0.7105869,0.010306425,0.64291114,0.5918748,0.14321634,0.39443398,0.4292273,0.34854108,0.57558405,1.0827637,1.8717383,1.7814598,1.7822566,1.7871982,2.337898,1.6614197,1.7908298,1.6716404,1.1180615,0.8371837,0.8155635,0.7564943,0.707269,0.6988757,0.43796155,0.22192053,0.39402452,0.37000299,0.09012063,0.30287609,0.03055831,-0.00047244463,0.25509757,0.8322287,0.50814563,1.0149171,1.5463359,0.49329317,0.9036312,1.0039047,0.96196127,0.62822115,-0.14356852,0.39625943,0.36779594,0.0040978855,0.025339223,-0.08701362,0.025907423,0.24878025,0.4861678,0.017848408,-0.25412816,0.024742637,1.4575708,0.18469013,0.6452077,1.0211618,2.2786853,1.7123199,2.1935418,1.367506,0.8087676,2.3879704,2.210172,1.5052015,1.6473311,1.9221845,2.3646667,1.3537006,0.019390281,1.38794,1.5183156,1.4487431,1.5514768,1.4399887,1.6301357,1.3662649,1.2680297,1.7981957,1.6093885,1.7933135,2.1319995,2.2799697,2.241135,2.4183526,2.4026597,2.9297826,2.4875767,2.208294,2.6298995,2.1030142,3.070791,2.8223543,2.7535465,2.8943446,2.9449856,2.9497528,3.1593008,3.0246043,3.0318527,3.2101197,3.297638,3.2638214,3.1074557,3.3425665,3.444786,3.987235,4.1428127,4.2819676,4.716944,4.2993264,4.396365,4.3388877,4.2864094,4.2703233,4.03675,3.6934276,4.150018,3.8723612,3.7136579,4.143731,3.972545,4.032696,3.7020903,3.640288,4.1123214,3.7849293,3.8138506,3.7506773,3.3707,3.8858862,4.260727,4.506859,4.3429527,5.064755,4.8096333,4.003077,4.304757,4.6927023,4.566298,3.4080207,3.527052,3.459745,3.7106643,3.596524,3.6678765,3.369062,3.7213678,3.3433056,3.1735647,3.521855,3.253583,3.2566833,3.3505101,3.2612517,4.95722,5.4276295,4.3198905,5.1232457,7.354439
7.781562,8.729033,8.348831,9.906117,8.617977,9.025428,9.150808,7.1975164,8.790436,8.163115,8.213194,9.359161,8.88224,9.042569,7.6579704,7.797394,7.8366523,7.3649235,7.56681,4.905767,9.819044,15.420656,17.416843,16.571972,15.056228,15.665245,16.001472,16.226274,15.975337,16.323437,16.791538,15.699646,14.112551,13.239671,13.208189,13.183205,13.221405,13.387208,13.38139,13.208424,13.178774,12.829925,11.6036625,9.516861,6.2347097,5.4380836,14.552206,18.294601,18.5101,17.19966,16.49942,16.725548,16.658367,16.976646,17.61801,17.76661,17.085117,15.591907,14.228807,14.127377,14.831948,14.994705,14.644939,14.871049,14.889696,14.308376,13.570027,13.214388,12.392094,10.593342,9.823188,11.208378,7.2323804,-0.42060715,0.25168526,2.37615,2.075935,-0.284578,-0.590796,-0.5679837,-1.0955546,-2.6660967,-2.6710079,-1.9898155,-3.6063643,-6.865869,-12.756617,-11.494667,-11.2247925,-13.658523,-9.894271,-7.760648,-7.4601626,-9.085053,-7.2844405,-0.26755923,7.781897,7.715531,4.222667,-2.7354,-2.7630663,-4.9406233,-5.9084835,-5.3826466,-1.2775357,-2.5333972,-3.7360296,-1.2641637,-1.9377267,-4.6105504,-7.451191,-11.17401,-13.862828,-15.156378,-8.591886,-11.307161,-23.355341,-14.385643,-12.537717,-12.360597,-1.1966639,10.868004,16.612925,19.058548,20.383596,20.51381,20.064537,19.294931,18.320913,18.00751,18.035307,18.215836,18.262035,18.12711,17.856813,17.23672,16.643875,15.978679,15.497422,14.807459,13.561763,12.355738,10.263852,8.119747,4.1839757,11.089148,16.769754,18.663223,19.088135,18.809593,17.77477,16.972807,16.593796,16.092617,14.629773,12.7659855,11.459851,12.230148,12.989235,12.976507,12.791957,12.323819,11.488277,10.5226,8.4251995,5.256545,1.5401005,2.3607547,4.030631,10.278494,15.785097,16.95491,15.693468,13.68565,14.265059,15.440313,16.049145,16.157932,15.782078,15.015693,13.530735,11.763841,10.91053,12.367125,13.278465,13.199357,13.317742,13.0764475,12.479845,12.069853,11.635237,9.68799,5.541799,3.8702612,6.570248,15.0499115,18.21279,18.355179,17.248594,16.847683,17.047895,16.670086,16.548105,17.046795,16.997997,15.828402,14.080528,13.241601,13.380113,13.867826,14.163248,13.921088,13.534237,13.663103,13.41009,12.398696,10.513898,8.253628,5.6034465,8.53335,15.16918,17.94007,19.379118,20.021456,20.074589,19.660881,19.150925,18.548237,18.171282,18.032742,17.935886,18.112513,17.99017,17.64317,17.311762,16.730175,16.150349,15.583716,14.458865,12.686826,10.187454,7.4468994,6.3663526,6.741398,10.391418,13.695365,11.292993,8.0382185,5.198607,1.0566022,-0.5800186,-3.1705415,-3.0407405,-3.496674,-0.5644781,0.50147814,1.1797915,-1.5351654,-2.8815565,-7.6562443,-6.1478376,-5.6760674,-4.305021,-2.4902387,-2.4052093,-2.6552155,-3.8397431,-8.748268,-5.057161,5.125665,6.6981564,2.7372277,-3.464092,-2.5267358,-3.4257808,-3.9440856,-6.011158,-6.6032143,-6.094303,-4.5168157,-5.8159404,-6.0514617,-6.8416824,-9.970082,-14.058804,-12.310011,-13.617,-19.436844,-19.231445,-15.125988,-17.584696,-14.171819,-12.712712,-8.968725,1.0813694,7.7279644,7.2165136,3.2688785,-1.5267837,-3.1794648,-4.633678,-4.3922315,-4.499473,-4.6220574,-4.418379,-3.007511,-1.2822266,-4.975588,-8.406879,-11.072262,-10.882853,-13.587618,-18.704163,-17.475433,-16.95533,-16.227734,-12.5886965,-12.730505,-6.0765467,4.1627655,7.479462,4.6532493,-0.34970737,-4.9656706,-7.530895,-5.697152,-4.003429,-3.8049567,-3.5895724,-0.36849594,-0.64294225,-1.441833,-6.1531444,-8.279919,-11.706986,-10.92767,-6.936524,-5.158007,-7.6513166,-8.4731245,-12.657316,-13.729006,-8.970889,-9.773933,-3.8694067,6.4109488,7.5921564,3.7746336,-1.9985782,-5.40168,-7.911663,-6.290457,-5.8450513,-4.8583136,-5.4083114,-4.515089,-2.7458878,-6.8952417,-12.95842,-15.344591,-16.099182,-15.538881,-15.178839,-20.867645,-26.030396,-17.526878,-15.740953,-14.000956,-10.43198,-7.914873,6.135601,14.548298,17.465738,17.139235,15.694784,15.410368,15.705081,15.939876,16.25038,16.346125,16.023882,14.973741,13.325272,12.064513,12.361763,13.18994,13.229016,13.1129,13.306564,13.182577,12.772299,12.24186,10.958521,8.529404,5.1863327,11.483459,15.841131,16.735302,15.781397,14.815425,15.283456,15.743139,16.220629,16.70009,16.692137,15.940143,14.293603,13.024643,12.6929455,12.995659,13.471107,13.249035,13.080741,13.012676,12.579622,12.082691,11.748249,11.149998,8.716358,5.091226,4.7349825,0.22203268,0.5232517,-0.5527204,-0.9354916,-1.0641389,-0.5961651,-2.2012775,-2.7278228,-1.730755,-1.7721426,-2.0381074,-5.339684,-9.863728,-11.040979,-12.879921,-14.529079,-12.638656,-10.621329,-14.213711,-10.138768,-7.676694,-5.421531,-0.45795873,8.085249,8.717787,4.886964,-0.5876759,-1.4185646,-2.8823466,-3.6585357,-4.1175222,-3.2047286,-4.1814914,-4.627989,-2.7779288,-2.6930346,-2.620758,-4.531736,-8.217976,-9.006603,-9.232866,-9.730331,-11.832989,-10.954393,-12.413045,-10.541653,-13.17145,0.69139963,12.29951,15.967064,17.830019,19.166138,19.871494,19.82159,19.20573,18.693123,18.033878,17.382692,16.636215,15.991148,15.684759,15.557516,15.23342,15.02057,14.280485,13.1524935,11.617184,9.245287,5.8214684,1.7101394,-0.8472265,-0.72764957,6.760595,14.19469,16.968245,16.960205,16.008614,15.177966,15.515049,16.081503,16.16616,16.1101,15.917246,15.277058,13.862362,12.677652,12.671755,13.216313,13.483656,13.606435,12.945639,12.554468,12.207039,10.651104,7.453926,3.439392,0.79413784,7.0421324,12.122216,9.173039,5.551143,4.680401,1.0654204,0.7983215,0.47224027,0.20569645,4.2551208,2.8256874,0.77461237,3.429865,-0.03300598,-2.9520946,-1.1361012,-4.9663205,-3.7124326,-0.9569261,-0.99317586,-9.11762,-8.088219,-6.4870014,-7.2247195,5.779642,7.8296347,4.311584,0.5093659,-0.86451405,-3.7947023,-4.3441668,-4.0536585,-4.389991,-4.475423,-4.3996196,-2.1685858,-2.5387576,-4.2083416,-7.4011893,-11.7519245,-12.584457,-12.512187,-15.550103,-17.142466,-19.331394,-18.188366,-15.599605,-13.366465,-17.151016,1.380513,10.158293,10.943367,6.9888,4.43358,-2.4228837,-4.424186,-2.256379,-3.488684,-2.2140367,0.42201936,0.3776342,0.42232233,-1.8740386,-2.2920833,-5.0899143,-6.7994018,-6.6796756,-10.507902,-10.314138,-11.399098,-7.8850307,-11.274851,-8.219823,-7.742489,3.6239562,12.022363,11.201762,6.650353,3.6679575,-1.0796539,-2.0529592,-1.0407891,-1.3384142,0.6402837,-0.51272285,-0.8729887,0.8608774,-0.9977176,-1.0140424,-4.042935,-6.2698464,-7.0549326,-7.754792,-6.43907,-10.706476,-11.173761,-8.702706,-7.4438105,-10.217621,-5.3510814,7.9247723,13.7875805,16.16936,16.535847,15.559339,15.101462,15.664349,16.134144,16.280481,16.518948,16.412283,15.537657,13.617111,12.462688,12.370954,12.5821495,12.813764,12.885442,12.921729,12.851284,12.937836,12.267544,10.611058,7.210896,4.9071207,10.7843895,14.880899,18.147617,19.851185,20.512274,20.144636,19.243574,18.566154,17.76879,17.553684,17.13599,16.57467,16.223223,15.891876,15.519072,15.263854,14.920408,13.961325,12.78756,11.151942,9.447311,7.786159,6.4634943,4.2589445,1.4374877,8.545308,11.375556,7.129093,3.722313,2.5175967,-0.60101545,-1.5373106,0.49709582,0.31196672,0.74404585,0.78388906,-1.36225,-0.5129789,-2.4874501,-3.555069,-5.5518913,-6.027484,-2.1899147,-4.603217,-7.300584,-10.620258,-6.762231,-4.9605913,-7.7517595,-10.02388,-0.67413026,8.150681,8.47679,3.6108854,0.46270683,-1.4773608,-2.7972505,-3.6042192,-3.891361,-0.50330055,-1.47118,-2.5694692,-4.060062,-7.4121003,-9.660148,-9.892799,-11.189408,-10.034279,-7.2385163,-8.191698,-15.537524,-19.811584,-10.937076,-8.060546,-10.912932,-9.078604,2.9987237,8.050181,6.1452794,2.5132875,-1.9816747,-1.6304113,-6.2110853,-4.233362,-4.4376545,-4.8159313,-3.4180117,-3.7846122,-3.6854696,-3.583875,-5.8543615,-5.2959704,-6.268063,-9.412071,-9.979589,-8.133293,-11.895067,-15.593161,-17.810738,-17.997234,-9.626809,1.8655102,10.871631,11.626429,7.4226184,4.5663123,1.7214931,-0.9828453,-0.9360167,-0.28957966,-1.0751457,1.9685155,1.5788234,1.8319796,-0.16939002,-2.4980812,-1.9214408,-5.08885,-3.796544,-5.8611307,-4.789729,-5.369028,-6.9072027,-6.804637,-8.416239,-5.242665,-3.8690834,3.8300605,6.4866333,2.34868,-0.86854744,0.9382086,0.023142412,-0.52390385,-2.0936415,-3.5728984,-3.7330341,-2.634018,-3.1192472,-4.273539,-6.2834597,-6.8678803,-8.65794,-11.765824,-13.786348,-15.52822,-14.245706,-11.251636,-10.589434,-11.0769825,-12.754318,0.59856063,7.6729302,7.7787185,2.6968205,-2.3635736,-3.346591,-4.0908756,-5.00058,-4.4998736,-4.2532907,-4.0197678,-3.3196661,-3.1499383,-4.844732,-7.5303555,-10.225935,-12.102756,-9.328104,-11.005598,-13.442731,-11.037443,-15.408672,-7.317751,-5.507658,-7.5460644,-1.9390194,6.8458357,9.919121,6.9959855,1.1498255,-3.8825755,-4.4542985,-5.7424526,-7.6439962,-4.9852233,-2.709364,-2.0083063,-3.1068256,-4.1005445,-4.5802307,-5.7188244,-8.226803,-16.441221,-13.154058,-11.982708,-10.586155,-11.210028,-12.600502,-7.572761,-4.0516744,7.987654,15.390839,18.224977,18.111963,16.920307,16.305557,16.40408,16.74921,17.115952,17.264866,17.006527,16.127167,14.418005,13.197828,13.437405,13.93421,14.162642,14.169484,14.212748,13.89985,13.463477,13.049213,11.653929,9.600948,5.6490808,1.6191707,4.3734856,4.347295,3.346458,0.98146015,-1.2553289,-1.3153777,-1.30107,-4.688798,-5.272354,-4.5418415,-5.3670483,-5.427261,-5.8247385,-10.862516,-12.96414,-13.258151,-11.732377,-15.992325,-13.031902,-11.264033,-10.629589,-8.135254,-5.2216988,-6.178305,3.3074942,9.716381,8.848713,3.9949462,-1.0842378,-3.15936,-3.2363892,-4.201179,-4.618259,-3.2557547,-3.3238502,-2.62722,-1.8175778,-2.7277005,-5.845208,-9.798852,-12.851815,-11.67405,-9.782148,-6.211357,-9.539525,-6.5919166,-5.842972,-9.14261,-7.892659,4.3539133,11.165677,10.569292,6.587694,3.8214564,-0.18268377,-2.5938172,-1.4760828,-2.5847883,0.31166267,1.5893817,1.1395719,1.5532433,-1.5153508,-2.6784775,-5.0931783,-5.114491,-5.717142,-9.129606,-9.952281,-10.387002,-10.887476,-7.093395,-6.737854,-7.0404983,1.3895268,7.0165014,6.11155,2.4571857,-1.0416403,-2.7361927,-5.117613,-4.6987815,-7.9094167,-6.850948,-4.5944853,-4.2710176,-5.870428,-6.4411573,-6.4984837,-5.6477623,-11.8445,-13.7535095,-11.858374,-10.214372,-13.285292,-14.804416,-16.690027,-15.446341,-7.696297,6.30055,14.371935,16.618176,14.596676,11.403687,11.173659,10.719355,10.416627,9.067408,8.074501,10.757895,11.648091,9.896208,5.75282,6.0364633,8.51824,8.14787,7.1930256,5.9824505,5.446921,6.5148215,6.0095463,5.5586624,4.42934,2.0659552,0.4091015,11.073171,16.054817,16.002459,12.93829,10.217408,10.800105,10.724531,8.895134,6.0619383,8.734812,11.096021,10.867855,7.9628143,3.5511065,6.0383086,7.7236767,6.461189,5.0513287,3.9756265,4.8876376,7.207574,7.0798445,5.185099,1.4684016,5.7286043,14.516448,17.708477,17.932438,16.436775,15.840023,16.178438,16.08651,16.14333,16.594606,16.523836,15.774303,14.33275,13.092392,12.718834,13.501656,13.73953,13.636997,13.894272,13.887963,13.15699,12.170691,9.999941,6.8408995,5.2628584,14.44511,18.159794,18.865702,17.907694,17.031788,16.816462,16.479183,16.769033,17.268177,17.141722,16.342178,14.810296,13.363894,12.853638,13.861409,14.248453,14.111206,14.446835,14.424725,13.81133,13.186207,12.560484,11.277197,9.299436,6.1689672,1.8055739,-1.8424215,1.9036405,1.8616776,-0.37250984,-1.3306803,-0.95436656,-1.2509577,-1.5578973,-0.46472633,-3.7886157,-5.031253,-6.431331,-8.471202,-11.524134,-13.127612,-18.194,-18.633268,-13.294638,-9.139762,-6.5357738,-4.3739614,-2.5062954,8.220947,11.265806,7.357668,4.166185,-3.1267335,-3.1499336,-6.108026,-4.679697,-4.0288763,-0.6989651,-0.43396288,-1.3092662,-3.5328603,-6.672847,-7.4143543,-7.736854,-10.3968315,-13.80509,-10.969237,-5.934446,-5.5974445,-7.900897,-8.750543,6.355418,10.795261,6.935305,1.9130359,1.4573867,-2.3975391,-3.3433886,-1.2461143,-2.8858953,-1.5547086,-0.735778,-1.4614491,-0.4636311,-2.6544695,-2.3223915,-3.7624822,-7.3683124,-12.968303,-11.709688,-7.126308,-6.0202103,-4.5054884,-6.09824,-11.1699295,-7.136006,7.5772595,13.327413,11.861643,5.1438646,2.1019912,2.5953104,3.1597357,4.2677507,2.9567382,-0.7862788,3.0811155,4.4677343,1.9549823,-0.31728727,2.298404,-0.7278427,-5.029051,-3.322201,-2.190068,-4.283146,-5.1708746,-4.3020144,-5.0993443,-8.834077,4.486534,13.720924,16.058792,14.033414,10.002132,9.287682,8.900941,8.709866,5.915517,7.560127,10.271977,9.810465,6.3400226,2.4805703,6.894517,8.922193,6.8392305,4.5603065,3.7967577,4.2462006,6.029578,3.705924,3.3519247,3.9134738,0.5239107,6.179218,13.287422,14.692779,11.993646,8.408242,8.485088,9.010629,7.965436,6.6188297,6.666998,8.482612,8.927396,4.5165715,3.2773013,6.1612997,6.6073804,4.7589893,3.426869,3.6176207,4.53203,5.0812473,4.2396836,3.000319,4.06272,1.2335459,5.4323177,12.968813,16.677662,17.417904,16.578669,15.702618,16.114416,16.59896,16.785007,16.752117,16.510843,15.645348,13.74236,12.413231,12.501874,13.451491,13.892823,13.838131,13.870571,13.74876,13.323531,12.768966,10.621524,7.439706,9.627867,16.265629,18.710806,18.515854,17.595707,17.063377,17.18577,17.02964,16.941292,17.152216,16.923487,16.109163,14.714998,14.3188,14.757976,14.86294,14.550922,14.497852,14.580127,14.444378,14.071697,12.777287,9.857113,6.1263227,4.7044725,12.206863,18.31459,20.52932,21.083662,20.642376,19.680082,18.696234,18.039795,17.448208,16.508238,15.027702,12.869052,10.38236,9.732073,9.995598,10.104407,10.085221,9.509044,8.228045,6.7826104,4.47658,0.122318126,0.63831216,2.753168,8.579935,16.08353,18.6112,19.60075,20.284338
9.574206,8.662811,7.6073465,7.9397173,6.0052295,6.191392,5.2548194,3.2468967,5.067688,3.5029743,3.8363469,4.353478,2.9982753,4.0088644,2.0116618,2.3076344,1.7105423,2.3154714,4.11751,3.9270468,11.827389,18.477331,21.638298,21.96719,21.310701,21.701729,21.957188,21.968805,21.86522,22.093563,22.262533,21.514666,20.363798,19.587353,19.283031,19.168571,19.15137,19.182365,19.132153,19.010609,19.056286,18.63002,16.864336,13.933424,10.700502,11.082263,17.692867,22.289928,23.697292,23.23581,22.840605,22.916224,22.935333,23.057426,23.349525,23.286007,22.714954,21.682425,20.766895,20.508919,20.760494,20.7703,20.697433,20.666,20.578842,20.20571,19.62614,19.212633,18.22282,15.751766,12.816929,15.972216,13.92103,13.522824,13.568911,14.260926,13.85527,13.172418,12.804154,11.626563,11.208509,11.075132,10.813007,10.411344,9.703523,8.909754,8.736404,8.823402,8.220286,7.845145,6.7440796,6.635983,1.0821967,-4.9950113,-3.8908587,6.930251,14.308165,12.89309,11.631904,10.731247,11.60901,11.659823,11.09043,10.256108,10.640314,10.579493,10.576443,9.909326,10.344976,9.44038,9.247402,9.014158,8.613011,7.877681,7.3450193,5.530072,3.2239232,1.2644027,-2.628265,-6.2935395,1.005354,10.6514435,16.477213,19.59522,20.828838,21.045036,20.708725,19.999622,19.251577,19.01456,19.094936,19.20261,19.1748,18.881289,18.560165,18.15153,17.544926,16.859058,16.230751,15.4664135,14.414364,13.353566,12.170538,10.802055,9.563238,13.767008,18.615528,20.98839,21.77737,21.668732,21.063974,20.432196,19.937923,19.269516,18.111094,16.70793,15.813565,15.876819,16.17725,16.132557,15.860934,15.307972,14.43625,13.362366,11.79564,9.51677,7.6049385,7.9314575,10.81292,14.590884,19.219204,21.499681,21.336174,20.413855,20.715736,21.327333,21.700863,21.730806,21.402273,20.63683,19.429688,18.195107,17.690056,18.383549,18.961071,18.980434,18.98965,18.788355,18.113873,17.977272,17.124092,14.429005,10.862553,8.236069,11.381532,17.608582,21.888203,23.320766,23.25882,23.137104,23.0816,22.804832,22.703087,22.795744,22.462772,21.558903,20.379393,19.684809,19.641674,19.904215,19.891062,19.635672,19.373507,19.301043,19.11206,18.450935,16.624819,13.63719,9.171326,12.239435,15.989121,18.35196,19.733538,20.353111,20.658024,20.636446,20.333593,19.787357,19.195686,18.97408,19.037052,19.208963,19.060446,18.717243,18.367071,17.728289,17.042812,16.59715,15.7140875,14.445868,12.222763,10.129808,8.877787,6.983836,11.849566,17.7645,15.291653,12.883539,13.257608,10.246126,11.638641,10.773696,11.184652,10.048712,10.207293,9.780034,10.860973,8.162231,9.244839,6.8903775,4.794539,-0.99582493,0.7708142,0.9667665,2.3029284,2.4522977,-1.5543048,-8.104471,0.999189,10.087397,10.661515,7.8856363,4.8903584,3.3129745,1.100015,-0.66748476,-3.2499843,-3.834977,-3.1284366,-2.322331,-4.1287165,-4.326059,-5.187443,-9.063286,-13.501248,-16.143826,-17.572798,-16.4291,-14.136185,-13.691987,-13.144634,-16.318245,-9.552237,-5.734111,9.007428,12.712531,10.850784,8.486171,5.7890797,1.426542,-1.9273689,-6.06637,-9.025704,-5.4696965,-2.5071616,-1.6864859,-0.74767816,-3.1943517,-6.3630824,-10.137693,-12.320966,-13.209868,-8.199637,-7.2120423,-13.087536,-11.760372,-12.356512,-15.438204,0.5641682,11.450169,12.511968,11.422194,10.733006,11.494322,10.489159,8.810439,7.4842887,5.865848,4.6821294,5.1938057,4.0285263,2.3373823,-1.0236055,-3.236928,-5.002081,-6.3311334,-4.44746,-3.968166,-4.3914323,-7.6302047,-9.790857,-9.268798,-7.606741,-6.9343653,3.7800145,12.337324,12.5996,12.232267,12.070513,11.884283,10.632014,9.348113,7.973753,6.319387,5.4562626,4.540507,3.2891011,2.4152348,1.0266695,-1.1555333,-2.242141,-3.2713437,-6.222948,-7.3450336,-7.6179466,-8.204015,-9.4166565,-9.829824,-6.024306,-2.6596336,8.62749,16.703917,21.29116,22.406332,21.947763,21.641071,21.819551,21.874819,22.03326,22.001322,21.62055,20.570412,19.377563,18.606182,18.63956,19.020426,19.021112,19.064064,19.077393,18.990002,18.739872,17.67532,15.508741,13.022617,9.650567,14.060347,19.97212,21.886135,21.691319,21.301178,21.537878,21.832302,22.141607,22.366558,22.134842,21.509106,20.392204,19.446564,19.0746,19.134762,19.184654,19.091084,18.922962,18.789375,18.544788,18.18739,17.869492,16.29192,12.99369,10.22786,10.266939,8.55393,9.9113455,10.810179,10.901869,10.43396,9.472037,8.985853,8.4878645,8.647967,8.62813,9.170677,7.8083706,7.019501,8.118177,7.684069,6.6491246,6.2141776,4.976956,4.9253535,2.1295426,-2.9814792,-1.6065235,7.0259247,14.101192,12.426403,10.616345,9.884902,10.798641,10.741856,9.945309,9.794686,9.712269,9.42156,9.163676,9.161505,9.249521,9.526332,8.516109,8.415213,7.546225,7.2577953,6.8461885,6.140953,5.771172,2.596474,-1.6875063,-4.7794933,2.8766851,11.565676,15.286241,17.93873,19.479202,20.285585,20.301216,19.899694,19.303858,18.781578,18.241125,17.341324,16.881773,16.50367,16.414343,16.12992,15.420923,14.784075,13.681445,11.79758,9.845321,6.898186,4.1970797,3.6928554,2.788999,7.7490644,16.070362,20.51831,21.912573,21.838634,21.488028,21.607616,21.805983,21.83633,21.691702,21.520191,20.932854,19.943354,19.176247,19.025404,19.174877,19.328009,19.158466,18.649014,18.413645,18.046833,15.921103,12.056784,8.676709,8.298387,14.360409,18.782507,16.765522,13.661438,14.986114,13.590211,12.964886,12.185797,12.396488,14.024946,11.642057,9.637209,12.569075,11.110586,9.623708,10.156607,8.924509,9.427631,9.740834,5.7649064,-4.000775,-3.76626,-1.4286423,-1.076874,11.636349,12.776211,10.153255,8.165161,9.759529,10.049717,9.272666,8.029322,8.068693,8.758913,8.467902,8.354281,8.490108,8.7072525,8.111079,7.154222,6.9776163,7.27741,7.3765655,6.653391,5.795351,3.9900615,0.21065304,-5.1470513,-5.749802,6.7675357,16.352873,17.088335,13.567097,14.74268,11.9971895,11.214575,11.94983,11.582701,10.884334,11.439389,8.946091,10.81853,8.79028,9.407005,8.19923,7.345852,6.800886,5.692891,5.661023,4.123848,3.994183,0.5318417,-3.249538,-3.6790216,10.630558,18.409706,17.68708,14.411258,15.076683,12.54216,12.566861,12.982313,12.173891,12.009922,11.680714,10.085342,11.570033,9.6871605,11.000652,9.642247,9.492295,8.822935,6.8632007,7.262287,6.0625696,4.343444,3.810616,1.7395363,-5.538951,-3.980231,8.827414,15.815714,20.078554,21.625883,21.454071,21.34429,21.698627,21.964968,22.148344,22.148193,21.832693,21.04247,19.850773,18.96175,18.699507,18.591553,18.520817,18.640156,18.693398,18.757832,18.733294,18.231443,16.73003,12.710375,6.4676437,7.6143875,13.904594,18.827309,20.476456,21.418957,20.870815,19.887642,19.227139,18.5417,18.599096,18.190279,17.556665,17.058907,16.55226,16.304827,15.999516,15.67948,14.617121,13.3076515,11.700521,10.187565,8.523117,6.3095284,5.809188,5.049719,13.738066,18.296284,15.080278,14.055938,14.712849,13.309275,13.512459,14.0368805,13.062634,13.162227,12.668346,11.224833,12.182521,10.272435,10.756558,9.912306,9.023141,8.416871,6.8144374,6.088068,3.629561,2.3304484,-1.0787272,-7.0862474,-10.221614,6.769534,14.877882,13.1913805,11.019772,10.054426,11.05932,10.685682,9.975822,9.527248,9.307129,8.477264,8.759801,8.427547,8.264162,8.557996,8.104784,7.6914167,8.369331,7.079108,5.2519045,6.027842,4.7061253,0.6015961,-3.806217,-6.872614,-1.9467705,10.846117,12.859054,12.655844,12.065879,11.795497,11.5399885,10.5226555,9.333263,8.292092,7.315953,6.182618,5.044866,3.9084535,2.6688037,0.7967553,-1.5158129,1.3658991,-1.9932177,-3.588306,-2.805386,-3.548834,-6.843226,-8.7564335,-7.807144,-7.303798,8.86341,17.650398,18.154934,14.476076,16.082956,14.879848,13.98991,14.252443,14.344288,13.021669,14.011215,12.455955,13.284147,13.004217,11.814417,11.8246,10.794697,11.66377,10.717992,10.542223,10.114471,9.062208,8.021373,4.6947055,-0.93374467,-0.24749242,9.154772,9.625081,8.645133,5.9762087,3.2656355,-0.11251786,-8.021345,-8.425132,-4.193314,-4.7554026,-3.3793783,-2.510464,-4.5523124,-7.536638,-7.332984,-10.388102,-16.34665,-14.14967,-11.106436,-12.740183,-12.074896,-8.321651,-10.7794075,-9.225635,8.415643,12.671137,11.348717,7.922449,6.386125,3.269392,-0.6518636,-4.303829,-5.536586,-4.8572235,-2.8039842,-1.1084697,-2.0717518,-3.8888702,-6.188288,-9.171697,-13.627697,-11.602798,-7.987294,-9.720226,-12.711607,-13.104952,-4.5726786,-3.25196,-3.5663536,1.7271922,13.162748,14.407326,13.523428,12.89165,12.823181,12.033034,10.955851,9.946565,8.283526,7.0454407,5.870058,4.3165774,2.3761299,0.4446286,-2.3344672,-6.4281187,-8.174088,-7.114787,-6.4845552,-6.2450385,-6.862393,-8.660428,-3.9708135,1.117733,10.302927,17.89461,22.418974,23.483494,23.078468,22.607489,22.621113,22.733164,22.92376,22.951836,22.596722,21.775257,20.597925,19.785387,19.696886,19.883598,19.98283,20.005466,19.987123,19.714863,19.340288,18.853815,17.376629,15.05506,13.652884,11.527195,10.663795,10.499485,11.145621,11.584054,10.19781,9.969793,8.780099,9.130575,8.427538,8.708063,8.049786,7.865761,7.6329393,6.526646,6.472498,6.6096497,6.007468,5.621374,5.533639,5.1948843,4.08101,-0.44598842,-6.609462,-7.5758686,9.743887,15.9663315,13.446873,11.552738,11.659054,12.14781,12.07789,10.928331,10.446411,10.726348,10.56828,10.40239,9.893102,9.912595,9.626323,9.244812,8.689505,8.840271,9.205423,7.668991,6.1634903,2.5868802,-2.3647888,-6.0656934,-4.024945,10.409556,18.047602,16.718313,13.830151,15.776013,13.156781,13.033599,13.845158,12.478299,12.428211,12.87458,11.417209,12.244373,9.661673,10.871338,9.705164,9.142752,7.448492,6.5480795,6.1146264,5.3908634,4.5615077,4.731769,0.78844786,-4.036823,7.4538984,11.040136,9.696083,7.546525,2.9934857,-2.907822,-5.6678557,-4.05579,-4.5559673,-6.3696933,-3.735116,-2.305883,-3.5156548,-4.3791757,-4.593253,-7.368003,-14.37893,-15.523468,-11.061918,-11.36353,-8.727751,-13.390114,-21.079323,-13.897778,-7.6165304,7.1654854,17.410362,21.668015,21.762924,20.486061,19.909922,19.67437,19.098621,18.197659,17.88021,18.967772,19.34757,17.910069,15.551189,15.268019,16.420933,16.398127,15.725157,14.867405,14.52963,14.853673,14.376989,13.282071,10.6465435,7.9771876,6.8329344,14.321333,20.545511,22.249174,21.055588,19.50666,19.327576,18.9037,17.64223,16.294436,17.311754,18.719027,18.410904,16.226418,13.787023,14.40712,15.2730255,14.847842,13.804737,13.083622,13.182814,13.626282,12.883872,10.084797,7.008113,9.415194,17.082024,21.476164,22.831799,22.50532,22.270386,22.264215,22.138231,22.041742,22.176722,21.994423,21.33911,20.440199,19.60281,19.204727,19.438824,19.470953,19.438158,19.62415,19.465658,18.943094,17.563618,14.853601,11.457575,11.478083,17.538841,22.197723,23.826733,23.744421,23.206282,22.945242,22.744322,22.89181,23.042517,22.757866,21.985418,20.848286,19.852861,19.425585,19.789051,20.069313,20.020172,20.143564,20.107515,19.694168,19.193459,18.381134,16.559889,13.62299,11.369118,10.151512,10.516595,11.337667,12.828046,12.310166,11.677753,11.26136,11.096163,10.49408,10.452774,9.80965,9.676965,9.488953,9.00457,9.20836,8.787786,8.146306,7.7725735,7.989778,6.999131,3.668829,0.563709,0.88162214,15.139051,17.68534,14.267672,13.452734,9.744493,8.698013,5.3224945,5.6245375,5.1557775,6.871533,5.1962605,6.0530066,4.2706413,4.557648,2.5513525,1.5401216,1.6492262,1.0729942,-1.1690997,-2.011132,-0.36429268,-3.366066,-5.3105707,12.111789,17.684172,15.33148,13.070623,13.928241,12.832975,12.70801,13.350898,12.0859375,12.675219,12.7164135,10.976018,11.703795,9.81398,11.543604,10.884977,7.1068473,2.3020384,-2.075637,-4.5303164,1.0848979,1.8995194,-1.1253538,-3.0963683,-1.1762954,11.713523,18.120731,18.7281,14.861469,13.064795,13.374659,13.731939,14.02783,12.471912,9.849902,12.198501,13.147827,10.167212,7.974198,10.358724,8.288532,6.5668364,8.254234,8.485235,7.6400957,5.8954134,1.4944364,-4.472605,-5.5236773,6.052189,16.436821,21.10446,21.345802,19.618574,18.750502,18.203568,17.419989,16.130081,16.667345,18.11541,17.805922,15.525431,13.654581,15.258417,16.414553,15.389514,13.960974,13.440608,13.517404,13.54439,12.265753,10.584359,7.952996,5.238248,10.707474,17.773531,20.377188,19.809963,18.137997,17.743198,17.73294,17.088734,16.330147,15.955238,16.77153,16.578693,14.354137,13.496784,14.539568,14.82524,13.855236,12.9702835,13.097307,13.36285,13.222794,12.539863,10.928594,8.702427,5.056926,4.783037,14.087773,20.188522,22.441633,22.532509,22.250114,22.393549,22.493881,22.504042,22.399513,21.985233,21.176394,20.001204,19.091208,18.886723,19.321321,19.634178,19.638023,19.726685,19.50245,19.204805,18.081202,15.382644,12.359228,14.303289,19.561098,22.986261,23.8283,23.632421,23.38766,23.292206,23.16703,23.088934,22.9162,22.47473,21.806412,21.084179,20.871946,20.965,20.787003,20.476702,20.357008,20.367805,20.36018,19.987137,18.746874,15.160011,9.879311,10.64362,14.835293,19.476833,22.482073,23.28548,23.20431,22.401878,21.645887,21.011618,20.532286,19.55025,18.23356,16.448572,14.5165205,13.583427,13.242545,13.043734,12.766735,12.128495,10.651237,9.029489,7.9772167,6.464386,6.118018,8.371262,9.526061,16.627373,20.502136,22.266384,22.119417
15.569377,16.047861,17.531132,18.30803,17.100418,14.103221,10.554739,9.486916,10.712099,11.940935,11.277082,9.387783,7.4812818,6.561437,6.58452,6.429077,6.183709,7.046525,11.105434,14.183054,15.762449,14.737192,13.068205,12.1173115,9.610508,8.462393,7.7556653,7.2679214,6.956647,7.109716,7.475944,7.0625267,6.3788943,5.6233597,4.9666243,4.5858893,4.5265284,4.3518696,4.26145,3.894715,4.524194,4.9374447,3.7468371,1.2267504,-3.0442715,8.687653,13.5860615,14.100709,13.202009,11.662311,10.057753,9.262269,8.987583,8.650686,8.651095,8.101709,7.835208,7.268094,6.952134,6.422238,6.411186,5.87838,6.220073,5.7727723,5.690881,5.7485843,5.0405664,5.008259,4.684085,2.1974988,11.619225,17.319706,16.669638,16.170275,18.268932,17.801353,17.555038,17.234236,16.111832,15.373343,15.133682,14.763685,14.316406,14.108491,13.57233,12.938813,12.7103615,12.6243105,12.423545,11.967135,10.430184,9.881376,8.232253,5.2033033,1.3896592,7.1330843,14.833347,15.274962,13.278857,14.835166,15.722326,16.026175,15.23955,13.713205,14.727016,14.568683,13.566027,13.63905,13.716387,13.037058,13.305693,13.114132,12.356035,11.908659,11.287265,10.462065,8.698518,5.3982873,0.35968706,-3.3433914,4.5047503,14.012995,16.048763,14.309821,12.491034,6.206004,2.7768157,-3.3178034,-1.6708248,-4.457898,-3.578288,-4.673762,-4.0398474,-8.125978,-4.288337,-8.652139,-7.3778863,-8.269443,-9.67805,-8.896576,-12.2141695,-11.371493,-4.8812466,-0.78357935,7.0383806,12.677239,11.551896,7.912365,3.8306704,0.3149733,-0.3939798,-0.21315731,-1.0607492,-1.5611279,-2.0791888,-2.6537335,-3.2038584,-4.348689,-5.01306,-5.69477,-5.07014,-5.060737,-6.713396,-7.083159,-7.234334,-7.263203,-6.068589,-2.386043,3.6108618,10.963911,13.050919,11.664916,10.219683,9.545763,8.862837,8.063675,7.3514724,6.6958427,6.3958793,5.701215,4.8100986,4.3438807,3.927053,4.2630615,4.2730074,3.972418,4.0437536,4.635355,2.3387496,3.7147899,3.027755,0.421434,0.10604636,-1.2799691,7.8348246,14.014553,14.267727,13.342305,12.366968,11.131907,9.946754,9.334378,8.85866,8.440312,7.408143,6.875782,6.2014146,5.776314,5.390201,5.7208805,5.0410705,4.671647,4.332176,4.0928717,4.2461624,4.8413296,3.2054362,0.23322263,-1.583216,11.760048,16.819195,15.6045265,13.1639595,10.200786,5.8056903,1.602837,-0.23682675,-2.237496,-4.040089,-5.0436378,-7.153688,-8.214922,-4.5232754,-7.7421756,-7.5355096,-8.9046545,-8.648785,-8.214513,-5.6108193,-2.0984068,-0.581256,0.78920037,2.275926,1.8269099,10.302248,11.504007,11.224783,9.534104,10.872369,9.256733,9.546271,8.753416,9.360533,9.03263,8.420441,8.216811,7.9435263,6.993859,6.823337,6.1152353,3.0654178,-4.4248066,-1.8040435,-3.1759982,-6.8576355,-2.5029895,-3.139493,-3.3811643,6.4272184,18.399633,23.581827,25.3424,25.141056,23.195152,19.251701,13.602961,9.87373,12.043691,12.975433,11.85984,8.572646,4.038636,-2.4756796,-3.2361033,-2.3400862,-2.9580545,-4.4285226,-1.6629736,1.7642654,3.5726616,4.249823,2.6421382,2.2900205,2.2651634,12.377063,21.350765,25.1777,26.498276,25.70899,22.963959,18.926088,15.542235,15.1851845,15.113607,14.513527,12.464409,9.7419815,6.6052127,2.8989367,-1.0059973,-3.8430953,-6.7356844,1.4447842,4.961086,4.883725,4.406858,2.797282,-0.14666744,2.3143003,16.359879,21.881672,24.28307,25.362793,25.49299,24.035456,21.623995,19.478485,17.818811,16.70837,16.000763,14.887926,13.130322,10.804041,9.050464,7.2754307,6.336523,5.9137287,3.7452173,3.0078778,3.7151554,2.5316048,-0.1595909,-4.0794497,-4.167834,9.708129,19.72204,23.963356,25.894472,26.44451,25.850313,24.176886,22.349102,20.795717,19.24584,18.011753,16.773586,15.37429,14.239147,12.854345,11.223025,9.807397,8.287399,6.4626646,5.2192917,4.2955313,2.9624782,-0.02120414,-4.0072308,0.7752962,1.4084408,9.544181,12.779683,13.150188,11.785717,9.745038,8.201836,8.008535,7.3243637,7.6374083,6.9641905,6.7516065,5.33916,4.7905912,4.574197,4.3537474,4.5344057,3.8989897,4.4031153,4.162279,4.235334,4.913912,4.175592,1.5814872,0.3278886,8.416285,12.113828,11.641331,10.900502,10.027874,9.329714,8.788476,7.7501965,7.4788313,7.502537,6.633936,6.68387,6.130628,5.551619,4.9594836,4.886954,4.112932,4.2293577,3.9986637,3.7872684,4.228848,4.0467534,4.441731,2.4449017,3.1159391,12.489574,15.120744,12.501781,13.982416,15.60254,14.437668,14.312616,13.078659,12.540924,12.469463,12.141795,11.9716,12.490602,11.807226,11.155745,11.73881,11.700424,10.914881,9.892332,9.091211,9.446504,7.3382306,4.2175746,4.616551,5.219948,13.146201,13.809733,11.511812,14.109369,14.928005,14.844189,13.757306,13.339416,13.764815,13.620068,13.262493,12.466557,13.275631,13.120967,11.994773,12.174357,11.432827,10.962511,10.87307,10.669045,10.410833,7.4000874,3.925128,2.6004863,9.46733,14.957356,15.25119,11.827646,8.622921,3.2997594,-0.23582143,-2.5020802,-4.878612,-4.3086724,-8.276177,-6.7435746,-2.3380907,-7.061141,-8.573171,-5.460002,-10.3071,-8.059555,-9.577057,-8.980202,-10.721002,-8.763571,-6.689911,-2.3611262,-1.4301825,7.383244,11.363867,12.698719,11.74765,10.210487,8.710006,7.795636,7.1011705,7.0989933,6.467203,6.5820465,6.008177,5.5315514,5.2096643,4.9943724,4.5565205,4.6471934,4.004427,3.4738383,3.7321086,4.683476,2.7183352,-0.7159927,-3.0135071,4.6941957,10.809354,13.3865595,12.128984,10.050068,9.761993,9.350511,8.150243,7.643899,8.065102,7.8702536,6.442914,6.01647,6.1738896,5.8824024,5.1946187,5.028075,4.226741,4.5253773,4.245406,-0.9890157,-12.107449,-13.957587,-8.87337,-1.4263488,12.729163,14.661806,10.99166,12.147985,13.916427,14.015965,13.696004,12.071361,12.165916,12.578917,12.222839,12.24229,12.163345,12.456107,11.79818,11.221334,11.075068,11.632501,11.579191,10.529318,10.082035,10.5448265,9.905646,6.7961926,2.9092262,6.9052544,11.720341,13.987455,12.743329,12.435781,10.333082,10.403492,10.034855,9.765869,9.715167,8.806042,7.5393496,7.715202,7.6590896,6.922968,6.285693,5.586688,4.8643074,4.267371,3.603775,2.8944445,1.7259842,-1.4325815,-3.1077826,-3.718115,7.726422,13.035995,14.460432,13.071089,12.256675,11.337261,11.231703,11.181839,10.826141,10.136533,9.36478,8.922626,8.675965,8.587538,8.345328,8.086828,7.3961167,7.0745344,5.7054195,5.2231035,4.6688476,3.6770723,2.354247,0.047359113,-3.1063964,-5.1336527,7.110609,12.087072,12.821756,10.631522,8.942553,8.233833,7.801585,7.2747726,7.4838357,7.1208234,6.4446526,5.9348717,5.6230593,5.03601,4.7624273,4.168797,3.2295086,3.5965075,3.6726453,4.011149,4.1190295,4.1132917,4.350251,1.0534179,7.160219,14.954325,15.468063,10.6065445,6.724091,2.0539458,-1.8928492,-2.6285017,-3.5869856,-4.76934,-7.444926,-4.3913116,-4.375961,-8.979256,-6.172844,-8.398754,-10.060438,-8.381893,-10.11168,-10.066141,-15.6945505,-13.459226,-12.296692,-12.184307,-8.995542,2.14789,11.342136,13.495544,13.254,11.854803,12.058371,11.441147,11.63719,11.443062,11.295332,10.809942,10.127172,9.395863,9.253434,8.670119,8.262179,7.6966214,6.950302,5.367658,4.494328,3.2679935,1.389531,-1.4398377,-4.688063,-4.4916863,-2.995369,6.875905,16.164818,15.215331,11.488705,14.193339,14.834928,15.054698,14.591857,12.970395,13.299036,12.466648,11.92256,12.486095,12.55237,12.300846,11.964832,12.235814,12.159461,10.613134,9.443876,9.9748125,10.465164,9.864658,6.822493,3.0055475,0.5873815,14.37626,21.664038,25.412338,26.459507,25.986385,24.700668,23.05877,21.943481,21.28416,20.435093,19.164274,17.715046,16.123608,14.402836,12.36292,9.599602,8.300151,6.7132797,5.972715,5.534273,4.3682384,2.642362,1.8208439,2.1996512,2.3682134,9.502326,13.578697,14.050398,13.230334,13.241428,12.268434,12.391424,12.074809,12.202239,11.353355,10.9118185,10.675192,10.584058,10.868264,10.039944,9.19954,9.05519,9.026842,8.471945,8.311134,7.7015023,6.5807796,6.111262,2.425304,-4.003531,5.5455437,17.140808,22.989906,25.880613,26.004503,23.932266,19.973303,15.627732,14.626991,15.326065,14.998968,13.150954,9.961956,5.768198,2.2324438,2.814322,2.7854986,1.567528,1.4261391,1.1477218,-0.1215225,-1.120738,-1.8780789,-1.010263,0.8729425,13.6388855,22.36795,26.368227,27.643448,27.009027,24.217983,19.420685,14.941531,16.026178,17.170586,16.671059,14.11602,9.794601,4.8837466,4.059432,4.6307335,2.9739294,0.7109267,-3.7727726,-6.7364144,-8.290344,-11.931492,-5.885585,-2.3616745,-5.569632,4.470065,18.117132,24.101006,26.936056,27.801802,27.298897,25.632305,23.723515,22.731903,21.938602,20.662058,18.71515,16.288475,13.5643015,10.44175,6.1470327,1.4590487,2.1158009,3.9756916,5.291874,5.348279,3.521112,-0.83721995,1.4524453,4.088194,12.524886,14.847279,14.698983,13.224896,11.206232,9.619155,9.00021,8.310576,8.415423,8.141459,7.458006,6.8447976,6.249709,5.9727774,5.579023,5.3379874,5.1410065,5.136464,5.1333995,4.891198,4.5986085,4.725843,3.2345324,-0.2607823,11.588792,16.151335,13.327614,12.338814,14.722203,14.477921,14.035073,13.448939,12.186569,12.815017,12.729564,12.257346,11.751966,11.905764,11.551853,10.637461,10.663177,10.564152,10.11181,10.086397,9.419552,8.918211,9.054407,6.6555333,3.133693,-1.0497721,10.566939,16.121439,14.293152,13.536228,15.62827,16.427954,16.509865,15.348396,14.070798,14.558323,14.590525,14.098172,13.367569,13.485364,13.658173,13.032679,12.979469,12.597896,12.567438,11.897069,11.395031,10.523807,7.9231257,3.6607895,0.7751351,8.486832,12.637541,13.796572,11.83488,13.687564,11.914052,11.605802,11.7444,10.955676,10.50359,10.864381,10.280298,9.304935,8.4646635,8.393634,8.320654,6.863284,6.097191,4.7706943,4.1611433,4.127416,3.4300666,2.758288,-4.1210628,1.588937,12.949233,20.636652,24.19365,25.184729,23.328571,19.46691,18.410275,19.048357,16.922459,12.326338,10.368874,12.740864,13.063002,11.461174,9.059552,6.1819196,3.607183,1.8276252,1.1104529,0.66247773,2.7066746,2.2799804,0.066603795,-1.2579132,-1.8026321,7.9235163,13.959101,14.536109,13.618296,13.053438,11.28806,10.694967,9.734212,9.253916,8.880518,8.669391,8.696194,7.5152626,6.565972,5.837207,5.8866305,5.8399587,5.39454,4.941505,4.5513067,4.7637997,3.7974005,3.2710028,-0.5653799,1.8054903,8.531152,13.406334,14.692581,14.059974,13.151316,11.755074,10.356521,9.193565,8.781829,7.8854704,7.828505,8.089809,7.6186304,6.243465,5.189755,4.6802387,4.29704,4.6227016,3.6669397,3.1916964,2.5500438,0.68353295,0.37412453,0.27797118,2.8130064,8.995563,12.90431,11.666308,10.870561,10.174107,9.451106,8.489892,8.037694,7.261898,7.2502303,6.6538377,6.1672983,6.142578,5.8707943,5.106243,4.999493,4.470249,4.209988,4.763359,4.2725515,4.6074452,4.461032,1.2962384,-0.58133495,8.153819,13.111704,13.299422,12.598744,11.6025505,9.926125,9.440764,8.788632,8.764642,8.556978,7.885061,7.0776577,6.3548384,5.976595,5.3868093,5.3816943,5.5115275,5.254773,5.3393035,5.3157706,4.896018,4.7529597,4.5188007,2.0854166,9.137619,14.693052,13.748133,13.525812,15.303384,16.47766,16.45728,15.019797,14.476682,15.192474,14.455752,13.661723,13.290241,13.741733,13.284744,12.893736,13.311376,13.203325,12.322208,11.586428,11.854561,12.465253,11.898866,8.69687,10.477017,16.03903,15.874506,14.793934,13.670341,11.731521,9.60531,7.05764,7.216101,6.2153826,5.972545,5.1860375,4.868007,5.0923166,4.681974,3.5439005,2.0471146,2.0152621,2.8744717,0.91498494,-1.8063313,2.1503563,2.9124832,1.6727197,10.370953,12.13846,12.432503,10.666893,11.510444,11.359888,11.413628,10.973035,10.527583,10.180944,10.339336,9.537858,9.110534,8.451868,9.146265,8.387512,4.264069,1.2086287,-3.3867807,-10.504749,-6.212151,-5.131976,-5.0333138,-2.09299,2.4009511,10.800735,13.903159,12.768956,10.814,9.174393,7.535881,7.1565285,7.563663,6.4110637,5.6438065,5.5543823,5.0227156,4.0436835,3.16458,2.748075,2.2398374,2.5080645,3.0615318,1.6818565,3.1436105,1.9065285,-1.6660254,-5.9217997,-5.011143,6.0459356,11.91135,13.367308,13.702728,12.299734,10.889185,9.513094,8.361122,7.8384676,7.5212793,7.700134,7.6594343,6.7616944,5.816789,5.475608,5.855955,5.384677,4.4083843,4.262699,4.0135055,3.004284,3.0427763,0.9060302,1.1430976,5.5610757,10.997551,13.743315,13.596133,12.590977,11.205946,9.636506,8.719405,8.227522,8.041132,6.542556,6.7770295,6.56472,6.0124497,5.0610714,4.5933084,4.707513,4.308525,3.5333538,3.93154,3.5168936,2.4861007,2.6223567,1.5573354,-2.1794858,-6.0616875,6.053851,11.225109,12.072672,12.064955,10.9526825,9.569314,8.847228,7.8613853,7.558782,7.552785,6.6989822,6.120624,5.722212,5.47268,4.6765184,4.669636,4.8537254,4.718808,5.56184,4.5041986,5.026416,4.052831,3.479114,3.988275,9.959951,12.131391,12.004981,12.155458,11.7038,10.803665,9.931863,9.229303,9.138664,8.27098,7.2091875,6.897061,7.0207543,7.2478685,7.077039,6.241174,5.5775256,5.4031177,5.3696632,5.896993,5.702732,5.867567,3.3384027,-2.9586744,1.263422,11.235443,12.619022,8.267645,3.4136953,1.2754662,2.482222,2.4802537,1.6401529,-0.1058487,-1.9834628,-2.670562,-3.0492857,-4.660404,-5.9212103,-7.5189734,-7.7945046,-9.800636,-10.032927,-12.302151,-15.85066,-5.3718657,0.38133454,2.354023,5.4446626,12.328139,11.9059515,5.6940994,4.076862,10.443058
5.424473,7.819013,11.833927,13.572657,12.382305,8.902038,3.8302894,2.268683,5.6309443,7.2094913,6.459944,4.385799,1.225637,1.3351847,1.7052691,0.9226995,1.1245633,3.0152771,9.539408,13.561064,15.427041,12.68668,9.957548,8.146163,5.6300826,3.6560612,3.735588,3.6526103,2.6624765,3.295114,3.3201778,4.0150175,3.2904623,3.0036063,2.8881197,2.7069788,3.0475717,2.0765338,1.4093732,2.2830067,2.4094708,2.067952,2.4421878,-2.7421405,-3.2180867,8.849953,11.339695,11.844191,9.82052,7.6036634,5.7341843,4.792121,5.066076,4.816722,4.5366616,4.582473,4.7841926,4.423217,3.9168003,3.816238,3.53834,3.0564294,3.044741,2.1643562,1.8113898,2.053389,0.7388545,0.93151844,-0.14824665,-2.8288996,1.5486848,7.075001,6.599235,4.4861307,7.26851,4.6878858,4.438589,4.2511377,1.9410753,1.4408166,1.6999085,0.9310117,-0.0855439,0.57802117,0.04932668,-0.911018,-1.0881582,-1.3156408,-0.9322506,-0.5820107,-3.6609063,-2.0280309,1.7317386,0.45881528,-1.4018201,1.2587143,4.6475916,4.762472,0.78132004,2.8765893,2.6757348,3.6299193,2.5390072,-0.9418907,2.0670123,1.4103293,-1.1450566,0.28605944,0.27463514,-1.4671631,0.052789655,-0.110425815,-1.9295198,-1.8247533,-2.2668016,-1.445979,-2.252112,-6.2423635,-9.956812,-7.3823886,3.7602968,15.429521,16.984415,13.180895,14.830971,10.85635,10.860802,10.564432,9.91767,8.979973,8.8611965,8.440762,7.7537956,6.514575,6.4623237,5.3150454,4.594042,4.334584,4.10626,3.0754938,0.6807738,-1.1304833,-2.7054114,1.5452981,6.445636,12.52448,11.338419,10.6788435,8.472722,8.541952,8.305188,7.395372,6.627637,6.442495,6.9784684,6.5229216,5.5514402,4.4836717,4.5594387,5.3353624,5.441336,3.7242117,2.6927187,2.7109683,1.4863133,-0.8690768,-5.1159935,-1.4414763,3.673348,10.820694,10.663647,9.085497,6.1573052,6.3718967,6.4206104,6.061606,5.1236715,4.202809,3.7126687,4.313021,4.08156,3.5288336,2.8603058,3.1640086,3.6008313,2.412426,1.6335088,0.9108517,0.95020086,1.9459219,1.3931572,-4.1385794,-0.13458806,1.0722032,9.95237,12.843237,11.33856,9.71713,8.282034,7.537881,6.3635616,6.358263,5.403064,4.6994514,3.8284569,4.0520544,3.7598202,3.3746397,3.180481,3.183425,2.1872494,2.0795646,1.5695336,0.9822308,0.62029254,-2.075675,-3.5735884,-2.7053032,1.0611738,11.837205,17.588938,14.85868,13.203609,11.718707,9.269499,9.612916,8.956068,8.051604,7.956791,7.9128494,6.903434,5.7263303,5.9847264,4.951988,5.1227713,4.805598,3.9847784,3.444351,3.100952,0.5136214,0.06584917,0.5989232,-0.7790637,0.9071848,4.48623,6.419443,4.6482453,2.6670346,-0.5272096,-3.8391516,-8.236883,-14.2139,-9.120791,-7.0700474,-9.962595,-7.305702,-9.288266,-15.72289,-15.373774,-12.8317175,-9.30322,-9.702908,-10.172081,-10.188571,-12.813954,-7.7598763,-5.3511944,-7.034294,4.1246004,16.566605,21.529255,23.689014,23.86448,22.10637,19.042152,14.840712,12.026552,12.515302,12.625915,11.041035,8.055241,3.542099,-1.4291697,-2.9410622,-2.4814532,-3.5726035,-3.2981837,-1.6830745,0.7776381,1.7127767,2.9439578,1.3907397,1.805219,3.1015584,10.145868,19.137651,23.393627,25.050049,24.51151,22.347363,19.542692,17.090431,16.060051,15.2705345,13.942793,11.692478,9.024828,5.8287954,2.448794,-0.6076853,-2.9933686,-4.7925525,0.018930508,3.8928738,3.4335809,2.8360333,1.5274482,-1.5072591,1.9212661,12.583891,17.668104,20.361383,21.38874,21.328007,19.447668,16.407356,13.834123,12.299244,11.507036,11.312179,10.006989,7.7827926,5.626851,3.9232352,1.7070282,1.1529495,1.2989595,-1.8576593,-3.2410572,-0.0057543786,-1.872042,-5.47048,-6.899224,-3.5797267,7.7141247,16.023531,20.191532,22.003716,22.379696,21.541504,19.34555,17.152267,15.63313,14.117495,12.83738,11.7118435,10.0968685,8.71211,7.2266335,6.005624,4.315774,2.679236,1.4200534,-0.2217148,-1.4008714,-2.6973176,-5.6424427,-10.533726,-3.5326319,2.227713,10.3555975,11.809001,10.800688,8.7650795,6.808669,5.885726,5.5503883,5.1461225,5.1518984,5.2556915,4.9199667,4.792645,4.4009123,4.166172,4.061195,3.6514523,2.3233123,1.4192448,1.2455931,0.19721854,0.6948713,1.6275692,-0.9525191,-1.5700771,8.2058325,10.537159,8.954383,8.1543045,6.8657484,6.072223,5.8074017,3.7238407,4.103056,4.440804,3.5891633,3.8518312,4.1679835,3.462214,2.4760563,2.5029614,2.1007788,1.9898081,1.9316123,0.70870465,0.006998066,-0.056682445,0.5969437,-0.9494966,0.86653996,4.5781074,6.8827925,5.144432,5.118125,5.147881,0.82178587,1.960026,-0.6469858,-1.2779008,-1.0372375,-2.0675673,-2.2827814,-0.90731853,-1.7165529,-2.7116287,-2.2956476,-1.8646616,-2.486668,-3.6934247,-4.8243403,-2.2867486,0.39806995,3.305894,3.9641688,0.68976706,3.0773273,4.72538,2.0609527,3.145865,2.151985,2.0580966,-0.14135717,-0.9149772,0.3367513,0.27265328,0.3831622,-2.143439,0.68164384,0.46620056,-2.6336145,-0.87039584,-2.3902924,-3.1070166,-2.6027422,-2.2818007,-0.7054659,-3.3369598,-6.674162,-4.4817014,8.6593485,17.234602,17.03882,10.773754,12.357895,8.862793,7.2555113,8.838398,6.5042644,7.2445316,5.730016,4.8031955,7.4098897,4.2978144,2.8793309,5.0269146,1.9965725,2.984419,2.403655,-1.4283359,-2.3752778,-4.175378,-2.6127071,0.76852024,2.6108704,10.228639,10.298172,10.095182,8.303741,6.5663977,4.9366717,3.6455545,4.3710914,3.7056394,3.097383,3.113955,2.907515,2.2532644,2.0633674,2.337558,1.3760824,1.1525004,3.4005752,2.9000301,-0.4354838,-1.4990093,-4.8127527,-5.720365,-5.315632,4.041006,9.491404,8.274662,4.171831,1.195383,2.361804,-1.6293654,-0.8688137,-3.5678532,-2.474301,-1.7990946,-3.5867567,-4.891762,-3.3161533,-4.327284,-4.554824,-4.60095,-5.1371093,-2.099968,-2.0768497,-6.5923576,-5.615324,-4.5599623,-5.8513265,-1.360914,7.416392,7.030571,-2.2726073,0.61968434,1.4263473,0.6441808,1.6549966,-1.4613593,-0.8415491,-0.6826219,-1.6547416,-0.9654714,-1.864485,-1.2873857,-2.396615,-2.6112075,-2.8240023,-1.3896468,-1.4736016,-3.7730398,-3.2889156,1.2082257,3.731143,2.3981557,-1.2066057,5.46093,9.337852,7.559017,5.118001,1.5244336,-3.0404077,-6.32526,-11.373966,-8.853359,-10.693466,-15.216628,-16.422218,-19.111994,-17.030025,-16.93354,-18.360136,-18.885616,-17.942202,-15.3635025,-15.839849,-22.279837,-15.518352,-8.508133,-6.6330795,-3.305027,5.7072263,8.317119,6.1116953,2.0949097,-3.0452106,-7.168007,-7.886667,-9.97455,-11.549973,-13.463201,-13.819151,-17.406391,-21.321781,-11.423379,-13.225231,-16.544664,-15.894709,-14.391384,-10.71044,-13.666686,-11.594205,-7.3715615,-8.320499,-6.889899,-7.1294003,-0.8393496,9.313236,10.708738,10.43702,7.7647524,5.5067773,4.493495,4.489404,4.405128,3.2131853,3.472855,3.5514011,3.0380263,2.658691,2.6364064,2.273233,1.5597947,1.1704128,0.5512424,0.23696762,0.16628517,0.35969707,-1.5076882,-4.547735,-3.6179295,7.6956344,16.897774,17.45193,10.310401,11.464714,8.20753,6.390293,7.5690694,6.7930975,6.893005,5.7484636,6.122665,6.234255,4.325366,4.616589,4.420683,3.3963635,2.9134085,1.796853,0.033832338,-2.2527192,-3.5184388,-4.853066,-6.629169,-8.76569,1.4276185,8.600914,8.163221,2.8588269,-1.980754,-9.853155,-12.186684,-15.319645,-17.534,-13.637229,-12.523822,-15.378104,-14.853817,-16.008718,-19.142424,-21.201912,-27.71282,-21.331383,-14.967871,-16.865822,-18.706024,-18.95106,-17.660185,-10.501749,-8.755747,-4.888152,5.345002,10.587716,8.130189,1.4148034,3.0674558,1.4822203,2.3893514,2.4983225,-0.64560616,0.8134438,0.81604874,-0.6599546,-0.6654899,-0.4202022,-1.0144737,-1.6770337,-0.5163583,-1.2553868,-3.8016508,-4.4747696,-3.3415823,0.48301575,4.162584,3.9788616,1.2688086,-4.2266674,9.008371,17.672785,21.780558,22.623426,21.677334,19.73544,17.510077,16.46448,16.201073,15.581671,14.233696,12.647523,11.001588,9.424599,7.3413205,4.5019417,2.0814884,1.6088206,0.92196137,0.16427618,-1.8229632,-3.346844,-4.2486067,-3.3010259,-1.6366544,8.186373,10.32997,6.3209066,3.0559049,-2.0453594,-8.675736,-11.624852,-12.031757,-9.749024,-10.08659,-10.423452,-12.944162,-14.746066,-11.671362,-14.746817,-17.965015,-12.526473,-15.255681,-12.898443,-14.783655,-13.096438,-10.513301,-11.914217,-9.297186,-5.5022025,2.5124977,14.517068,21.22546,24.257603,24.780972,23.303204,20.482357,17.49108,16.052109,15.889118,15.144371,13.284301,10.510453,7.1799603,4.293671,3.6009195,3.0264373,1.9273449,0.71150553,-0.7461686,-3.2838264,-2.867303,-3.5833163,-1.2616926,2.1076865,10.00009,20.001019,24.653446,26.379375,26.009724,23.731203,20.341957,17.45028,17.163767,17.441196,16.359436,14.054532,10.575814,7.075166,5.6252236,5.1436987,3.746344,1.2321346,-2.7303538,-5.931962,-8.286853,-15.283617,-9.586807,-7.3532033,-6.1653166,0.0697178,13.876881,20.485516,23.450897,24.13742,23.244473,20.964758,18.22702,17.451454,17.436049,16.36263,14.176958,11.543168,8.788982,5.7991414,1.2741696,-3.63131,-3.591541,-0.89069074,0.20998964,0.6749434,-1.0757701,-4.1817245,-1.2471476,2.5915954,12.587475,13.35909,12.173767,9.689832,7.3713155,5.828294,4.669293,4.8170333,4.7238975,4.3998013,4.563097,4.512014,4.291067,3.993393,3.5607932,2.8693674,2.1840014,2.1459942,1.8298482,0.4197897,0.030303828,1.0141652,-0.06931894,-2.9368682,4.6212244,9.013041,5.914589,1.4265344,3.1042707,0.8101232,0.85933197,0.6665171,-2.4449835,-0.90028316,-0.60697347,-1.7467606,-2.5129259,-1.4594772,-1.767009,-3.3546805,-2.8173635,-3.225268,-3.6358726,-2.7930353,-4.339526,-5.157905,-1.5511757,1.3146847,1.5748272,0.61883813,5.376365,6.752291,2.073969,-0.26622584,3.199685,3.1510873,3.9650939,2.5537477,-0.5066128,0.9155154,1.0704615,0.6076549,-1.1332707,-0.5118974,0.44554216,-1.1191977,0.27000114,-1.1450658,-1.3092166,-0.6587717,0.48355398,3.0037484,2.4884753,-1.0238885,-4.5517373,3.631431,7.602842,5.9478755,2.3987677,-1.6710122,-7.995379,-10.615023,-16.609497,-14.817461,-14.648992,-15.596691,-15.908929,-15.33625,-14.331663,-12.804499,-14.286366,-16.971792,-17.165005,-18.294529,-16.402243,-13.26229,-10.290231,-9.193709,-11.960336,-1.1951417,9.050777,18.818834,22.853615,24.262302,23.25525,20.916674,19.745823,19.363844,17.705252,14.810566,13.380009,13.916132,13.820439,12.457397,10.329065,7.472899,3.820647,0.8341423,-1.1651006,-0.33320668,2.062527,2.1041553,0.27576056,-3.2448988,-6.320209,6.546864,10.441366,10.612562,9.220145,6.6637793,3.684072,0.23027775,-1.8205652,-3.3833218,-9.776177,-11.33545,-10.965267,-12.505263,-15.1088505,-14.046016,-13.091068,-16.074883,-15.517503,-16.3607,-13.379679,-11.271869,-10.558695,-8.03005,-7.064383,-1.9669026,5.1991425,11.170063,10.7370615,8.9096575,6.6914153,4.9958663,2.8516726,-0.79571617,-1.53299,-4.560265,-6.728019,-7.610171,-9.123672,-12.263119,-13.012783,-10.316582,-9.739506,-10.572253,-11.540552,-14.679602,-13.310152,-16.563213,-8.224579,-4.5096536,2.381166,11.290878,11.715618,8.998908,6.7273436,5.4415183,4.33101,3.5814679,3.2973852,3.2962892,3.113965,2.3211377,2.8887615,2.5087306,1.6533263,1.7957458,1.8329245,0.59660304,-0.0325811,0.55286276,-0.124429375,-0.34953064,1.7033542,0.31249526,-2.8939786,5.61874,11.225307,9.931256,9.038789,7.59128,6.9732385,5.631289,5.619934,5.438819,5.5230637,5.2244253,4.792885,4.4672046,3.7347503,3.111358,3.3155365,2.9309711,3.197162,3.2112684,2.5502732,1.4813509,1.6038992,1.8792254,-0.01497026,5.17223,7.3080487,1.4550939,-0.9565599,2.7697105,3.7706618,3.7818835,1.159557,0.52652556,2.5846572,0.8977828,-0.8011023,-1.1129998,0.88559365,-0.513272,-1.3426301,-0.01633236,0.139918,-1.2505693,-2.9857185,-2.0939023,2.1473186,6.0727353,4.195289,6.4312086,9.722575,5.044736,1.0682473,-0.94862926,-2.0192008,-5.5463705,-7.080305,-6.6717463,-10.945742,-13.594877,-14.410778,-15.0205,-13.364129,-14.561133,-15.200254,-18.079273,-17.29678,-10.87668,-6.803713,-4.0619383,-3.5780084,-1.1041577,-1.7307997,3.7760785,4.7395334,1.2810255,-3.3423944,-4.5738983,-4.0501943,-5.241184,-4.1623054,-6.31312,-8.873821,-9.010278,-7.31286,-8.263691,-5.006212,-2.8150845,-6.784728,-6.897378,-7.691659,-12.956662,-15.0315075,-7.1977115,-5.419605,-8.994648,-5.7968926,1.9345897,11.057467,12.018918,7.980793,5.4676046,-0.052465245,-4.9063907,-5.2273946,-2.4655848,-1.850568,-5.908985,-7.8213034,-6.5931373,-9.626384,-12.201676,-11.388126,-2.595527,-1.3689708,-3.4642875,-3.2353988,-2.1692672,-1.8760309,-1.1452914,-4.4907327,-3.0945158,7.061865,9.538764,9.235426,8.698454,6.3598385,4.183878,-0.2628356,-5.024002,-5.9305835,-5.706746,-8.31361,-10.115387,-10.463978,-13.377729,-12.693533,-13.357359,-14.862232,-16.283825,-19.684278,-18.29824,-15.056182,-13.355501,-11.411396,-2.1025887,3.9786382,8.453201,10.634575,9.15908,7.0041113,4.971092,2.3861196,-0.80625355,-2.6335406,-3.0697033,-5.0831385,-8.227935,-10.463548,-14.528677,-11.277845,-12.155006,-13.948547,-16.15311,-17.250866,-15.697454,-15.596966,-18.414558,-12.731071,-6.3414125,-5.218197,-5.7147417,7.926114,10.802678,8.90987,8.015158,6.453176,5.0319395,3.6624408,2.3131354,2.151071,2.2057207,1.6939652,1.4373796,0.71693546,0.44955903,-0.1712484,0.039904673,-0.47647056,-0.56346947,-1.2960353,-0.6124401,-0.9222797,0.46185088,-1.6379485,-0.15802501,9.693764,10.476613,8.640467,7.2164416,6.71507,5.8719583,5.3169684,4.5460663,4.147181,4.9648814,4.8577437,5.1071095,4.7236395,4.3554134,3.749298,2.712507,1.8431091,2.9574456,3.5637736,2.9820206,0.41559225,-3.927313,-4.7620335,-0.5483078,0.44893858,12.785789,14.825616,10.700532,11.489822,9.903702,10.731367,9.431464,10.008706,9.309247,9.386726,8.658284,7.7741127,7.7791066,7.16936,6.503491,5.9371047,5.197108,4.4573097,3.4576902,2.847872,2.8051295,-0.25902948,-0.34809977,3.414451,12.865789,13.3664875,9.590797,10.355549,10.340882
-7.1046853,-4.98961,-4.927643,-5.684992,-4.503237,-4.7744045,-5.175969,-5.7947083,-2.1247962,-3.30543,-9.8611,-11.461142,-10.686289,-4.9998035,-5.2876115,-8.45866,-4.3454843,-5.845328,-5.7432384,-3.952532,-1.1930308,0.7962649,1.6257416,3.6737463,4.614165,5.4273076,6.180319,6.2627482,6.1629815,6.347204,6.49743,6.5266867,6.0779567,6.0729938,5.846276,5.4477015,5.1399274,5.603771,5.133272,5.1437707,5.5158324,4.1179137,1.9705157,-1.5343903,-3.2578177,1.1746157,3.3196023,3.252235,3.9632163,5.110694,6.27034,7.0528083,7.893042,8.05994,7.9354324,7.9500847,7.8888416,7.6577044,7.1226015,6.712065,6.6342735,6.3545375,5.611885,5.7399836,5.0109215,4.0675735,3.7640736,3.0020657,1.433788,-2.0663924,-5.081515,-5.4975677,-6.596768,-10.425568,-12.130745,-16.278423,-13.620659,-13.070551,-17.684418,-16.266582,-15.028253,-18.832832,-22.57069,-20.395529,-22.550835,-18.008743,-12.247999,-16.835567,-15.664595,-12.22921,-14.147882,-18.420227,-19.417747,-7.2996907,-3.622378,-7.3272324,-12.468994,-8.857291,-10.433699,-14.9961815,-18.141863,-14.585649,-12.216036,-10.249509,-14.931258,-17.973202,-17.75218,-21.252514,-22.947989,-18.52954,-13.682577,-15.6481495,-13.104358,-15.804819,-18.35254,-14.292522,-13.517727,-10.424228,-10.687141,-8.007476,-0.38532928,3.3544936,6.0135703,4.1230326,4.2037287,4.2296486,2.0505354,2.9056091,1.9890052,2.0268865,1.73061,0.5481286,0.14291126,-0.5829224,-0.95819986,-0.49560213,-1.9424279,-1.8993735,-1.9932067,-2.7575212,-2.9434178,-3.8352642,-1.5075694,-3.9444456,-3.9159133,3.598862,5.7044315,6.1779985,4.718297,5.1303744,6.010511,5.1353316,4.6244264,3.7276564,4.096004,3.8924809,3.4527106,2.4795833,2.204742,2.532004,2.6148095,1.3609705,1.2887758,-0.041465774,-0.6042535,-2.4384944,-6.7042933,-6.7469525,-0.6889275,3.3711517,3.8362684,4.1757483,5.397966,6.7234344,7.724723,8.034615,7.668971,7.359543,7.3351393,7.4692707,7.0224023,6.4855337,6.011181,6.0345564,6.2078385,5.615027,4.505204,4.1425977,3.8216972,4.1595984,2.5607135,-0.61124235,1.3939704,-0.95229673,4.761074,6.8604255,4.613554,4.6591597,6.6309333,7.796468,8.172795,8.149448,8.00912,7.8675036,7.3608346,6.9435034,6.8087873,6.5549746,5.891306,5.751794,5.1505494,4.7982106,4.4839034,3.9935555,2.972927,0.9705565,-0.4164714,0.98870635,2.3272946,3.8296854,3.3637252,4.9629536,3.0535736,2.9987934,2.7100916,2.587102,2.389548,2.1547203,2.5463986,1.2464674,0.7759345,0.40503,-0.17404649,-0.84900415,-0.52095366,-0.26842767,-1.3184518,-1.6056842,-2.8119798,-4.9315357,-6.7844586,-4.7516384,-3.2607174,-4.8188972,-2.671867,-6.665741,-10.260573,-9.053842,-11.255758,-7.751972,-9.019421,-15.328464,-15.8149,-11.290565,-12.539639,-13.734369,-14.139295,-15.26928,-18.460423,-19.753908,-17.119581,-16.423914,-21.791847,-22.445473,-22.612602,-20.49414,-18.061302,-9.484586,-2.47258,-0.5605783,-4.1472983,-4.3168144,-3.8613608,-5.5354853,-7.9499474,-9.839788,-12.384883,-13.5350275,-13.45529,-15.521498,-18.393492,-19.605324,-17.140589,-15.773888,-19.12528,-22.09763,-23.782413,-26.129848,-19.562265,-10.50308,-12.9801035,-18.143005,-4.9886093,-3.8376927,-5.170586,-4.64665,-3.2025046,-3.2191765,-3.282034,-5.2250576,-6.8708334,-8.358948,-10.146847,-10.99674,-12.081571,-14.188837,-17.702158,-18.864702,-19.027428,-12.763415,-10.152327,-10.923839,-7.019816,-10.884703,-16.342808,-20.84082,-17.963556,-15.141741,-6.903987,-2.0511045,-1.770592,-6.739291,-2.0744495,-2.0159438,-5.190133,-4.4915667,-7.35208,-8.20937,-6.478107,-6.7845936,-6.295429,-6.798193,-8.315811,-8.547087,-8.944421,-5.8193965,-5.0429764,-8.1695795,-11.960769,-13.08854,-9.517406,-10.8694515,-5.6702414,-2.4619815,-5.982004,-8.609219,-5.064986,-6.841056,-8.764034,-9.191856,-9.487453,-9.429993,-8.040274,-9.003559,-14.95057,-18.897903,-16.532228,-19.357307,-19.613224,-15.782078,-14.572659,-20.696835,-20.05966,-19.5986,-19.288242,-21.838955,-22.603577,-17.106539,-4.540321,-2.2617338,0.26203597,5.463422,6.364995,7.3029857,8.264324,8.387505,8.558148,8.5540285,8.309707,8.286294,8.381829,7.988548,7.5529428,7.227438,7.1906905,6.55469,5.277145,4.3562846,4.014212,3.5576847,3.3033955,1.647198,-1.8406945,0.42570603,5.0066085,5.908721,4.114833,4.738336,5.7695937,6.650067,7.231128,6.722341,7.2397876,7.6696167,6.9531484,7.096355,7.166192,6.4240484,5.797429,5.2472568,5.1138515,4.962935,4.839477,3.7371087,2.8097508,2.6602805,1.7589936,1.1471446,2.2134066,2.2227533,-1.7457705,-6.1314554,-4.2324405,-7.9261518,-8.138755,-8.147544,-11.901046,-14.276838,-21.073475,-18.726664,-17.866066,-19.811718,-17.609121,-15.082537,-21.442207,-22.725475,-23.30219,-21.13799,-22.69806,-22.580406,-17.702923,-4.3902974,-2.203023,-3.7898397,-7.8687506,-10.695704,-8.245678,-12.472017,-13.893061,-15.842437,-17.431818,-18.392603,-17.692455,-19.321375,-15.745744,-15.320043,-17.205847,-15.986701,-20.60871,-21.71592,-18.770649,-18.717382,-28.041134,-32.081646,-24.139076,-23.038511,-24.74184,-9.283927,1.6449745,6.3621473,3.0552573,2.9975083,5.007434,0.1633389,0.91554815,2.8766158,-0.9883263,2.2046454,0.94280297,-1.9315051,1.9445093,-1.1915361,-3.1409783,-0.11959986,-4.6980534,-1.1160074,-1.1826439,-5.9083366,-3.1278799,-4.5157924,-4.9777403,-0.57825273,0.64849484,4.338853,4.1848345,1.48317,1.9042493,4.705698,5.8269672,5.8178396,7.073187,6.740382,5.905764,6.251566,5.8724217,5.432041,5.0462465,5.160799,4.7663174,4.2741156,5.5379434,4.5634227,2.8546028,-0.12167691,-2.9551437,-3.781092,-4.38317,-0.38932955,-0.4981713,-4.6636925,-3.4718955,-4.9627533,-7.2775464,-5.0759673,-4.034484,-5.0955095,-4.223635,-4.023131,-4.701547,-4.3664036,-4.3893833,-6.9738107,-5.7042723,-4.6090355,-4.794466,-5.6772366,-5.009725,-11.205329,-9.656497,-10.774246,-12.785541,-5.1253424,-5.1765227,-8.909558,-15.752793,-14.659,-13.556572,-10.982691,-12.730812,-13.526257,-20.123425,-18.986279,-18.98472,-22.145243,-22.417591,-21.47408,-19.614193,-24.417799,-23.675356,-23.345747,-24.989347,-25.194088,-27.269684,-22.50393,-19.618084,-14.4765625,-5.7782125,-1.9139796,-0.13806963,0.4730807,1.5459495,1.0148968,0.18557073,-0.74662936,-1.2835014,-1.4550438,-2.1698627,-2.638396,-2.6324165,-2.293515,-2.8649688,-3.4083157,-3.40446,-3.8977623,-5.7067127,-7.161463,-7.5144434,-8.789918,-9.088985,-8.683228,-9.260455,-5.1724963,-5.0020556,-5.5551577,-6.691115,-7.8556113,-7.799868,-8.491339,-7.520994,-7.8749127,-8.970081,-8.841478,-9.675778,-10.908566,-11.055402,-9.832021,-9.084513,-9.996855,-9.456386,-8.456837,-9.427909,-12.33156,-11.626435,-11.4470825,-13.040961,-14.062054,-11.9179735,-1.5034764,3.8503804,2.6814249,2.7501152,3.6308873,5.384548,6.4744115,7.128048,7.6024203,6.6459274,6.55346,6.675188,6.1161385,5.6840467,5.3924036,5.1622953,4.4834824,3.9274983,3.6583078,3.1474292,2.9317555,3.2476015,1.3325312,-2.8862417,-1.6339726,2.336565,6.6778617,6.0547934,2.035106,3.9891336,-0.12715986,0.043755475,0.21359995,-2.0118735,-0.8314255,-1.2798451,-2.944074,-2.5158322,-2.8001347,-3.6969137,-3.0261946,-4.682445,-5.4993033,-6.407303,-8.598292,-9.518734,-13.699926,-12.560343,-14.5193,-17.546232,-6.6715956,-1.9536757,-3.0717895,-3.39653,-7.1325088,-8.063982,-7.0535393,-9.42695,-12.849802,-13.420082,-13.492441,-14.094273,-15.667355,-14.713638,-14.341569,-13.378557,-16.81885,-20.082216,-13.198635,-14.2446995,-17.856298,-16.702707,-14.202663,-16.4502,-20.710001,-5.1818557,-1.7253313,-3.674703,-6.5551033,-7.7513037,-5.863381,-10.63066,-15.452383,-16.555876,-12.554288,-8.319983,-7.6554675,-14.619641,-14.471068,-12.228051,-10.420457,-10.108514,-11.133242,-14.513792,-14.999705,-16.15453,-11.481113,-10.242142,-7.44364,-10.061599,-12.561579,-9.853952,-1.2602282,0.8973264,-3.3012655,-2.8711686,-1.7878218,-3.240043,-4.0936866,-5.294527,-6.8374877,-5.7596197,-5.619025,-6.0529666,-7.259365,-8.1748495,-8.151235,-6.106589,-6.3656406,-7.904284,-6.6242313,-7.2726626,-7.3719864,-6.7619424,-7.7327614,-8.938267,-4.093333,-2.4498715,-2.3451495,-4.469266,-4.1259794,-3.1277814,-2.8824651,-5.00136,-5.2291727,-8.932703,-12.84874,-13.114216,-15.287212,-15.497511,-7.916115,-6.8856483,-10.858059,-13.029343,-11.6628475,-9.42458,-11.005534,-16.597984,-17.386654,-14.223629,-8.6676,-6.9288974,-1.9588501,-3.77406,-6.031929,-4.3608737,-2.7606697,-2.7888422,-5.300779,-6.6774864,-8.981812,-10.566387,-11.502329,-13.40067,-15.158328,-16.275677,-18.969223,-21.630573,-22.47,-24.241083,-24.054281,-25.244074,-16.887972,-4.628839,-4.870017,-5.7864113,-2.434161,-2.8621557,-3.1275547,-3.6212916,-2.4456966,-2.648578,-3.4817052,-5.6356115,-7.129705,-7.90547,-8.7025585,-8.934608,-10.545463,-11.969625,-15.145768,-17.003214,-16.937056,-16.65488,-14.505953,-16.069672,-18.368053,-14.186611,-20.23876,-25.650162,-22.299847,-13.128313,-4.9965672,-4.1224513,-5.0893807,-6.458083,-6.994886,-9.061936,-9.981764,-9.935226,-10.839661,-11.533393,-12.123566,-11.763704,-12.863976,-11.636847,-13.0383415,-9.52947,-5.895957,-9.020949,-14.147462,-11.8567095,-16.711485,-15.265615,-9.619779,-1.8954777,-2.321154,2.3316815,4.738553,5.488624,6.368531,7.38797,7.6505604,7.47175,7.741427,7.7338,7.711308,7.7550483,7.565761,7.3553753,7.1495934,6.5085692,5.6928973,5.4259624,4.9272466,4.480423,3.777227,3.0084336,2.8924055,1.572265,-2.5396547,-1.7214001,-0.24397025,-4.3333473,-7.6494207,-9.354453,-10.9500065,-15.541602,-19.147243,-17.881916,-24.6109,-19.717928,-15.802376,-16.570995,-17.945187,-19.884365,-22.469866,-24.37593,-24.501408,-24.557924,-26.71968,-25.413534,-27.631153,-23.211287,-14.088606,-12.654237,-6.9915843,-3.1260064,-4.6260686,-10.606411,-12.199371,-11.635455,-14.658751,-16.081007,-17.53106,-19.597555,-24.778528,-27.971226,-27.339924,-20.452503,-18.797607,-18.218018,-14.34765,-10.405952,-7.361944,-10.272667,-7.5251503,-7.0021386,-10.819783,-11.668951,-14.534216,-9.395772,-1.6277701,-1.5901003,2.3170314,2.9090652,0.8187045,0.25071925,-0.03552846,-0.32332835,-0.6005351,-1.4904916,-2.0625277,-1.1997454,-1.7533543,-1.7559216,-1.3825346,-1.2427101,-1.4633877,-1.006682,-1.8099315,-2.6076183,-2.6816568,-0.86121345,-3.2369027,-3.2494273,-3.1124115,-0.6375876,-1.2588024,-1.3428653,-1.1540608,-2.973406,-3.5220454,-3.4442472,-6.1529403,-8.292654,-8.807689,-9.661009,-11.085972,-12.177099,-12.921248,-13.723174,-15.340656,-15.044926,-23.326004,-19.647564,-14.776116,-14.92276,-16.773817,-20.285604,-16.84882,-6.9868402,3.8932908,5.4060125,-0.11913636,-5.0338774,-1.4660444,1.288976,0.29607618,-1.2643068,-3.348466,-6.481448,-5.3695674,-5.55332,-7.408454,-11.330095,-14.258682,-12.638082,-11.25084,-16.010963,-15.775098,-15.364687,-11.026499,-12.017405,-15.484434,-17.363003,-9.918978,-3.8510964,1.599279,-0.78055894,-4.1700287,-0.9282756,0.9440195,1.709256,-0.7376624,-4.5109806,-10.636501,-11.76705,-5.6228404,-3.4682312,-5.131589,-7.590489,-10.932051,-13.332056,-12.8115225,-11.306435,-8.123271,-8.278908,-12.442163,-12.805513,-10.534577,-4.0284243,3.0335257,5.1521735,3.6733294,3.8452873,5.049172,5.5216255,5.997915,6.034146,6.3095207,6.2930565,5.618567,5.9467025,5.5880747,4.9506197,4.9886894,4.285416,3.7654042,3.0770051,3.271496,2.587836,2.0459292,0.35676184,-0.5807029,-1.8940368,1.591769,5.2656727,4.9549384,4.4424667,6.6460876,7.5327754,8.4421625,8.954773,8.7073555,8.859244,8.554727,8.049982,7.5828648,6.79817,6.5525684,6.216008,6.0999637,5.912111,5.847665,5.273983,4.6433077,4.3518558,3.6715367,2.938502,-0.081613,-0.7727447,-3.1688561,-5.6611753,-6.4468927,-7.0729165,-10.499517,-15.828001,-19.645546,-18.425861,-16.681343,-15.564156,-11.740613,-12.6755905,-19.966022,-19.451134,-19.772985,-19.108572,-25.141064,-27.424612,-26.45919,-19.692888,-4.9580135,-1.7954522,-5.379777,-8.519648,-10.018653,-8.929746,-8.9183655,-8.301623,-9.050528,-16.715828,-13.137722,-13.168484,-15.155836,-15.950628,-20.31904,-17.994135,-17.945044,-23.64965,-28.425055,-21.927902,-10.487993,-7.1814656,-3.9505806,-7.4845705,-15.352961,-14.39938,-6.3432784,-3.2401347,-3.5204651,-4.124997,-2.9365852,-5.0915804,-7.0667653,-10.657274,-12.439983,-14.547233,-14.804985,-17.932297,-14.245604,-7.9328833,-6.3364005,-10.567015,-9.588259,-10.075494,-11.5201645,-8.03234,-4.4285493,-3.1091788,-12.055765,-7.4526196,-0.45566794,2.9690828,0.4325596,-1.3351135,2.846157,-0.93329954,-7.6764493,-7.282801,-8.571665,-7.910924,-6.55556,-9.599503,-10.06262,-10.862501,-13.996314,-12.706847,-10.118561,-6.0822225,-4.571928,-1.4172819,-1.4249005,-3.609731,-1.9066288,-2.233416,-2.710146,-0.44588512,-2.805121,-0.2328172,0.9926978,2.7599516,2.879021,0.8855649,-2.5127351,-5.192581,-4.904536,-4.3215027,-3.1945057,-4.7660775,-10.990189,-13.732778,-12.397808,-14.481775,-11.76724,-13.0187645,-12.999435,-13.063041,-9.883999,-8.347474,-2.9448671,1.0693811,5.192684,3.6529481,-3.1544685,-2.357808,1.8490547,3.6380439,3.0092387,1.7925146,1.1657025,1.0619624,-0.23221666,-1.5220194,-5.706472,-8.434645,-10.262941,-11.204915,-10.610235,-9.899884,-7.167509,-11.152351,-16.528442,-17.320211,-12.865063,-11.941523,-8.169073,2.908175,5.396588,2.8219786,2.6566136,4.237854,5.1403184,5.5784655,5.3632545,5.0342417,4.985746,4.795294,4.4686203,3.9473157,3.5112789,2.6253417,2.8516116,2.5694618,2.209095,2.4838188,2.3938801,1.8473859,0.65172374,-2.5082564,-0.15419857,4.7167783,5.8639507,4.700871,4.358025,5.0584974,6.3006268,7.157989,7.141299,7.5226393,8.064741,8.215624,8.115423,7.7814145,7.394256,6.529215,6.057921,5.498225,5.704551,5.9422836,5.176982,2.766619,-2.3075812,-1.95259,0.33994806,2.8194714,7.303729,7.2751575,6.9266486,7.0861793,7.7441025,7.50503,7.2794657,6.5699964,6.820605,6.6686134,6.366048,5.1760597,5.2348757,4.969407,4.076703,3.208055,3.0849214,2.181492,1.1936146,1.2904847,-0.026989046,-3.22036,-6.5831585,2.9753785,6.035747,6.284559,6.2570434,7.0761204,4.6666427
-0.20143819,-3.5110168,-5.769371,-7.629187,-6.1177855,-5.621736,-7.168846,-10.092541,-5.4900575,-5.615613,-12.086106,-14.396793,-13.556931,-8.409138,-9.991814,-19.196678,-13.427231,-14.415379,-12.397156,-8.465298,-3.3942044,-0.02702525,-0.8013601,0.050579052,1.1291276,0.95662004,0.46915013,-0.053026237,-0.894989,-0.48492956,-0.27119732,-0.77771235,-1.3895004,-1.4859068,-2.8037024,-4.4637914,-7.5858707,-6.492557,-5.6508675,-4.882302,-4.534862,-6.8114095,-7.1968412,-10.066587,-4.34194,-2.2596006,-3.8104918,-7.4618344,-7.054093,-7.7663307,-8.312708,-10.150261,-6.410821,-3.9831378,-6.4684715,-8.655151,-9.330242,-9.771947,-9.786721,-10.597657,-9.813279,-7.654852,-8.814844,-5.8131104,-8.65679,-9.182124,-7.359019,-10.168144,-10.235801,-5.3350396,1.6738961,3.4068606,2.9972825,3.0322812,2.9157937,2.6448727,1.4280968,0.58859646,0.38071662,-0.41195217,-1.3134469,-1.1878976,-0.69709486,-0.70632017,-0.12858827,-0.4873566,-1.912411,-1.3999022,-1.8383868,-4.8447447,-6.584571,-7.2589264,-6.790809,-3.0897357,-1.0216045,-0.9741317,-4.587979,-5.157471,-5.1889014,-3.5910769,-6.067167,-8.932919,-12.9797125,-9.221203,-10.649285,-8.37899,-8.76436,-10.33958,-14.094023,-12.165693,-6.82096,-8.282457,-9.076016,-8.991428,-8.402119,-6.3408904,-3.128761,-5.9740705,-4.586997,-3.1225994,-3.303038,0.73301554,-0.8259556,-5.2795067,-3.163674,-4.303321,-4.8184423,-4.599799,-3.8832066,-3.988396,-3.835587,-3.7478492,-3.5152483,-3.1306567,-3.1604793,-5.7405815,-3.3825815,-3.659636,-4.131417,-5.70183,-6.913745,-8.736272,-6.146653,-2.6109657,-0.69826454,-2.9473722,-8.5406,-6.733008,-9.410597,-11.881155,-12.494795,-13.208761,-12.922197,-13.519744,-15.688417,-13.050583,-11.14473,-14.879804,-11.260476,-11.627487,-12.810337,-9.602231,1.9507921,5.454407,5.924092,5.658985,4.1141067,3.1662002,1.8230608,1.347438,-0.20443922,-3.9449058,-6.1418633,-9.067184,-8.741419,-9.501214,-9.664356,-9.328212,-8.840325,-9.125837,-10.969765,-10.460005,-10.681906,-11.922287,-10.583376,-10.317364,-14.273741,-12.570553,-13.821894,-11.949655,-13.262495,-8.56748,-2.5160413,-1.9442542,-3.3264284,-8.026602,-8.623395,-11.078263,-10.127569,-9.053226,-7.630589,-9.169026,-9.423176,-8.331174,-9.137333,-10.800915,-9.760572,-9.885614,-13.48621,-11.657743,-11.020761,-12.381504,-13.272768,-13.15247,-14.214033,-15.547648,-17.893723,-4.9530697,2.6246934,1.8769985,0.70341855,1.936977,-0.2876614,1.2208483,0.0724905,1.377628,-0.08588343,0.9043401,0.3574614,0.26958275,-0.68936163,-0.65636826,-0.54572433,-2.7423832,-0.9502942,-1.4639539,-0.5391205,-1.685521,-0.85980123,-2.9306474,-2.9618967,-2.801633,0.8018047,-0.37365142,-0.031816736,-1.174946,-4.4046135,-11.257032,-9.739166,-3.1316936,-4.1386538,-10.333101,-10.510956,-5.882333,-6.4334817,-9.223579,-9.329102,-14.017727,-22.34812,-16.30365,-13.694173,-15.698845,-19.380157,-19.171234,-17.75951,-22.580769,-12.870931,-6.7445064,-6.097603,-3.1878018,-7.6472516,-8.08668,-7.101152,-10.887287,-14.679281,-18.41688,-20.492405,-17.847633,-17.189714,-18.89702,-24.215715,-18.969593,-14.304409,-12.516457,-17.15852,-22.583073,-24.646423,-24.80716,-20.208164,-13.480415,-16.7215,-16.170906,-3.93403,-0.20317876,0.2047399,-5.961482,-11.555407,-13.055224,-13.061424,-11.835064,-14.953297,-19.487427,-19.294216,-17.609478,-16.07442,-17.656876,-23.357103,-18.600483,-17.066235,-12.227905,-8.2641945,-10.568457,-13.724261,-16.44005,-18.6643,-22.252754,-19.873447,-15.580513,-7.952857,-2.133384,0.52052146,-5.595785,-3.1440463,-2.8345177,-6.352444,-6.687736,-9.308458,-10.186921,-8.827031,-7.3664284,-7.7574277,-8.288744,-7.173598,-9.489602,-11.027003,-8.870753,-5.878441,-7.0560055,-11.227451,-11.931301,-10.281114,-12.114628,-5.4789968,-2.482603,-1.0251195,-5.6116037,-8.12787,-5.940157,-6.651926,-7.7412367,-7.2861524,-6.6155605,-6.470847,-9.556852,-9.446262,-11.287157,-14.157008,-12.61133,-9.54406,-9.390274,-6.784394,-9.918279,-15.257748,-19.507488,-20.857237,-23.4603,-22.84157,-14.324392,-3.883948,3.4536755,6.194637,6.14609,6.033804,7.5061965,4.2131286,4.1692743,3.5706806,2.8405747,2.5116835,2.2324867,1.3327087,0.77274984,-0.3287437,-1.3628225,-0.4481745,-1.2294255,-2.5307047,-4.7211447,-5.0932717,-3.622166,-3.7363994,-3.869685,0.31421244,0.15160674,-3.8056216,-5.060144,-7.835251,-7.5629244,-6.6076565,-6.7731767,-6.496187,-6.1213613,-6.44423,-5.5940876,-6.946433,-8.395528,-6.252369,-7.0062,-7.6604824,-7.959151,-7.6874256,-10.536078,-12.227667,-11.270779,-9.0483265,-10.211,-9.722477,-7.6068134,-0.2663219,3.3976321,-0.26703894,-4.592464,-6.9012527,-8.783964,-7.931917,-9.037804,-8.409135,-12.487019,-13.589558,-19.178026,-20.651686,-13.81648,-14.076609,-12.2256775,-14.792776,-14.911087,-14.245865,-13.29343,-12.225189,-12.268955,-11.971311,-3.0963037,-1.1816046,-2.1667008,-4.560078,-4.851333,-11.818814,-12.39809,-11.128312,-6.1804633,-6.6264625,-7.0995574,-5.87924,-6.638504,-4.0951033,-6.829052,-9.174777,-12.915998,-11.9649515,-9.837506,-6.859143,-6.117384,-5.4975586,-4.655569,-4.672415,-5.6316586,-8.656293,-6.843409,-3.1694567,-4.1472025,-1.8504825,-3.0697072,-4.8963604,-3.976276,-4.169297,-3.1326172,-3.8461506,-1.5858048,-1.700674,-2.001111,-6.6260333,-10.344059,-8.8371315,-5.844712,-8.814652,-7.960781,-6.6644726,-7.7778,-9.91153,-15.923079,-9.840706,-1.567278,0.43174553,-0.002058681,-4.5611677,-3.5078237,-4.636302,-7.2121534,-7.30799,-7.082204,-6.4266005,-8.679503,-9.2255945,-8.0118065,-9.028984,-11.390468,-12.948499,-11.402074,-9.557514,-7.8891826,-6.8426075,-9.247104,-5.6001763,-8.670362,-14.930031,-14.031252,-3.2494903,-0.65625244,-0.95756507,-5.4286675,-6.2246714,-9.448561,-13.408552,-7.836939,-5.8826103,-6.269658,-6.674995,-6.4435477,-7.0155764,-6.269867,-4.927584,-8.632175,-8.302104,-7.305271,-6.513543,-7.0081525,-9.971992,-12.923431,-12.317821,-15.637369,-15.681627,-4.405167,-2.409036,-1.6262038,-5.882373,-7.207324,-9.72354,-13.250035,-13.4089365,-11.166257,-18.828304,-20.328438,-17.524078,-19.328024,-16.472761,-15.406236,-17.245552,-18.044584,-13.020218,-11.252291,-10.379984,-11.78502,-10.091992,-9.390404,-13.401108,-12.390862,-6.81316,1.4397186,5.878225,5.6312876,6.0733194,5.6277184,4.1632996,3.5636117,3.225915,2.7363758,2.217957,1.5548218,1.5848602,1.7470858,1.6620201,0.62804335,-0.04680306,0.044323318,-1.4683245,-2.620735,-4.360238,-5.023928,-4.8479214,-4.9626403,-7.360697,-4.370708,1.8301845,-0.14491028,-2.433746,-3.7096062,-8.123211,-6.9329624,-7.403349,-8.01066,-7.8257985,-5.597057,-5.8414965,-6.6371627,-6.4586344,-7.5844316,-7.0343013,-6.849679,-6.4958997,-5.5608225,-7.1868076,-10.35375,-8.170292,-7.131914,-9.188442,-9.072112,-7.979619,-6.660142,0.6992138,1.3170089,-6.1470942,-8.802091,-9.664636,-8.913418,-9.436121,-7.1713076,-10.938798,-11.037407,-10.380038,-11.169944,-10.644345,-10.660424,-10.052885,-12.700539,-14.32377,-14.014377,-15.309822,-15.71689,-12.376586,-13.137884,-19.047112,-8.791188,-0.5415466,-0.28717658,-1.9912574,-4.7013774,-5.8119307,-9.119579,-7.3235707,-7.7826114,-8.50001,-5.3755784,-4.539037,-7.402205,-8.473381,-6.999476,0.047820494,4.1688833,4.7972727,1.2062007,-2.7893767,1.1630752,3.2827115,-0.9522748,-8.207339,-7.400405,-5.290701,-4.192827,-0.11623516,1.5338306,-0.6258142,-1.2781968,-5.0032663,-4.886383,-4.7181883,-9.455158,-10.432079,-9.465172,-8.838275,-11.185321,-12.144514,-9.571194,-9.529813,-12.934785,-16.41134,-13.461055,-13.44605,-14.035471,-13.8229,-14.265231,-16.057491,-22.253397,-5.266567,0.68636423,4.599595,1.7231096,-2.8254318,-3.538389,-8.87377,-12.018234,-15.439653,-12.727347,-12.691951,-12.946779,-9.014261,-10.746243,-12.437377,-12.559181,-9.974459,-8.243864,-7.02718,-2.8109965,-1.2884338,-3.925489,-10.190241,-7.635422,-6.3204927,-12.291819,-2.5281515,0.8924151,3.5688615,1.8912352,0.6611513,1.2406328,-0.018263884,-0.28923714,-2.130796,-2.2887073,-1.6631904,-1.5753205,-2.1700044,-4.0723667,-5.667019,-3.8510225,0.083554976,-2.2231052,-4.6878223,-2.2216642,-3.5388193,-2.964182,-2.991184,-4.1381407,-5.083849,-3.3430524,0.41681767,-0.9894422,0.70384824,-0.7623398,-1.1005435,-0.09700935,-1.0988545,-0.36021128,-4.8997498,-8.776524,-11.861972,-10.136185,-7.8640566,-7.5126123,-5.00515,-6.597157,-12.283288,-11.916207,-11.547035,-10.846043,-12.301816,-12.26302,-16.038157,-10.843248,-3.0283427,0.5072079,0.5180868,-2.8146932,-6.039176,-6.2432218,-2.2734585,-6.995685,-8.0813875,-11.619071,-11.66254,-12.515178,-9.732813,-10.136124,-10.487633,-11.383703,-11.613289,-12.853964,-12.795564,-13.263113,-13.443428,-11.995214,-6.514824,-7.0635676,-5.539758,-2.1729503,-0.95249265,-7.8661804,-13.920029,-7.9642286,-8.1025095,-8.289017,-9.977322,-11.655393,-16.41394,-18.867535,-12.423186,-8.377284,-9.573593,-16.014528,-15.926751,-16.251347,-11.2738085,-10.943622,-10.84607,-11.096697,-13.987304,-22.02641,-23.337727,-16.824715,-12.457712,0.44690534,5.5756264,4.2717037,3.1905391,3.1166105,2.433338,2.4263465,2.6605887,2.3479161,1.7440066,1.3357104,1.0704782,1.0272797,0.7246394,-0.32110935,-2.4935775,-5.287289,-3.433672,-3.1309905,-2.8715107,-3.8654492,-3.3712945,-0.9198185,1.4876592,-1.8091427,-6.104699,-2.7442405,-1.4786069,-3.1223319,-4.5775237,-5.489493,-5.233729,-5.8676033,-6.316246,-6.114433,-6.6140695,-7.303512,-8.009581,-7.831499,-8.185671,-10.8925705,-7.4620585,-3.507552,-3.2552943,-7.803128,-6.474786,-4.3809404,-6.5234823,-10.359575,-7.552958,-4.6058626,-2.7038002,0.6814611,0.8592678,0.57424074,0.2575207,0.11646587,0.087190196,-0.77150756,-1.807987,-1.3362641,-0.7601787,-1.5378985,-1.0519005,-0.5205903,-1.0914392,-1.0574801,-1.8896902,-2.5597434,-3.7382574,-5.522018,-5.5518394,-5.001101,-6.612858,-8.753483,-5.2276173,-5.1880546,-2.4907117,-4.2366667,-5.191966,-4.610904,-10.265358,-14.638733,-16.480324,-17.397104,-15.103094,-14.45463,-15.005224,-12.015319,-12.21919,-14.14768,-12.821883,-6.7528763,-5.566455,-2.0350971,2.3117876,1.8046713,1.026408,-0.5886635,-3.5481107,1.0020883,3.6601973,7.412386,7.707209,5.0691338,5.008157,4.8481846,4.1599817,3.6928818,2.4048047,1.8066382,2.2293396,2.7105186,2.184322,2.1222994,2.5987291,2.3482091,2.5290787,2.3801708,2.1894126,2.4866424,2.0642889,-0.47568575,0.19371688,-1.2330499,2.5168223,0.7486013,-3.4532356,-6.343195,-8.8333025,-6.898332,-6.2127857,-10.347498,-20.858042,-14.242467,-11.860685,-14.369608,-14.873424,-15.611624,-17.825296,-19.669468,-13.204243,-15.89579,-19.394682,-17.003523,-14.03041,-13.557472,-14.083628,-13.888824,-6.8658886,-1.7557516,1.3958817,-0.14559576,-2.1009219,-5.457084,-7.0259695,-6.818733,-8.459259,-8.384379,-7.8401175,-7.190783,-6.544556,-8.443516,-6.139653,-4.327839,-8.890981,-8.390664,-9.828924,-7.56631,-5.3080616,-9.4394655,-8.470698,-8.222792,-8.109102,-2.220417,0.9475165,1.2255235,-2.9016497,-6.3321495,-5.1779623,-6.267609,-7.319031,-9.158543,-9.245888,-11.729916,-15.098179,-14.263654,-11.799171,-13.079849,-12.981044,-6.9774294,-2.7972746,-0.9854931,-0.86667585,-1.0786108,-3.3427935,-4.0832477,-3.2403913,-6.275407,-4.109228,-2.734395,0.8172134,5.239023,5.267523,4.7621675,4.282571,3.238389,2.590052,2.5450387,1.9408495,1.0737127,0.95365167,0.64875567,-0.3508601,-0.8681339,-2.618325,-1.6759772,-2.9731545,-5.003501,-6.7144156,-6.3092356,-4.3194075,0.13164309,4.2774363,3.5253406,-1.0829647,-0.6110898,-1.3314002,-2.6742334,-6.428526,-5.8637767,-4.7441645,-5.873389,-6.238694,-6.004471,-6.415847,-8.6907625,-12.042741,-9.669946,-10.316734,-10.64785,-12.900629,-12.198272,-12.6426525,-13.283442,-12.510892,-10.284227,-2.523623,-0.8908843,1.5264001,-1.1752933,-4.9606376,-6.376851,-5.9191732,-1.6441609,0.23529121,1.1846868,1.2447438,1.9042493,1.7716293,1.3872983,0.40540963,-1.1868243,-3.5931869,-6.301732,-10.769211,-14.550065,-15.111331,-15.981607,-15.654134,-5.1996346,-1.5608352,-0.101604454,-1.2189556,-4.1049137,-0.60632545,0.43207645,-3.0013273,-5.5386095,-10.459813,-12.495802,-11.315811,-9.078308,-8.7329645,-10.964756,-8.314335,-8.480305,-13.52745,-14.636724,-16.047075,-11.594765,-9.309157,-7.2053313,-8.18216,-10.778343,-6.769138,-1.0160071,-1.3853176,2.01395,1.8850269,0.25774565,-1.980667,-3.6243443,-5.5220532,-7.1445246,-9.193582,-9.848436,-10.867884,-11.450182,-8.453602,-5.4905634,-5.5279264,-4.4318886,-5.499527,-6.099727,-3.5288503,-1.7570138,-3.3183932,-8.903416,-0.4175291,3.6875668,4.240424,4.6039696,1.1904981,1.8056453,-2.0022843,-7.749695,-7.71222,-9.0474,-8.612645,-8.754752,-13.522414,-10.259367,-11.152342,-17.505623,-18.399128,-15.536562,-2.2281017,4.700531,8.461503,8.863448,7.51848,7.0037107,6.545988,5.836988,4.136989,2.1021276,8.794726,10.567966,8.38851,4.814747,2.812047,3.7592733,3.3826995,2.9338264,1.9630759,1.9565488,1.335968,0.25538412,-0.3609617,-1.9977899,-2.8817735,-2.9403815,-5.7276945,-6.0513544,-6.799457,-5.6360292,-6.041173,-1.2866701,0.3379187,-0.93911624,-3.5191476,-6.188557,-6.7833376,-5.4198217,-3.5966306,-3.8333259,-5.1012363,-6.8885303,-7.247224,-6.4935536,-5.720742,-11.440384,-14.641821,-14.843417,-17.19566,-17.624405,-12.240387,-8.0332575,-14.075259,-22.166119,-19.576038,-16.496738,-13.052956,-8.934651,-7.4537396,-8.623816,-12.46907,-9.69433,-9.435888,-10.96486,-11.655872,-12.709094,-12.673601,-12.522215,-11.977252,-12.087827,-12.442812,-11.964873,-14.3832445,-11.728861,-10.511433,-1.9382113,5.428563,8.012952,7.874734,6.8479548,6.607991,7.069359,4.133233,1.6008486,3.6459458,4.4496317,4.3702106,3.9772081,4.0447755,3.8926787,2.8379636,1.5730579,-0.20178229,-2.159312,-3.9882898,-5.440607,-9.806323,-10.45841,-11.799302,-12.673723,-13.315655,-13.486395,-13.25582,-17.163393,-14.832143,-16.91184,-5.030785,-3.5225935,-3.4606478,-0.18160181,-2.783064,-3.5108721,-1.5499473,-1.1052293,0.14329398,-2.3720555,-3.490057,-0.6369009,0.35404223,-0.8057481,-1.7847754,-1.1861645,-0.6230874,-0.16885228,-0.93624717,-1.1248105,-0.24731322,-0.54113615,-1.7495384,-1.9121234,1.546432,4.232691,5.4539247,1.1269096,-0.97950345,-3.9059732
0.8263958,-4.6191697,-14.656633,-18.488863,-20.153162,-21.046734,-20.015491,-17.982374,-18.631622,-19.049652,-18.575308,-18.66138,-18.60777,-17.728756,-17.4926,-18.995163,-18.282194,-17.48549,-19.244139,-7.114396,1.8852389,0.551273,-2.957427,-3.8346581,-4.849061,-5.199408,-4.266144,-4.0012937,-6.142073,-5.185127,-5.043024,-6.019459,-6.010881,-7.148507,-8.518437,-10.563763,-9.340811,-7.4981365,-10.413631,-9.170973,-9.173334,-11.760242,-13.117912,-13.611894,-6.239668,2.3624701,1.1031204,-1.9839877,-6.0963197,-11.335867,-8.530075,-9.732222,-5.0323954,-3.3061128,-4.4681916,-3.002293,-4.8848186,-5.479302,-8.694125,-18.305271,-20.827267,-14.344547,-8.03172,-8.1181135,-6.4191985,-6.96968,-7.7601995,-10.845294,-10.380369,-6.413188,-3.2991674,2.9771671,4.99053,5.013755,4.544484,3.958908,3.6074123,2.7600596,2.1823053,1.4639292,0.72667646,0.70744723,0.91375303,1.1364937,1.0866506,0.75659955,-0.15085226,-0.21374789,-0.16129464,-2.8577976,-4.0783563,-5.7337446,-5.060195,-0.2256473,2.0794992,-2.022564,-4.1099644,-1.4269843,-2.8766813,-2.9738472,-4.2688,-6.877603,-10.446782,-10.23633,-9.382657,-8.549262,-9.423604,-11.2108,-14.864548,-15.158483,-10.701522,-9.109816,-9.417789,-8.396295,-7.311285,-5.8841634,-5.413122,-8.744636,-9.991301,-5.4121294,-1.659184,-0.1176028,-0.84164435,-2.359807,-3.1464136,-3.0446424,-2.7771797,-2.4633298,-2.2075324,-1.772738,-1.8181448,-1.7459943,-1.6530232,-1.5673723,-2.0127878,-3.3978999,-2.8886123,-1.5188613,-1.2564466,-3.3850331,-4.5232873,-5.455969,-2.2916327,0.86921334,-0.07668672,-1.1570201,-4.183172,-5.3302736,-7.5073633,-9.414474,-8.152695,-8.722275,-9.59601,-8.43738,-6.9240313,-9.070477,-9.752076,-11.022058,-12.308559,-12.244903,-7.9745507,-6.955289,-2.2902172,-0.4892956,-0.33678973,0.033293948,-0.49763513,-1.749841,1.4036248,6.101177,6.8908935,6.644824,4.518444,3.5707142,0.30130753,-1.3982236,-3.3830438,-4.1206903,-6.271084,-11.132967,-17.542894,-15.62096,-16.690672,-15.310594,-12.750712,-11.087619,-8.116914,-7.5365233,-8.820444,-10.856987,-12.892603,-10.352611,0.66228306,0.3567103,-3.6918201,-2.7574823,-8.777222,-10.950102,-8.880829,-5.0463486,-4.697596,-6.3471136,-6.42157,-7.601085,-7.9193144,-8.260767,-5.6232095,-6.793694,-9.197826,-6.168576,-8.428884,-11.095638,-6.7066836,-9.531441,-12.405415,-7.7891197,-11.209458,-7.332961,2.7651806,2.0500114,-3.8039885,-6.5201087,-8.520938,-5.354067,-5.352139,-3.4969926,-3.9109316,-4.1078773,-3.0443568,-2.3594317,-3.5849216,-4.9792466,-5.0603065,-5.155999,-5.0423484,-6.010371,-5.0524335,-6.8918505,-7.4332147,-12.307376,-15.21501,-13.573898,-0.86625147,1.8841903,-1.8062124,-5.9483376,-4.741557,-8.49848,-7.0640063,-8.085183,-10.517538,-10.945246,-10.505747,-11.156038,-12.112189,-12.04796,-12.246004,-13.057259,-15.84939,-11.619729,-7.852058,-10.097522,-14.732681,-18.864126,-22.011463,-27.510042,-12.572142,-1.2791972,1.3748747,-1.3120425,-3.6084723,-2.8134105,-3.3174636,-2.3465748,-3.127642,-3.0224142,-3.8241887,-3.853529,-4.165163,-5.843299,-6.7155027,-8.178513,-8.697927,-11.256954,-12.015102,-14.769935,-16.983278,-16.44225,-13.289688,-9.863394,-12.478235,-14.305123,-2.344743,3.2158518,2.2919528,1.0226941,2.042149,0.4794729,-0.93105465,-2.240688,-4.7615333,-8.664049,-8.515603,-11.049123,-8.928064,-8.988312,-8.780819,-9.861273,-7.7391787,-10.363046,-11.321277,-14.081979,-16.38619,-18.118107,-18.453102,-21.442938,-21.166466,-17.12513,-7.436694,0.37416965,-0.36705178,-2.6553984,-4.8929873,-4.4578447,-6.378232,-6.3183174,-7.978678,-8.781968,-9.146906,-10.189742,-8.782264,-10.032474,-8.470765,-12.80889,-17.537895,-16.475496,-12.862911,-9.416721,-10.214857,-12.9245,-19.219038,-15.084929,-8.445161,-0.37061068,-0.9724196,-7.5254374,-4.867326,-3.8228405,-5.9901657,-5.633104,-6.424687,-8.276535,-8.737908,-9.5275345,-6.4811907,-8.237785,-9.209063,-7.751488,-7.6725883,-6.9186897,-7.2690907,-8.052267,-12.042347,-14.783374,-12.785292,-13.681128,-16.305996,-16.601467,-6.136188,2.1390262,3.1485286,4.417202,6.9235396,8.297388,7.9947224,9.926204,9.976952,10.655185,10.991238,8.7081375,4.177459,-1.3261578,-5.0030155,-7.5066757,-5.511409,-6.7394247,-6.438114,-6.7162604,-9.146433,-10.081158,-9.5697565,-9.318661,-1.6755376,3.1167982,0.9524989,1.1359094,-1.6149987,-5.1700506,-10.31016,-6.7327595,-3.4445808,-5.3042393,-9.282125,-6.4879584,-3.3280656,-7.0635657,-8.6742525,-9.744404,-12.217149,-13.098439,-11.21502,-8.172548,-13.558279,-7.498007,-1.863543,-4.369236,-10.3141775,-5.732089,4.3420463,5.759863,2.4215899,0.5487255,-8.142103,-13.724964,-10.699062,-10.05369,-10.694349,-14.530647,-15.22234,-17.83644,-17.610365,-13.874873,-12.79203,-13.255678,-14.796776,-14.333419,-15.061211,-11.345451,-10.714265,-10.2393,-9.446954,-1.4966367,2.5715613,-0.94180256,-3.107139,-5.176429,-9.008415,-11.455921,-9.435725,-7.318418,-6.550874,-7.061407,-5.8252525,-5.6109533,-5.6398993,-6.928709,-8.5202675,-11.7468405,-14.628306,-10.198214,-7.610659,-6.1494255,-5.335119,-4.3135004,-3.7374897,-4.137813,-5.980343,-6.4518666,-1.8162782,-0.23679832,-1.5246838,-2.6472425,-2.326993,-1.5739181,-0.9341815,-0.4613405,-0.5524479,-0.1932967,-0.55861014,-0.21709216,-2.2691817,-5.4397798,-5.375189,-3.7463431,-3.767382,-2.9369602,-2.4199123,-6.1098137,-8.081791,-8.300216,-8.599004,0.2710047,1.9273914,-0.15128163,-1.3422339,-2.3066041,-3.4708786,-4.2936225,-2.2060032,-4.9883003,-3.8079336,-3.3399162,-6.27627,-8.344422,-8.444088,-13.700429,-9.498363,-10.024134,-13.387829,-10.900744,-6.19716,-8.331698,-11.821451,-16.008276,-19.71668,-17.43242,-4.4273643,2.1147301,-0.24875374,-4.800455,-6.306616,-12.1289835,-15.385667,-15.922167,-16.960403,-19.635698,-19.327225,-17.869297,-16.458662,-13.910641,-11.927267,-11.522741,-12.303272,-12.161617,-14.156685,-17.033508,-17.035015,-13.935413,-15.036105,-14.302167,-13.761652,-2.3022423,3.5557928,1.9039811,-0.98191607,-3.213079,-5.5140443,-8.416357,-10.765561,-9.730376,-14.822119,-18.196606,-20.312725,-20.825274,-16.012756,-15.097834,-19.132397,-16.391026,-12.728089,-11.424427,-10.730977,-9.922718,-8.9890995,-8.884721,-11.754581,-12.07405,-2.79107,3.0856168,2.28546,-3.9244633,-4.5868835,-5.225157,-6.237177,-6.33734,-6.6384287,-7.129336,-7.2482324,-8.239556,-7.6547904,-8.771289,-8.112532,-8.845567,-10.391856,-9.632805,-9.967337,-9.904178,-11.472523,-10.936637,-11.148945,-12.451557,-14.808745,-2.388422,3.4310248,1.1219715,-2.1481395,-1.9162173,-1.420303,-2.387057,-1.8225373,-2.5254211,-4.0962496,-3.630688,-4.321924,-5.2489033,-5.7179112,-7.3557987,-9.547904,-11.47439,-12.323914,-12.382108,-11.395237,-15.591607,-15.246571,-16.70543,-18.344744,-17.202631,-13.14957,-1.0631382,5.096916,2.4820373,-3.9571764,-5.282678,-3.9451313,-7.975964,-6.1398277,-4.066553,-6.6793633,-7.463493,-4.0631785,-7.7429028,-7.6274376,-5.1534963,-8.143917,-15.684362,-6.3450665,-1.9972367,-1.0232457,-0.15371124,1.998775,2.5288343,3.032509,3.7364764,5.218675,7.0978017,6.310565,5.7672024,4.9189143,4.1963606,5.2757015,6.1941843,6.7431836,6.5828485,5.467701,4.71651,5.3179884,7.493287,8.928738,6.0951896,7.650872,10.291261,10.5294695,12.01849,11.790667,8.979662,8.918011,11.585537,13.124447,12.473061,12.193829,12.326675,12.846119,13.049134,9.370106,4.0672307,3.9996133,1.2518978,-0.4243581,-1.778376,-3.91117,-4.136619,-3.6710172,-3.8163104,-4.8151593,-6.433656,-3.8979003,-3.6255422,-6.1659822,-6.9367056,-8.618063,-8.284326,-7.7522306,-9.554535,-3.4461913,4.606959,4.000385,1.8362927,-1.5456657,-5.76342,-12.176066,-12.505085,-16.747505,-21.025063,-20.602789,-12.0583,-10.243811,-12.20333,-15.021233,-12.667847,-10.217771,-8.937364,-6.505478,-2.866146,-2.589246,-5.7500463,-8.700793,-7.0249467,-9.598749,-14.164313,-3.3035765,2.2486904,1.6012547,0.13339762,-4.5362277,-5.6589293,-4.2512674,-5.2521715,-7.3600664,-8.179083,-9.131304,-10.721487,-10.491228,-10.541892,-9.221485,-9.404245,-5.0879292,-4.1852684,-6.2359114,-10.18055,-12.943801,-12.892778,-12.402964,-11.994805,-16.040169,-6.8093596,-0.96569574,-1.1981275,-0.99683464,-1.9313278,-6.452405,-6.1343713,-6.3319635,-4.793347,-5.952644,-8.722323,-14.004448,-14.631046,-12.874493,-15.826655,-17.198906,-15.342157,-16.308084,-13.335324,-10.363667,-11.25021,-9.370434,-10.538005,-10.392698,-11.6463175,-5.8967953,2.645047,2.3365493,0.4103339,-1.5776616,-7.2357507,-5.343816,-4.349841,-3.5223818,-3.5090213,-3.245189,-3.0107317,-2.6580176,-2.2470257,-2.0263505,-1.9373798,-3.0784664,-3.7445598,-4.163401,-4.611395,-5.1292334,-6.138216,-7.668679,-6.492326,-6.5564013,1.3298506,0.47643945,0.0020015594,2.0206604,0.74808323,0.50737965,0.06057279,-0.65081215,-1.739697,-3.512747,-3.4584186,-4.336118,-5.589943,-5.0776143,-5.3788733,-7.1704288,-8.404628,-9.30357,-10.474421,-9.136463,-11.182638,-14.008712,-12.789763,-13.259241,-12.39574,-6.957714,2.6969337,4.219695,-0.25890666,-0.4551893,-0.92446053,-2.5907593,-2.8297,-2.6476905,-2.881692,-3.3634946,-3.2257638,-3.9510963,-3.684888,-4.847987,-5.821677,-7.2051907,-7.466123,-5.056109,-7.3525004,-10.00219,-8.730781,-8.810891,-4.751882,2.6304922,1.6703835,-2.789799,-1.0742695,-6.6104217,-6.731911,-8.881109,-8.314596,-6.318343,-7.266464,-7.779249,-8.282094,-8.072544,-9.08182,-10.02721,-11.3143835,-12.776119,-13.708536,-6.215171,-3.6411836,-3.3487444,-6.3716726,-4.7473006,-4.648196,-5.315139,-6.9913454,-4.691369,-3.7355647,-2.2985883,0.08427353,1.3372259,2.4354794,2.2585511,1.5119917,1.4717009,0.6473063,0.23935094,0.27490145,0.29666033,0.18104824,0.5852659,0.5639605,0.29154444,0.03645605,-0.67721754,-1.0940824,-3.0891018,-5.3483095,-4.5757475,-4.332293,-6.596469,-6.5973816,1.261093,1.0859411,-0.09962863,0.25189143,-3.6525173,-3.4412696,-6.2696114,-10.267854,-13.233482,-15.1032505,-15.010962,-14.579853,-14.904352,-12.508541,-13.438137,-16.828306,-15.374109,-7.056577,-4.1012425,-1.181833,-0.9188547,-3.831913,-4.503717,-3.923073,-4.7764792,-2.48427,-3.1873097,0.48712355,0.22733182,-1.9306813,-2.3477328,-2.8490913,-2.924108,-2.7501516,-3.8305354,-3.5909014,-3.928847,-3.6429288,-3.8771632,-3.3520389,-3.3172476,-4.0893884,-4.212013,-3.8829412,-4.18676,-0.67154104,-1.5010638,-3.7592268,-1.5595113,-0.13712804,4.2733803,3.4862688,2.2329113,2.6008275,2.1750941,0.40922537,-0.98018694,-1.9493489,-1.2787997,-1.4488297,-4.821928,-8.844877,-6.592098,-8.115728,-12.762519,-14.402751,-3.2688167,0.40934557,1.0418458,1.9001331,1.8849509,2.5480533,1.3757366,-1.0372293,-1.1061833,-1.144905,2.085744,3.2896147,3.5662637,1.1668499,-0.2798074,-0.3212036,0.12573245,-0.26593658,-1.2986184,-1.9260235,-3.1683147,-3.8428333,-4.188114,-4.8583155,-5.2570004,-4.08601,-3.8770273,-3.4989522,-2.6326833,-3.8969564,-4.114055,-4.184821,-3.9283419,0.73563075,4.529038,2.7293217,0.5021635,-0.5371383,-2.9223573,-7.952702,-11.102625,-8.433971,-5.6334496,-5.617394,-6.225577,-8.286338,-11.69729,-13.764818,-13.369981,-4.952555,-0.0015083784,1.4604638,1.145735,0.2907141,-1.3426001,-1.2738723,-1.5616941,-5.102749,0.3625022,2.2053483,1.4519525,2.3798032,-1.0718757,-0.44880223,-0.8726381,-3.0421681,-3.1379414,-2.2901657,-3.1743476,-3.9619622,-4.4726725,-5.481961,-6.27919,-6.509585,-7.796747,-7.4665775,-8.265907,-9.793414,-12.451258,-12.288853,-11.019094,0.29031897,5.3027797,2.3493698,-0.46339378,-2.6119561,-6.316581,-6.979786,-7.322342,-7.974705,-10.196704,-10.209574,-8.602898,-6.6665907,-9.139656,-11.830602,-15.553509,-11.39447,-8.973237,-12.332211,-14.388557,-13.241917,-16.64439,-19.099125,-16.573322,-8.259838,0.41559604,3.4092405,3.5215392,1.6366589,-0.59439087,-2.207394,-1.4384581,0.28309584,1.6756736,2.6550808,3.077269,3.2715502,2.930879,2.3050728,2.1213124,0.2540366,-1.2856622,-3.7670164,-6.29184,-7.1618357,-7.6905518,-8.56495,-8.952057,-4.6502657,2.75607,3.0102963,-1.2617446,-2.2644103,-1.9701021,-1.33981,-3.8341806,-5.0727034,-10.612091,-10.263771,-10.645389,-12.386136,-13.106321,-12.857067,-11.404278,-12.038626,-14.905725,-14.014949,-13.619079,-13.647881,-14.455719,-11.522049,-11.803801,-11.960945,-4.336228,2.5576673,3.0346467,-0.5424566,0.45440507,-0.48837873,-0.43214932,-0.7017186,0.46210036,-1.3481038,-1.387241,-0.8443236,-1.6301687,-0.6692136,-1.6083604,0.49529284,-1.4033642,-2.0694325,-3.5446877,-3.0172114,-4.1307106,-2.7364068,-3.3164034,-4.4813294,-1.6527414,2.0298386,1.3069844,-0.8086095,-2.5079288,-3.964036,-3.5134835,-2.9076586,-6.0491667,-6.562379,-8.232295,-7.597206,-7.0494075,-7.802186,-5.992911,-7.337179,-8.733942,-9.774318,-2.0481968,1.368714,2.5895188,2.48669,2.7454474,1.9246004,0.19520895,2.1657357,6.037422,6.2900405,8.694619,10.101046,8.681373,6.035921,4.705898,4.9032536,4.617283,4.1336403,3.7172542,3.500781,2.8623786,1.6848243,0.38059092,-0.87378734,-1.7954339,-2.9478977,-4.7882786,-5.2857137,-5.1945724,-5.7015324,-4.745482,0.89195937,2.047733,-2.0308242,-6.2327676,-5.433836,-3.9122508,-3.4661307,-4.436156,-5.174344,-8.207183,-9.803297,-12.291064,-11.0816555,-9.440232,-14.700322,-16.496956,-15.990924,-14.561466,-17.280523,-17.399538,-15.65107,-20.657143,-20.713045,-17.095469,-21.04759,-13.608789,-5.205818,-4.2689624,-3.3629773,-6.18681,-9.845728,-9.795222,-13.814873,-11.0585985,-12.703048,-11.892252,-9.817173,-10.499038,-12.701639,-13.050911,-15.28731,-14.0598955,-14.602911,-11.861715,-4.8316193,0.8723446,1.8537464,1.9737473,1.2331012,1.1152492,2.752264,0.68454534,0.8503386,0.65235823,-1.3291932,-1.1761699,-0.9943757,-1.7130088,-1.302539,-1.4246608,-2.5974963,-4.212984,-6.4406414,-7.91529,-9.4939785,-9.661658,-12.669225,-12.885967,-15.165016,-14.04637,-12.307649,-12.323635,-10.331345,-15.811914,-17.08291,-4.3154,1.8609964,-0.18762505,-4.068696,-8.387783,-8.674883,-9.821798,-12.824126,-9.337919,-9.766275,-9.219959,-7.909872,-7.912301,-7.5928,-9.139609,-8.574696,-8.373295,-8.562999,-10.8420515,-12.650606,-11.817863,-11.625924,-12.664147,-7.110488,1.5094378,3.3178577,-0.6099371,-5.657668,-8.358811,-10.99214
2.5075448,-2.4018092,-14.231033,-17.809555,-19.515915,-21.356218,-17.982925,-17.32468,-19.085897,-18.409185,-15.659333,-13.7900305,-11.379019,-12.191359,-13.274474,-17.264015,-13.927933,-14.273057,-17.984003,-6.926045,1.0620402,0.49996352,-3.512118,-3.861228,-9.180028,-9.956949,-12.022449,-10.887345,-9.127591,-9.036978,-10.808622,-11.5625,-12.223909,-12.898625,-14.345734,-16.248058,-10.381666,-11.289767,-15.783144,-10.873154,-11.977229,-16.716286,-13.20786,-10.3504,-9.800751,-0.42328015,4.198297,1.8092017,-3.372335,-6.365621,-8.609526,-8.560122,-9.425184,-9.519426,-9.225309,-3.9437032,-3.2228386,-2.7160487,-4.1359253,-12.17716,-14.943733,-18.171001,-15.256857,-15.963165,-13.491886,-10.396391,-12.789279,-16.84727,-10.168945,-3.609684,-2.1664877,1.6667624,7.137582,5.6314945,1.2931929,5.592411,6.9987593,2.6235082,3.2902822,5.7885933,2.278549,1.5014131,5.3505077,3.6976848,-0.60109633,3.9547298,4.0914454,0.5569283,3.3688579,4.0313525,-0.49925292,0.30722576,3.0501637,0.7348623,-1.6821508,0.006812501,4.4626465,4.146702,-2.2744703,2.089285,3.4958506,-0.92251784,-2.1501653,-0.92744577,-4.09092,-2.1910431,-1.9650139,-5.614462,-5.986944,-4.7035108,-4.786706,-4.782393,-5.2848988,-2.8864727,-2.9824102,-7.2165995,-12.189966,-14.535887,-13.483345,-2.0736709,0.9593266,-0.597787,0.61992943,0.9653655,0.493747,0.10858391,-0.92902094,-1.0325296,-0.970232,-1.1792036,-0.8722922,-0.8285881,-1.0070064,-1.599812,-2.471583,-2.3407102,1.5048544,4.315682,4.394408,3.1914897,2.8180466,2.5784848,2.8838873,0.8585065,1.092163,5.749988,5.3219533,2.171337,0.042193003,-1.41667,-2.7659721,-3.8142414,-4.90032,-3.5043063,-1.8824075,-2.5089211,-5.159025,-7.0255413,-6.898742,-6.681694,-4.668515,-3.0509295,-4.3439565,-5.086609,-7.348985,-13.537146,-15.530339,-15.798088,-2.041047,5.900528,7.2357388,5.8999157,5.7645845,4.2950673,0.06712227,-0.95191705,-3.316554,-3.7252831,-4.471548,-12.316646,-17.374886,-17.867237,-17.09414,-13.42272,-12.407646,-4.0775084,1.4782019,-0.5654006,-4.199875,-5.064843,-4.3823056,-6.7104506,-1.9399816,-1.6277896,-0.7906904,4.8064985,2.8140583,-3.341268,-6.979558,-1.4159261,-2.381545,-6.040885,-3.795211,-5.26074,-10.252594,-7.46676,-0.51848763,1.114918,1.3788587,1.8657113,-0.3403348,-0.7910994,1.3163937,-2.1735544,-1.9429021,-1.1911588,-4.2904205,-0.48062193,-0.06104471,-0.781937,-1.4943177,-4.3828993,-7.1797676,-10.601455,-15.86074,-17.57467,-15.480026,-15.111921,-15.373268,-14.491025,-14.232673,-19.345798,-18.954498,-15.047908,-13.101088,-18.042652,-16.907612,-10.8283,-12.250153,-18.813894,-18.910042,-10.6604185,-6.9049454,-2.8327308,-5.9188104,-5.82329,-5.3256745,-6.7117043,-7.814637,-7.9479303,-11.430259,-11.121045,-7.927493,-9.75264,-12.980538,-12.410681,-11.307616,-12.489656,-13.940087,-9.5922575,-5.4938765,-9.911851,-20.139164,-22.60453,-24.44319,-25.227386,-18.886377,-2.9765513,0.8856051,-0.276809,3.1929758,4.7095127,4.156324,3.2077827,2.9714866,4.033622,4.0829353,3.9694886,3.213136,1.9061701,1.0796218,0.36279935,-0.27355438,-5.538615,-7.921172,-9.629851,-10.846105,-12.766023,-10.093843,-5.325303,-8.555527,-16.811394,-7.9884963,-0.38819236,1.7000363,7.7754235,10.3575535,9.214879,7.3000937,3.607779,-1.6790035,-6.784878,-7.2176228,-9.175192,-8.293407,-4.803302,-1.867878,-1.4404887,-1.9801813,-4.142401,-5.0641823,-7.660752,-13.107871,-13.924213,-12.652517,-13.157516,-16.608084,-22.906013,-7.64477,2.517637,2.1277885,-5.3308015,-5.314045,-7.369594,-5.299532,-5.72009,-7.3199787,-8.925517,-8.422364,-11.117548,-12.392487,-10.966961,-12.842616,-14.11152,-17.790812,-17.274426,-11.432823,-5.155241,-4.6103997,-8.669751,-15.103034,-12.708065,-10.624126,-6.460597,-8.626489,-4.126882,0.14603512,-3.0280948,-11.716671,-14.740993,-15.296584,-15.380288,-14.58959,-9.615279,-6.591642,-8.427419,-9.384612,-10.332004,-12.309923,-13.301064,-11.917857,-7.6807113,-9.165367,-16.38003,-14.189108,-12.912413,-13.590149,-7.6004977,-1.2208936,-1.2003235,2.4177203,9.263501,8.256728,-0.79962516,2.6013973,6.578244,7.323158,10.139741,14.24478,15.091326,11.155069,3.3492622,-7.498014,-9.858375,-10.161766,-7.7992563,-5.9635425,-7.081514,-13.994794,-14.724407,-11.347575,-7.75481,-3.8272295,0.26996222,-1.6957326,2.1998842,-0.92671835,-5.2319937,-8.092774,-5.4017763,-4.743667,-10.434137,-13.453047,-9.414566,-7.178933,-11.175117,-14.86804,-13.63994,-12.63785,-13.668072,-19.204937,-12.997787,-14.947539,-7.6781154,2.0847569,1.985055,-3.1821141,-0.99898183,0.8651508,4.695135,10.313605,11.188097,8.211405,7.3632836,8.03625,8.183921,7.4127936,7.287411,6.581868,6.215277,5.763514,5.4018183,4.8180904,4.2443457,3.8906887,4.3797927,4.6135254,4.5890884,4.4164844,4.087992,3.166315,2.131626,0.99246746,1.8491013,0.8525017,1.7709606,2.262617,1.1873274,0.24822041,-0.2714577,-0.41348338,-1.481849,-2.5019264,-2.6874242,-3.043575,-3.6516988,-4.4913044,-3.3176975,-1.186141,-0.92932427,-1.3957058,-1.6394888,-1.998273,-1.6046903,-1.0703363,-3.9466953,-2.9145627,0.9489901,-0.21004349,-1.5502312,-0.9232037,1.6639327,2.3938174,4.6276183,4.1940637,4.051728,3.942575,0.7122728,1.9008691,1.4614962,3.699502,5.3298974,1.1438608,1.4478354,0.59328806,4.13289,3.6218808,-1.0235429,1.6947834,0.11366412,0.25555056,-0.70340663,-1.6255504,-1.4301263,-1.9713778,-0.078199044,0.9058234,1.8927016,2.9456506,1.812537,2.8742208,3.545067,0.9999639,-0.67839944,-1.4767299,-3.966775,-2.5910397,-4.9025526,-13.444158,-7.515644,-3.898873,-9.198602,-20.87996,-22.183153,-17.637943,-19.157936,-9.022805,-0.45390534,-3.370058,-2.0809343,0.05148778,-6.3809834,-14.889322,-7.8438406,-7.200756,-13.055256,-9.362804,-6.8593335,-9.369329,-7.1248965,-3.9130163,-3.1974773,-2.720219,-2.2802875,-5.3256493,-11.175514,-10.977651,-8.613356,-7.816324,-6.7548933,-6.9394183,-5.731534,-1.7649786,-0.5682787,-3.0550992,-3.1830711,-1.3909329,-1.2898471,-2.1294212,-4.3895297,-10.880341,-15.841742,-12.883487,-12.775068,-12.859907,-16.585594,-17.712048,-20.081997,-31.704123,-28.572762,-27.818611,-22.791496,-22.120247,-15.60258,-11.075134,-12.180857,-6.1096,1.3060596,0.84102714,-1.010837,-3.8697658,-5.007201,-8.544125,-6.7210746,-7.911112,-7.7572594,-8.66563,-7.67706,-8.15883,-9.944761,-8.7007675,-10.051226,-11.073542,-10.010243,-8.462478,-7.361697,-11.710409,-8.652351,-10.285497,-11.918011,-14.002448,-6.6108904,-4.7499447,-3.9916286,-1.8904434,-2.0535698,-0.52349263,-1.7786126,-0.8948535,-2.3338282,-3.3496163,-3.5115216,-3.8006186,-3.7697606,-5.95588,-6.9643974,-8.815335,-10.823404,-12.928997,-13.985586,-10.23425,-13.334501,-15.237187,-18.176762,-17.692526,-18.172935,-7.229447,1.2074636,1.2135931,2.6135526,2.3607893,0.8470517,2.154456,0.5289056,1.8719255,3.4831052,2.6455986,1.557275,3.2331254,1.9696058,-1.2477126,0.99663526,3.9514356,5.5676885,6.9556427,9.165058,10.70332,11.832268,12.851844,13.63031,14.424066,14.879064,14.836627,14.6404505,14.677511,14.971856,15.231356,15.697075,16.001875,15.838462,15.383785,14.803747,14.648228,14.413425,13.656488,11.363153,5.8231874,-0.081357144,0.20021313,5.4812574,5.611052,6.4949965,4.1489086,3.198195,7.0888643,12.190782,13.091404,12.210085,14.042582,14.227509,13.375055,12.911037,8.669303,4.8380847,4.648575,2.2005413,0.2108148,-1.2110074,-3.3964622,-3.482897,-2.3175344,-3.4591053,-4.0759244,-5.3301096,-4.1957836,-3.2145576,-4.8324623,-7.240314,-8.030121,-7.557104,-7.22629,-8.213549,-4.6196027,-1.4422524,-4.7419415,-3.9901228,-6.022979,-11.707973,-16.38988,-20.691246,-20.97271,-19.883905,-20.397743,-13.347931,-10.844411,-14.939851,-20.117512,-22.055515,-13.254863,-8.395968,-8.533369,-9.504564,-14.342814,-18.478327,-14.573083,-11.2670145,-10.211878,-12.004405,-10.686773,-0.7595824,0.5514654,-4.9169984,-3.5808394,-6.089668,-5.604706,-5.4072876,-7.614772,-8.075396,-9.231749,-11.836775,-12.985253,-9.922017,-10.732958,-10.325996,-7.632741,-3.7950077,-3.8457165,-12.099357,-16.67754,-16.188505,-14.287905,-13.141926,-17.902334,-13.421501,-3.6482077,-1.4062178,-1.7729177,-2.8373704,-6.5475793,-6.325931,-3.1785069,-2.1302438,-3.6310186,-6.963381,-13.147908,-15.532261,-16.29313,-14.335612,-16.235233,-14.708981,-14.153399,-12.743452,-8.3614235,-9.305732,-7.184112,-9.068231,-9.113074,-11.155114,-9.255071,0.0030363977,3.7657096,5.3821397,2.4305024,-4.4537573,-3.8784137,1.613162,3.5009623,4.0878396,4.6148615,4.8986793,5.169118,5.70516,5.932184,5.7473426,5.119531,4.413572,3.6048474,3.0140374,2.5136878,1.817492,1.153803,0.39436543,-2.1026542,2.6744251,3.6671052,7.2960835,9.599164,8.680738,7.7378044,7.173629,6.9292736,6.5631495,5.8960657,5.6137457,4.6345687,3.3748438,2.6144643,1.9651331,1.4418263,0.7360044,-1.5706334,-5.585709,-2.378789,-1.8763204,-2.778535,-3.8045573,-4.0429015,-2.6659698,-2.0504978,0.8958203,0.6864726,0.37433398,-3.488421,-6.6639857,-9.815033,-12.267029,-10.735721,-8.797732,-9.435461,-7.385545,-8.088152,-10.068064,-10.312387,-13.328265,-11.78033,-4.685163,-0.7826936,-2.7595234,-5.7180123,-6.305318,-10.844335,-6.809533,-3.6314096,-0.15654153,1.9026287,4.4118114,-2.4688463,-4.728179,-7.64271,-5.0745177,-7.1187954,-7.1499853,-7.0506887,-6.93872,-6.43646,-8.892269,-8.556766,-11.932429,-13.218981,-14.641514,-13.173324,-13.304185,-13.448729,-14.759722,-13.27629,-12.093376,-9.300569,-3.9752145,-5.125322,-2.317956,-1.0088615,-5.763287,-12.762462,-16.7393,-16.528957,-20.163433,-21.11929,-19.611832,-17.841948,-24.425747,-28.866165,-29.663574,-25.71782,-27.898922,-27.717575,-23.542511,-27.017462,-25.09285,-24.702797,-24.191778,-27.299133,-22.623783,-16.044561,-7.380314,1.3309748,1.6564096,2.875129,0.029453391,-3.205733,0.19720913,-0.2901716,-1.9340807,-2.2329402,-0.56361973,-0.7509083,-4.705725,-2.9695165,-3.7622766,-5.605365,-4.504171,0.9932909,4.4415517,6.958642,3.8575382,4.272601,4.68904,3.7572565,4.0253725,5.2137284,4.4953785,-1.1989934,3.3655407,7.60211,7.0840864,6.180187,6.819605,7.1979165,7.1328545,6.478586,6.4065475,6.4987993,6.049181,5.9800344,6.748267,6.6351395,5.883049,5.8110895,5.979453,6.283079,8.215995,8.5822,7.579694,7.940016,8.266204,9.563973,12.216736,12.69664,12.362243,11.778617,10.306095,8.822211,8.088149,7.16444,5.8841567,4.017001,2.0893846,2.3338594,0.695447,-2.743688,-4.4752665,1.1808441,4.123407,4.79504,6.451512,2.9690363,6.0625196,7.448191,6.8578033,7.1045046,9.036905,10.582257,9.321837,8.797341,8.227014,7.303856,7.391152,7.8593616,7.2948556,6.4761753,5.4802,3.5062823,1.8774726,1.0281615,0.7960218,1.4854003,2.7410471,3.2528877,3.1544626,2.9712744,2.9958618,3.8116403,3.1985273,2.1430724,3.1375492,3.8127491,1.1340632,6.242902,6.9081326,4.5457015,0.3045358,-5.2686577,-1.7425054,2.283558,3.654158,2.3430839,-2.057889,-6.4062557,-6.544265,-9.534451,-14.091572,-14.228313,-15.037483,-18.85448,-15.545363,-12.8061695,-15.1731,-16.981012,-12.072582,-5.167746,-4.915826,0.79841673,-1.4085307,-9.590999,-11.231236,-8.080193,-8.546833,-10.593201,-8.161304,-8.153689,-10.1191,-10.991493,-11.770472,-13.628993,-12.966476,-12.241224,-11.660252,-12.226231,-9.521745,-12.840205,-15.225097,-11.75272,-0.9280484,2.143033,-1.5116954,4.066733,2.3888154,-3.2708359,-8.484708,-6.7897053,-6.604066,-7.59489,-8.702499,-8.459756,-6.6992073,-9.496028,-14.794139,-14.975604,-10.135263,-6.596811,-11.202597,-11.282954,-8.678787,-11.258656,-15.072655,-14.910789,-8.437125,0.8712438,5.30653,3.4256072,-0.33700678,-1.4770259,-0.3180537,0.6598684,1.3060248,1.3648527,1.3696892,1.3465655,0.99701554,0.33088756,0.22341967,-0.2101125,-0.09742708,0.19491148,-0.18195406,-0.29552466,-0.5589764,-1.1765883,-2.081179,-4.7614017,-7.9516926,-2.557006,1.4025854,1.5897386,4.997772,3.3115861,-0.80760485,2.925198,2.5294743,-1.3697889,-2.6323154,-5.2051334,-13.990483,-16.196722,-11.860699,-14.485043,-19.548538,-15.22437,-14.916687,-14.069943,-13.675308,-11.143521,-9.350099,-8.614338,-11.36181,-9.958573,-2.6246362,4.6223583,5.247384,5.2776194,5.1262693,5.949841,6.8463664,7.4323406,6.8434615,6.860305,7.019767,6.5227647,6.676624,6.4612217,6.7636867,6.2029037,6.1383843,5.437469,5.1517673,4.42552,5.1719933,4.9267454,4.402962,4.3376265,4.071067,5.474576,5.8733487,2.1754143,0.09072757,4.262704,5.3201065,1.867754,-1.8724798,2.1469758,3.246262,0.870787,-0.558629,3.703349,3.903725,0.5217254,-2.8788366,2.0695462,3.1275954,1.7977114,-2.906716,0.73348516,1.9126618,0.33315134,-2.4992666,-1.1787903,4.6998568,7.5128107,7.3754096,5.740273,1.8295424,-3.8987002,-5.0984945,-4.531342,-3.6096587,-3.3527818,-5.220771,-8.08874,-8.307423,-8.450405,-10.033379,-9.900324,-11.166955,-13.139042,-13.061163,-12.142667,-11.562985,-13.296854,-9.104924,-4.254166,-2.3144813,2.9254339,4.3379884,4.1500835,3.498445,0.3806507,-4.964066,-6.2489405,-4.919019,-5.130963,-8.777148,-8.705484,-10.374227,-10.470925,-8.448664,-7.7905807,-8.819884,-12.197157,-18.827263,-19.454893,-14.690386,-10.5121565,-14.738579,-12.792472,-7.715636,-3.2753108,2.9711912,2.3124542,-3.2630997,-5.630721,-9.131943,-8.380912,-12.343906,-11.3773155,-9.3481045,-10.000595,-12.737628,-11.742692,-13.552578,-14.351915,-13.617481,-6.5322495,-0.3026883,-3.3070316,-6.574971,-7.4871874,-6.511504,-4.2529826,-4.895834,2.2953072,4.466001,0.79588175,-6.2358003,-7.4311013,-3.8515296,-4.648357,-6.215042,-5.843179,-7.581273,-8.536417,-9.990667,-9.601726,-10.939375,-9.579786,-10.757263,-9.7308855,-11.660221,-14.069318,-13.509111,-12.5353155,-8.14083,-9.473379,-9.007103,-5.54179,2.8411279,5.1252537,5.790203,5.338808,4.6112604,4.2045903,3.8141723,3.1258898,2.3010058,0.45290053,-0.6967645,0.26541385,-0.2940655,-0.5574242,-0.11491738,0.34746256,0.044325884,0.12288385,0.30012202,0.44673577,0.9195348,0.5223057,-0.0816312,1.8868034,1.828537,-2.3473234,-3.260829,-2.113946,-4.4861784
-0.9431687,-7.125373,-19.556534,-11.475644,-8.072479,-8.732659,-11.204041,-12.325368,-14.651697,-14.544845,-14.105433,-13.986986,-12.996254,-13.807344,-13.904977,-13.928707,-13.585735,-17.58193,-10.884235,-9.787241,-8.090311,-8.721167,-4.6897902,-7.27188,-11.777772,-9.334933,-7.033697,-7.7203937,-6.5604277,-3.7167013,-2.1268353,-1.3082459,-1.1454484,-2.2025416,-2.9534173,-3.4819508,-3.96572,-5.0745325,-6.613774,-7.0527325,-7.134478,-8.202458,-8.738974,-12.0684395,-8.869233,-7.0447273,-1.65875,2.5373678,1.1608813,-0.76099443,-6.069957,-9.354424,-12.860583,-14.947482,-19.530571,-16.37171,-17.32465,-13.372618,-10.955387,-16.526512,-17.96653,-19.224314,-18.043568,-15.289582,-15.302638,-17.611864,-18.39173,-22.588861,-14.966543,-9.9035,0.042975336,3.3252409,6.175535,6.06924,4.2293386,5.877494,6.294158,4.0759153,4.0482764,4.946848,3.339751,2.7388966,4.649483,3.6747112,1.7282723,3.6944234,3.865504,2.5724843,4.382209,3.7627938,1.3815975,1.0580401,2.6011455,0.38163468,1.6391673,2.1979394,3.6767385,2.0604846,-2.1352398,0.89213777,1.6675422,-1.7702407,-2.5919592,-1.3387107,-2.2374897,-1.2067457,-1.8781698,-3.747423,-4.6661625,-3.540843,-3.0099475,-4.1820703,-3.6696916,-1.6166208,-2.4922283,-4.147004,-9.396726,-11.552419,-11.196627,-2.5959396,-0.17735383,-5.7106867,-5.369684,-4.892816,-3.988791,-4.7409983,-6.950932,-6.376212,-6.1236515,-6.1538367,-6.6276817,-6.4455338,-6.2576914,-7.3314075,-7.898424,-7.9224114,-4.5391984,-0.63849914,-0.5901044,-2.3734424,-3.430985,-3.740001,-3.6714563,-4.355387,-1.7897785,0.74306214,-0.05504808,-3.5755727,-5.563929,-6.6372128,-8.199304,-7.8899426,-8.515933,-8.272838,-9.1496,-8.674034,-10.501663,-11.158243,-9.921931,-11.964627,-8.657293,-6.808441,-8.961643,-6.616654,-10.453121,-13.448187,-14.077992,-11.458106,-2.9930086,-4.530159,-6.7454534,-8.278511,-11.258164,-12.275999,-16.712917,-15.261959,-16.452538,-16.280247,-11.604295,-12.215506,-11.407402,-11.4019785,-13.21024,-11.837755,-9.271627,0.55494,10.475515,11.199568,9.545795,9.20078,8.31864,5.8506546,5.465027,5.606307,2.2411528,1.9176806,3.7595918,-1.0680029,-4.420788,-6.6938167,-13.976765,-13.192574,-12.634374,-14.329881,-13.678219,-14.614456,-5.9355993,-3.046625,-1.5182738,-2.737668,-3.5505543,-3.80693,-1.2415738,-0.06149365,-0.24883708,-1.5984747,-3.7734244,0.60089874,3.4799294,1.3272799,-0.13151082,-2.9005084,-0.7917485,1.3652258,0.100605674,-0.19103122,-0.36116734,1.9189718,0.10836679,-2.0456476,-1.0728247,-0.9851028,-0.8842924,2.4113204,4.374784,3.04872,0.97983474,-0.056290906,-5.832606,-19.700052,-7.762523,-2.4572475,-5.986745,-5.1645546,-2.7492073,-2.9107742,-10.713734,-10.640874,-8.333256,-10.951845,-12.81089,-12.394861,-14.59206,-15.78529,-14.3968115,-8.485189,-3.2497764,-0.7767712,-2.21599,-3.6766305,-5.634694,-14.719554,-11.014576,-6.2481613,-4.0394173,-3.6037633,-5.9968386,-1.7630893,0.70365584,1.8041413,2.9394171,1.4722027,-1.7826829,-3.7162123,-3.9325352,-2.9034674,-2.0098326,-0.41025078,-2.738068,-5.8791757,-5.9362483,-2.185391,1.7167081,-1.5780718,-3.2381046,-5.0626445,-11.241755,-13.538948,-7.3601713,-1.2218751,-5.3986616,-14.892851,-7.9068875,-5.8709774,-5.5105786,1.8679557,3.2287028,1.4129514,-0.0600265,-3.6599617,-10.147127,-16.524214,-18.39789,-17.020748,-17.791676,-12.18728,-9.31164,-8.634533,-10.797915,-11.389871,-9.419898,-8.630645,-10.859453,-19.29564,-16.998804,-14.321342,-17.59241,-16.77083,0.9530822,6.630795,7.0712953,6.7557144,6.7085447,5.6346245,4.007557,2.2242057,-0.06586444,-3.100267,-7.64357,-8.340649,-4.604662,-2.4398568,-1.0131254,0.26402608,1.1823218,2.0015037,2.5380836,3.3051233,0.023048174,-3.1070354,-3.7275527,-4.954665,-4.8781495,-2.238285,-3.4173856,-3.5847137,-2.8013957,-2.63769,-2.2797792,-3.3946812,-4.9252396,-6.301444,-8.783322,-6.873035,-6.5208917,-6.680448,-5.38574,-6.152815,-3.7058516,0.51646537,0.64194393,-3.5099604,-6.92635,-4.9295044,-3.5049558,-0.95761573,-4.439983,1.8418956,6.4662385,4.868038,6.220475,9.157048,4.770686,3.9678354,4.125836,3.8750105,4.6833806,4.5869355,5.610463,9.3371525,7.3097873,4.0759225,2.8648422,2.2618768,0.87975854,-0.57441264,-0.8530223,-2.619858,-8.87726,-7.981091,-4.6910324,-3.3959203,-2.1729758,0.28100574,-3.0245738,-0.41022575,-1.4780236,-0.23170304,0.258294,-0.941726,-1.1911145,-3.2754185,-5.0084777,-6.075164,-5.8287425,-4.460436,-5.8669333,-8.648715,-16.306799,-16.739288,-18.634357,-19.447014,-17.558216,-10.270753,-2.8643105,-4.1849766,-7.7301855,-7.3608394,-5.1342864,3.9818037,8.614144,10.587983,9.754961,9.358553,9.221333,9.256478,9.190329,8.690328,8.301418,7.8002934,7.167151,6.4219923,5.835693,5.359441,4.899293,4.9945498,5.6472807,5.901541,5.449052,5.3088284,4.9804015,2.9330933,0.60032165,2.7647967,3.4356568,4.1867495,3.776097,2.406687,1.6795695,1.0359446,0.38073087,-0.37101865,-1.294102,-1.5838058,-2.446234,-2.0781276,-1.3776695,0.29283774,1.3951476,1.5418988,1.6132678,1.3322645,1.3820381,4.578398,5.6292534,7.4445586,10.248395,12.304798,12.304104,12.524746,13.275228,12.869798,7.9839735,8.258939,9.964154,10.23555,10.27589,10.903329,12.8644905,10.425348,5.001652,8.680948,9.965541,10.425172,11.136513,8.795292,1.5185709,-1.7742977,6.548069,9.33325,10.514769,10.856703,7.5051255,0.38022336,-1.049137,-3.1185067,-2.6479454,-4.0638614,-4.613765,-4.011472,-3.1699886,-1.8288372,-1.4111538,-2.8113465,-2.588836,-3.9432979,-5.028926,-9.410382,-14.2470665,-11.252284,-8.6391325,-10.160124,-15.303026,-13.114857,-12.235064,-10.797142,-4.159115,-1.1882849,-2.5170681,0.06499852,-0.117562376,-8.143363,-5.5135155,-1.8208836,-3.8189218,-7.3882427,-4.385249,-4.2323933,-6.3483562,-3.970095,-3.1624963,-4.7697306,-5.151129,-4.043456,-4.9865813,-3.9384878,-5.95283,-8.744735,-7.5011225,-7.5134177,-8.030168,-8.00756,-9.405555,-2.618048,-4.1602135,-4.028326,-5.4064612,-6.873531,-6.958347,-10.62283,-14.648954,-18.574032,-16.93461,-16.426687,-15.199886,-15.700913,-14.267765,-19.140728,-23.702648,-21.010931,-21.924448,-21.49497,-21.484188,-16.585075,-13.9189,-15.131635,-8.81299,4.493472,6.115155,5.5015984,4.634264,1.5022196,-1.830817,-2.6994362,-4.1376657,-6.0720673,-6.9778657,-8.139459,-9.946444,-11.13668,-11.101376,-10.486547,-9.023683,-8.599718,-5.2802663,-3.1687965,-6.4423447,-6.1640177,-5.843294,-5.219238,-5.7622414,-1.3393815,-0.64083564,-3.3073404,3.2052536,1.8829885,-0.673129,0.41945267,0.007233243,-0.46459493,-1.3167489,-2.1061637,-4.8844824,-8.519277,-14.542845,-12.923948,-11.836878,-13.603816,-13.295294,-12.6388,-11.438921,-1.0654455,6.163252,7.642085,6.9452877,6.486124,3.971697,-2.0320272,-1.110975,-0.6425148,-4.073676,-6.0351334,-5.7166476,-5.434412,-0.1393752,5.8810844,9.887096,11.269918,11.561595,10.888508,5.707096,-3.350638,4.0036592,6.985053,3.6652288,3.5463073,5.27462,6.5812874,6.8142743,7.527528,8.556786,8.9853945,9.1444645,7.466646,7.3899627,8.068051,8.77205,10.083388,9.832763,8.821126,7.5200267,6.491633,7.4022155,7.5162964,6.3446703,1.4006112,-7.710026,-10.190539,-8.038581,-8.081425,-7.6314588,-7.051089,-7.9881434,-10.250156,-8.242544,-5.2729325,-6.2170644,-10.023035,1.0321813,1.1239547,-2.3521562,1.6631236,1.7404983,1.8566192,-0.19191556,-0.07251034,0.27582857,0.0077955476,0.060359888,0.124400966,0.21068363,-0.28507498,-1.02932,-1.7098666,-1.9896215,-2.9126132,-3.3719873,-3.5921004,-4.0758505,-4.9635944,-3.9637325,-3.7363863,-1.5130053,-0.4629128,-6.9309464,-9.878653,-8.247963,-11.207486,-10.674576,-10.875999,-12.87603,-11.977598,-9.374722,-7.789822,-10.939317,-17.53983,-15.303356,-11.376029,-7.668655,-9.222882,-11.885863,-12.474461,-14.205798,-14.735989,-13.043291,-8.526144,-9.83959,-15.563893,-10.380969,-4.3931456,-0.83097315,-7.1405883,-7.3025103,-9.321226,-16.983994,-16.082647,-21.913721,-19.579603,-20.329702,-22.842419,-20.563719,-20.711042,-21.50475,-13.618031,-8.034832,-10.500975,-9.940836,-13.582666,-20.841387,-24.03732,-20.860573,-21.888666,-22.546856,-9.784651,-1.3939645,-1.8098991,-6.1902165,-11.781911,-11.059698,-10.743896,-9.2612095,-9.658262,-12.415239,-12.826301,-13.293674,-16.275469,-11.109983,-11.642002,-13.190709,-16.979385,-17.378454,-13.248167,-10.228876,-9.640932,-8.462226,-9.749383,-8.294019,-10.457672,-12.24194,-3.2077847,3.1696782,2.9960535,0.7495786,0.010415404,-1.3660568,-0.83287805,-0.36251333,-0.7919809,-1.0106072,-1.3551569,-1.27379,-0.75637496,-1.026583,-1.3043965,-1.9519712,-2.569401,-3.5022998,-4.3182125,-4.666708,-5.197873,-5.8233066,-6.713108,-6.9095917,-1.6127275,-0.75954443,0.89078796,2.4030976,0.55494,-0.6056876,-1.3088764,-1.1959292,-1.1701978,-1.5775259,-1.7566535,-2.5066228,-4.0159173,-5.771129,-6.8801665,-6.605057,-6.529388,-6.4319077,-4.9839406,-2.9624798,-2.4077258,-2.3409317,-2.4479485,-2.9936764,-2.9578447,0.024837356,0.70353436,2.0049908,-1.7455924,-5.725873,-5.7934227,-5.504828,-7.540888,-6.974976,-5.679419,-4.3666496,-4.627274,-5.4049883,-5.600172,-4.924088,-4.812122,-4.2883782,-4.740551,-3.968227,-4.410416,-4.280505,-0.57455534,0.26903433,1.2003397,-0.69103026,3.3266723,3.028438,6.3167744,5.9572954,5.0523686,4.677387,3.98704,2.8148804,2.779895,2.3961658,1.2194262,-2.9945402,-8.324865,-7.544262,-8.348622,-9.365434,-10.683935,-9.5299015,-11.55753,-14.251681,-11.1367235,-11.721638,-13.435383,-12.732744,-9.3258915,-6.181931,-0.6025943,1.8496965,0.48028785,-2.4461727,-4.703764,-6.345219,-7.341991,-8.005008,-8.340483,-8.665084,-8.710953,-8.387812,-9.246313,-9.768717,-10.497026,-10.970545,-11.542715,-12.293048,-12.104137,-7.6855955,-8.136811,-17.186592,-19.19069,-16.822626,-7.6570272,-2.6117122,-1.4662092,-4.045987,-6.801279,-7.72481,-7.472786,-8.722738,-8.9890785,-8.061348,3.453503,11.47908,13.285053,12.943548,12.38534,12.152127,12.075119,10.357975,8.038161,14.432259,13.958453,13.06347,12.410941,11.350662,10.468062,10.756617,9.011929,5.1366925,4.278113,3.5046818,1.3010921,-0.40043083,1.3628222,1.2760956,1.0874975,0.40942138,0.0041889176,0.9340227,-0.21941401,-0.67446166,0.6406603,0.2845968,-0.79547143,-0.61330426,-0.47942993,0.739679,4.1050706,9.333704,11.300746,11.179659,10.252728,10.388365,13.043242,13.049579,9.786474,6.37918,7.3539886,5.8865905,2.914514,1.3968896,0.8940441,-0.7234513,-0.31347153,-1.0171789,-3.6977878,-3.3548055,-5.3123164,-2.7557507,-3.7262785,-4.173157,-0.04742561,-2.2713988,-3.6887608,-0.31355637,-0.05044225,0.017289981,5.3151217,7.158861,2.684515,-0.25060335,-0.5876454,-1.7399492,-1.0605738,-0.2999315,-0.8635678,-1.357002,-1.7455286,-3.663567,-5.4935637,-5.6550646,-6.0127687,-6.2416763,-4.8674994,-4.366363,-4.8184986,-3.7442303,-2.565336,-2.3341897,-4.3206396,-5.936512,-1.3636699,0.16631755,-0.6512576,1.7818397,1.2811424,-1.512811,-2.5293603,-4.977001,-5.370778,-3.8775773,-2.6940928,-4.07207,-9.0958605,-11.160782,-11.04277,-13.378039,-14.526748,-13.338573,-12.548512,-11.900806,-12.231232,-13.704475,-16.505348,-19.594774,-9.884154,-2.6508,0.8047377,5.292431,4.590433,2.1187901,0.68254876,-0.22107139,-1.4097755,-0.8285334,0.23066264,-1.4346057,-1.4650506,-3.0407472,-3.870559,-1.8097903,-2.554606,-4.7864857,-2.7138257,-2.5843978,-3.736453,-5.339265,-4.6006103,-3.133283,1.6672163,3.2006917,-0.4053453,2.3081388,0.5310277,-0.7615203,-1.3610107,-1.0731541,-2.2750127,-6.799529,-9.246065,-9.210021,-11.548191,-12.727135,-17.596642,-24.135029,-15.552472,-14.262429,-18.173779,-18.827875,-18.64446,-18.32814,-19.87983,-21.369507,-15.159713,-1.587515,1.778595,-0.72837895,-2.337856,-3.328158,-5.857853,-4.9938416,-4.0602126,-3.9786372,-4.8857775,-4.971281,-5.3224463,-6.08218,-6.5301905,-6.4534883,-6.7109003,-6.9449477,-6.806945,-6.6051483,-7.514138,-7.370457,-8.239758,-12.483443,-9.114825,-4.1911607,-3.616521,-2.6975698,0.4937299,-2.288698,-7.1775017,-4.0061684,-3.7562704,-6.7294602,-9.212819,-12.096305,-22.389452,-20.929386,-19.163025,-18.741663,-21.991243,-19.891575,-17.07502,-18.499144,-17.86997,-8.887112,-8.641575,-12.238066,-13.296632,-9.529275,-2.3572922,-1.1224698,-2.3472342,-3.4131825,-2.6487832,-1.8151903,-0.97693765,-0.46683192,-0.54112786,-0.57999694,-0.29739404,-1.4276338,-1.5380118,-1.3192592,-1.4252694,-1.850951,-1.4750745,-2.3455844,-2.5466301,-3.6170282,-2.4115467,-3.2058072,-3.0583837,-2.6870074,-2.574172,2.7460942,2.6223059,-3.6273267,-5.619833,-0.8741843,-0.0092827855,-2.736496,-6.501175,-2.652268,-1.8715715,-5.294821,-7.641695,-1.5670552,-1.1734686,-4.2410655,0.07592997,3.8942053,4.87354,4.26206,3.7315383,3.5625076,1.2112861,-1.3335187,-3.3340027,-1.7385128,3.3226056,2.003728,0.873462,0.57730687,-1.9100851,-4.4619637,-6.750148,-6.51506,-6.1330056,-5.6714573,-5.9174037,-6.6715865,-7.4498997,-9.422692,-10.400811,-9.165922,-9.0684595,-10.258994,-11.16774,-10.148921,-11.684311,-11.065373,-4.052812,-3.3678129,-1.3381923,1.2536697,1.0868134,0.6023078,-0.25999182,-3.2892988,-7.52791,-6.3194113,-4.611804,-5.7859507,-6.5973425,-5.963668,-9.546331,-16.818508,-15.654975,-14.367805,-12.435504,-13.756957,-18.357918,-12.545492,-9.8277,-10.452628,-14.803176,-11.838633,-3.7729568,-4.4832788,-3.4058642,0.62867767,-0.44453713,-1.5990347,-2.4139555,-1.972055,-2.903399,-2.9746568,-3.1191957,-4.195744,-4.316186,-4.2983527,-4.5466394,-5.1751366,-5.4688,-3.1328688,7.231451,8.344079,7.3096776,7.3452406,7.532149,7.399644,7.636195,7.2820897,3.0067196,5.3531437,4.467188,4.5398054,5.6053143,5.8309913,5.420428,3.4833882,-0.034280602,-1.5155284,-2.972262,-5.6671376,-8.162483,-9.907686,-12.496218,-8.536046,-2.8348746,0.23187019,0.13501346,-1.3179514,-0.87634736,-1.0951371,-1.0857282,-0.011625662,1.4139743,5.722573,7.482255,8.12605,7.0783715,6.4102173,5.8691196,4.8959618,4.0196524,2.642759,0.91658914,1.0976791,1.0379947,1.2925482,1.6154743,2.7763133,2.8294306,2.7856169,3.0004425,2.7672982,2.254795,1.9510026,2.0413418,4.95597,3.7958658,-0.42350245,-1.0118423,0.42724437,-0.53480124
-0.89151514,-6.661151,-15.113901,-11.367285,-11.542856,-11.591052,-15.3517065,-14.223021,-12.551868,-9.096893,-8.725385,-12.161361,-4.9207344,0.009268669,-0.7129568,-2.0138834,-0.53745675,-1.3372252,0.02074406,-2.7966788,-7.949045,-2.845323,-2.8346262,-8.412502,-4.671421,-0.34049776,-1.2244738,-3.156188,-2.9015472,-2.9919908,-3.464573,-3.132044,-2.4952166,-2.8749375,-2.6264904,-2.6002266,-3.7074697,-6.106469,-4.3472366,-3.2200778,-3.470582,-4.707071,-5.0832434,-5.8875794,-4.5013623,-0.152914,-2.477109,-0.0009949117,0.1526995,-0.84471595,-1.792844,-1.4753317,-4.752968,-7.2273464,-9.742981,-13.981986,-18.69004,-22.388582,-21.853464,-25.75897,-26.410639,-19.73602,-17.497814,-10.032642,-8.488768,-14.16564,-16.93894,-20.679024,-17.61194,-8.991796,-3.1227806,-3.8239923,-1.4984636,-1.9318337,0.8164152,1.0896165,-1.0109382,2.5124598,2.035056,1.114389,3.295883,1.7894791,3.0169537,4.057268,2.239004,3.9971285,3.5997078,3.326364,3.2710023,-3.152197,0.53095484,2.282957,2.23645,3.526176,3.6025379,-2.0894942,-6.5652604,-4.2475715,-1.0248157,-0.57328206,-0.28778863,-2.6286495,-2.3027656,-2.393556,-1.984136,-4.1321545,-5.806828,-5.4402776,-6.022979,-4.29916,-4.581277,-8.606192,-14.823256,-9.200402,-2.0493581,-2.6748214,-7.6493826,-10.365373,-11.950145,-8.863507,-5.413525,-6.215694,-3.8233292,-8.933193,-12.384933,-15.569659,-15.407544,-17.052628,-17.61396,-15.439171,-17.398705,-16.923777,-17.037584,-17.653175,-18.89365,-17.79794,-16.74876,-7.0446424,1.9487395,2.1626873,-3.4912121,-10.152749,-10.297905,-8.138259,-2.7417178,1.0382963,-0.4250252,-2.1358523,-0.7567114,-1.2774522,-2.032616,-0.44284475,-1.2678924,0.62069106,-1.2763387,-4.2182875,-6.1944904,-9.477436,-12.271708,-14.243741,-8.018304,-7.5781975,-8.656338,-8.928205,-12.072685,-10.190681,-13.1068125,-10.637149,0.07851109,-0.82619077,-4.292341,-0.7862276,-0.9283984,-2.7035034,-3.118435,-3.8360026,-4.571982,0.8487102,3.6452377,7.316647,9.385237,10.414123,11.553507,12.649771,12.515551,9.892044,9.979402,7.1763206,3.9298062,2.3942401,2.7380981,3.0004792,2.8475997,2.508998,-0.87315553,-1.41221,3.4453297,0.14519554,-2.7767386,-6.1477613,-7.108171,-8.15233,-12.993834,-21.275429,-4.0017457,5.1943617,8.527653,9.186893,9.928668,8.388102,8.211865,6.2098246,5.0474997,4.2439785,8.893075,10.189481,5.8753486,2.1265807,4.982893,8.50557,8.8375225,5.8838654,3.6954618,2.1405096,-0.73503935,-1.2513934,4.526071,6.423957,3.9279723,1.2374066,-3.297396,-3.9633117,2.2179112,4.9751244,1.7613368,3.0409698,2.3201246,-1.869029,-4.7975,-13.427666,-2.39186,-1.3648462,-4.494205,-1.6266246,-1.434095,-6.542795,-10.262567,-8.727372,-8.891438,-10.280032,-9.921336,-4.865468,-7.8817315,-2.1870365,3.6795053,5.339386,5.1183014,7.512516,10.306291,11.568409,9.262589,5.957167,7.8659,10.989176,11.26576,10.547565,10.007148,11.588348,11.643099,13.41836,16.306587,16.3693,15.19528,12.5106325,7.8291106,6.086322,9.982963,11.432038,7.9212666,6.6800566,10.388821,12.430326,10.522636,8.258282,7.909648,10.1941395,8.7005005,3.0575514,2.0074465,2.940879,-0.732449,-1.8868417,-4.53543,-10.072598,-1.0134699,0.67726696,-3.8603606,-9.08427,-6.786463,-7.86623,-9.276682,-8.693649,-10.191097,-11.320876,-10.416586,-11.112673,-10.797557,-7.8395247,-5.337007,-3.5276854,-4.765821,-3.6665282,-3.0209253,-8.754793,-7.9631,-11.121388,-14.985521,-5.494971,1.8667123,11.107383,13.413574,11.891443,10.86299,10.847067,8.645718,6.7747154,4.373027,0.57636076,-4.0305476,-5.8561068,-1.4129798,1.446096,3.5626972,5.313052,6.1132383,6.6770005,7.8403883,8.787486,4.1589103,0.28057623,0.87374574,-0.916945,0.42002326,1.2738776,-0.0065530557,0.35037112,0.40133947,2.4798326,3.271976,1.9804918,0.7261281,-0.19378442,-2.9250622,-0.46836302,-0.29395717,-1.1501068,-1.8595171,-0.664637,-0.46755198,11.486865,16.85695,17.742676,17.69169,17.530754,16.98708,15.004526,6.780179,2.8483188,5.4788933,5.0171714,4.8516455,5.5610905,-0.24097133,-1.717951,-1.6964483,-0.36898825,0.1934292,0.5440841,0.5448482,5.2937603,6.922001,2.3427625,-0.104439944,-1.4714049,-2.338735,-0.48565322,0.7195139,-1.9417526,-5.156706,-7.248149,-9.252563,-8.744415,-7.616459,-5.1649165,-7.586601,-3.355448,-2.3820734,-3.0220854,-3.5260031,-6.5071626,-4.0447063,-4.776384,-5.401758,-7.765707,-8.600271,-8.634573,-9.829894,-9.279348,-10.976944,-12.398014,-15.56076,-15.902508,-16.073296,-12.372352,-7.264923,-9.152528,-13.710831,-6.0362816,-1.2904406,-2.7268422,-7.019761,-6.8069897,-4.954525,-6.022624,-4.307488,-4.0246015,-3.3424277,-2.8687625,-2.553115,-2.6510146,-3.8278105,-7.260751,-9.008085,-11.762243,-13.977203,-15.7201805,-13.99241,-11.052751,-11.254281,-11.987532,-11.547462,-10.099582,-7.926114,-2.4980633,-2.503799,-3.4232626,-2.534324,-4.6029773,-3.3432114,-3.3338656,-7.23696,-3.1915364,-0.9892862,-2.8041773,-5.4023643,-8.318982,1.0634794,10.500808,13.845804,14.529487,14.355305,13.647629,12.581248,11.0256405,8.034434,7.403777,8.243484,5.090248,5.8471985,11.963931,12.913649,14.617512,13.384771,14.206027,13.251286,13.295008,13.401633,12.647077,13.362671,11.564751,11.330256,10.693368,11.740827,11.044716,12.022877,10.053526,9.977629,7.918233,8.946732,9.831823,11.559705,9.431054,7.7903996,6.9402323,7.2068124,5.485925,4.9487076,4.079857,3.1234236,-0.09685212,-4.230831,-4.212806,-4.210083,-6.0248237,-2.8991036,-4.950264,-6.4369416,-12.541893,-16.359472,-7.467967,-1.2689446,-5.1157336,-14.562711,-12.977353,-10.995384,-15.404334,-8.954078,-8.964937,-4.2217712,1.0250483,0.8139228,-0.6986005,-0.35730702,-0.21541588,-0.56068134,-1.3504595,-1.5893914,-1.6267805,-1.8434078,-1.9171475,-1.7090286,-1.8298306,-1.9639478,-2.5527973,-2.2537766,-2.6615386,-6.9462357,-13.117839,-12.5545025,-13.959437,-14.173986,-5.8119206,-3.716498,-3.9532795,-4.575202,-6.57104,-9.183199,-9.807991,-12.123504,-14.291291,-14.342731,-13.473822,-15.022608,-11.5783615,-11.6284895,-12.379608,-13.470842,-12.142952,-12.573181,-13.7352705,-14.713028,-13.24757,-9.730035,-10.019263,-19.031746,-21.391956,-9.591369,1.7253311,2.953,1.8812025,-0.36121544,-6.211729,-7.4367146,-7.746557,-9.720028,-13.297073,-9.350966,-1.2931242,-1.0662194,-8.681787,-11.503726,-7.8053846,-2.0136425,-0.22165595,-1.0681877,-5.845603,-11.183226,-10.897464,-10.930253,-11.421628,-11.738009,-6.632697,-3.8827107,-2.7349854,3.0809114,4.1991844,8.315426,10.54123,11.348904,11.562118,11.653179,11.811623,9.196687,0.026724081,-8.4533,-9.3046465,-11.558617,-11.994677,-9.833828,-5.6684394,-6.11963,1.9338989,8.95059,9.847359,10.547821,11.184731,9.283324,1.5845788,-3.5500436,-4.232091,-9.263589,-10.222242,-9.127533,-3.8813162,2.6358485,5.119033,5.6763563,6.5722966,7.177611,7.0792036,5.1374454,-0.9842318,-5.3846474,-6.0638304,-2.3377795,1.3056078,0.8264926,0.27572754,-0.08816234,-0.09375811,0.5789506,-0.109980024,-1.3767786,0.27762008,-0.8203613,0.6952882,-2.2419653,-3.325741,-4.121092,-4.654621,-4.6386776,-3.601313,-3.3471825,-3.2702186,-0.51496696,-1.0804837,-7.6142426,-14.920997,-15.857152,-14.978411,-14.890336,-11.713776,-10.659412,-11.872486,-11.5721,-17.209942,-19.480513,-18.12111,-4.502444,0.9053955,-3.1235023,-4.9439964,-4.7348776,-5.4916673,-5.2929,-5.218913,-5.201067,-5.3255754,-5.544898,-5.3680563,-5.2617073,-5.7111907,-6.8730917,-7.805269,-8.067408,-8.405897,-8.8902445,-9.156428,-9.43605,-9.810192,-9.658369,-9.496442,-3.705934,0.4417521,-4.2302003,-9.972465,-7.9081626,-9.361087,-9.801615,-9.996811,-15.61873,-11.2170105,-4.7059517,-6.142047,-9.732243,-10.583168,-14.771837,-11.44472,-5.122879,-9.135388,-12.70426,-10.107567,-13.008857,-12.227074,-7.0837455,-3.7669954,-10.401846,-15.897189,-5.7729588,1.3271518,1.2072735,-6.791839,-7.943424,-9.596851,-8.108362,-5.008458,-7.5833135,-7.4618435,-6.608163,-10.50686,-14.049726,-13.401325,-10.454128,-9.119945,-0.055441864,-0.61848545,-4.034246,-4.1121287,-10.622796,-11.570296,-10.414698,-11.867306,-13.685212,-9.372665,-2.1059775,-0.26330066,-6.133799,-10.825418,-14.011346,-14.925641,-16.09198,-14.562446,-13.82021,-11.89875,-8.101715,-3.7057014,-3.0555348,-9.122336,-6.2117195,-9.018413,-19.367523,-9.430271,-2.8809848,-1.4433746,-3.946004,-7.1497345,-2.7942374,-4.5513697,-6.593249,-0.020587685,7.201544,13.016546,15.531439,16.207058,15.852497,15.466978,14.991127,14.254257,13.227631,12.320507,11.610561,10.767534,9.692797,8.724229,7.8479424,7.355678,6.780231,5.8549604,4.9856653,4.169325,3.614324,2.9307222,1.6330624,-2.2514372,-1.8930309,2.4932845,-0.22004601,-8.545387,-6.834196,-6.8192096,-4.0276103,-2.2258615,-3.7853787,-4.9038835,-3.3305206,-5.5367556,-7.054257,-5.8383827,-7.537754,-6.1963463,-5.968714,-6.3183885,0.6180434,1.6872923,-0.21227597,2.4194953,1.622812,-0.6351136,2.6334903,1.7981474,-3.0616689,-4.8835793,-7.560198,-10.437957,-13.659472,-15.653147,-15.376916,-11.941089,-10.249543,-11.489479,-10.9527645,-10.014847,-11.643662,-10.518377,-10.819363,-12.293512,-12.818169,-15.577331,-14.367903,-11.706325,-6.361981,-6.192668,-4.721202,-0.6696775,-0.8555966,0.52290154,1.7467933,-0.45922947,-0.65262014,-1.194974,-2.249602,-2.8166149,-3.4115746,-4.8230343,-9.670426,-12.557483,-13.0852785,-13.992032,-15.504744,-15.179327,-14.577503,-14.001045,-10.10007,-10.066179,-15.77312,-15.982843,-17.033823,-15.387149,-11.535753,2.804482,10.572877,13.499605,13.73938,12.553792,11.420526,10.497785,9.760019,9.287241,8.990064,9.067932,9.238239,9.02989,8.782417,8.519871,8.225866,7.838965,7.2320747,6.646305,6.60767,4.251276,-1.3108797,-3.1542187,-5.1757,-6.7019196,-4.9937325,0.07910796,0.095241725,-1.9436026,-2.8417017,-4.7474923,-8.472391,-11.270141,-11.216372,0.66069955,7.384762,8.607091,6.741998,6.214109,6.5918036,6.879775,3.7594402,9.527026,17.728567,18.819424,15.915393,14.8843775,15.209937,14.418926,14.476529,14.746092,10.475469,8.483006,10.727251,6.7669315,3.013988,5.455078,0.14994355,5.534062,5.486208,-0.1262385,5.561669,3.0252554,1.9253383,4.940535,0.11136724,1.335603,2.9508522,-1.9308089,2.4593308,5.126677,13.959612,16.294306,15.409868,13.035531,13.278807,17.19374,20.221107,19.84671,18.334513,20.059835,19.429815,16.878588,15.912423,16.053463,14.999065,14.779602,14.064627,12.703188,12.938747,12.1694765,11.797414,11.402545,10.371445,10.131364,8.179947,6.58014,5.538545,5.430895,5.013924,1.7556967,4.403781,7.480954,3.380972,0.40398335,-1.135803,-3.273737,-0.99651456,-3.7402802,-1.7753699,-1.6207408,-2.4483168,-1.3387406,-1.3589985,-1.739136,-1.3252254,-2.1486502,-2.4044797,-2.5928302,-1.4344479,1.712618,-4.3131394,-5.107324,-5.0888767,-3.0134192,-2.9488163,-6.0608664,1.9375331,8.964311,9.982779,10.693808,10.340605,8.892061,8.668994,6.622007,5.343148,5.5326376,4.3992863,3.7998703,3.7854097,2.3206303,1.3772902,2.2351708,2.4844022,2.3879652,1.0672716,-1.5778308,-2.757535,-4.3059673,-3.018066,1.0899445,2.0573707,-0.40578067,-2.9727998,-4.94892,-5.577433,-5.9967747,-5.2886868,3.9986925,6.881548,5.999114,5.118981,5.0984693,4.6965046,-1.6093837,-4.656252,-4.5864997,-7.701504,-7.6911926,-9.27297,-9.737433,-6.587144,2.834675,4.6842237,1.3917983,2.930718,2.4789834,-4.5612435,-5.6171694,-3.1483736,-4.9539638,-5.6363783,-5.5133576,-8.3947735,-6.9340696,-12.836113,-10.294817,-11.476606,-9.780407,-11.093215,-10.602369,-9.099275,-15.626178,-20.076843,-20.345814,-21.926554,-17.604252,-1.2196059,7.73241,11.42515,12.502092,11.888897,10.619999,9.448737,8.21041,7.1189833,5.5814834,4.80908,4.0972586,2.7619207,1.4502652,-0.19386536,-0.712182,-1.6006813,-3.4655535,-4.211008,-5.201275,-8.149015,-4.875004,-3.061609,-0.80363953,-0.2903786,1.5199531,-1.1611276,-6.714639,-8.198491,-9.15368,-10.236944,-13.252953,-13.959198,-14.583941,-16.377102,-20.57945,-16.782701,-18.134432,-13.880754,-16.360872,-16.662033,-16.39826,-16.262228,-12.684184,-3.1833029,-3.4930575,-8.899325,-12.225882,-14.654994,-7.882921,-5.522006,-4.962035,-7.9808545,-11.570879,-15.589709,-18.38439,-17.50235,-13.737105,-12.421192,-16.84404,-20.395023,-18.156174,-7.0784736,-5.5781054,-9.623309,-15.631541,-17.97114,-17.712118,-10.656633,-4.3071585,-6.9486194,-14.561369,-17.99822,-14.122409,-12.953232,-7.9444284,-6.679469,-12.005566,-16.572453,-7.4383044,-3.3137443,-2.628136,-8.1403675,-15.466876,-17.259634,-17.464548,-7.11814,-3.682435,-8.3533325,2.6101425,7.8291225,8.582473,7.7188177,7.571475,7.030234,4.925782,1.0163912,2.449303,3.2776518,0.9532971,-2.7788992,-1.0237395,0.4392752,-0.70023924,-1.4701769,-1.0963159,-1.8671029,-2.280521,-2.2258716,-1.5759653,-1.453615,-2.4505358,-4.135847,-4.156123,-3.2551355,-1.1343025,-3.3059165,-5.1432295,-6.7020187,-6.011051,-5.8710957,-1.9369547,-2.2631555,-7.1913247,-0.47332263,2.6009536,2.3937733,1.4205472,0.24180494,-1.9976354,-1.6172081,-0.17414214,1.2875242,-1.5799338,-3.2489328,-7.887945,-12.780913,-12.782803,-14.008235,-11.408812,-10.975637,-15.13207,-11.197652,-11.811399,-19.080784,-18.230412,-14.935275,-4.000948,0.2548271,0.6502995,0.06772581,-2.669898,-2.3612068,-2.338697,-1.676213,-2.1559908,-2.0711985,-1.3029177,-1.9058626,-1.7187465,-1.7595774,-1.7056742,-1.8235607,-2.1532743,-1.3074152,7.405822,8.109876,5.923997,2.5813887,1.7206885,1.3010155,1.1205322,2.4908862,2.357617,0.9913641,-1.1884891,0.62611693,1.5058113,1.9042561,2.2047057,1.65943,-1.1614388,-4.101004,-7.1474667,-9.223168,-10.968182,-12.076832,-14.502844,-6.6681013,1.7126459,4.8948283,4.750953,4.007265,4.038199,3.4847937,3.1785674,2.6569068,2.33979,2.92114,5.7153277,6.0008764,4.5055623,3.1885734,1.7172875,0.14721689,-0.59398633,-1.6981258,-4.2047944,-3.5070503,-2.2010093,-0.40178365,0.4006257,1.2461033,1.6869718,1.8400329,1.2661974,0.22650388,-2.0273309,-5.482686,-3.5605412,3.411884,6.9045978,5.8182697,2.101552,2.7368739,1.2575668
5.3489313,7.442794,7.272976,6.3639116,5.8538322,5.253207,5.0380716,5.0921874,1.5017352,-5.868868,-7.299952,-8.155376,-3.9927244,-1.3571523,-2.4331956,-2.9685757,-0.24262218,-2.0823827,-1.3594056,-2.106266,-5.9593344,-2.5076475,-4.1603785,-8.5069065,-4.5613923,0.3032242,-2.2521996,-6.211309,-3.5280452,-4.44883,-5.9785695,-6.0920973,-5.7475896,-4.850156,-4.891139,-4.320238,-4.8880734,-7.7659035,-4.8657494,-4.6821218,-4.5780497,-6.179837,-6.7104177,-7.353591,-1.8059255,-0.3101312,-4.3166704,-4.38876,-2.3801434,-3.798121,-2.7726593,-3.5762298,-8.630689,-8.575162,-10.930517,-16.416147,-23.596386,-24.831821,-25.892094,-25.647581,-27.713491,-19.858006,-14.910116,-8.300846,-6.9608116,-14.504982,-20.948809,-19.447989,-20.395378,-13.967217,-10.481398,-2.9566445,-1.1738311,-3.76165,-1.649837,-1.6167176,-2.5898147,-0.6147453,-0.6142315,-0.5303731,0.25841108,-0.045689825,0.74881226,1.1597,1.048454,1.5168076,1.6333641,1.5839455,2.709632,-0.9677535,-1.8290012,0.2287618,1.5565934,1.2381887,1.7739322,-0.46972185,-5.737631,-6.951913,-2.8714015,0.14914474,-1.5125439,-2.8880754,-3.638956,-4.1284313,-3.241066,-5.2252254,-6.475845,-5.719036,-6.3386297,-4.584884,-6.60825,-13.238466,-14.816552,-3.1326885,1.7031479,-3.1062436,-9.313301,-9.731415,-9.488237,-8.723498,-7.1761556,-0.7368839,0.43473172,2.9939137,2.6416311,2.5923104,1.6734643,1.9018602,2.011159,1.1973636,1.1558895,1.1952249,1.4091164,0.9734141,0.49407828,-0.06873375,-1.0664597,2.3942213,9.295413,11.656085,11.081649,9.796499,9.35919,9.008738,8.309629,8.905711,8.83135,7.9446054,7.66593,7.3592234,6.852765,6.181943,4.6134753,5.2280574,3.6240947,1.1855569,-0.29627398,-5.0282993,-10.512495,-14.026165,-9.129592,-5.3447256,-6.788409,-9.668443,-7.8571506,-6.712425,-9.454382,-13.811355,-1.839623,-1.9830062,-5.8772516,-2.9956303,-0.8204175,-1.5363706,0.82238567,2.8853223,5.1650863,10.427999,11.629511,9.599569,9.174087,10.024555,12.380623,13.319307,13.285698,11.209651,5.009854,0.8452537,-4.3880596,-9.173061,-6.778002,-6.7367787,-4.980696,-4.131163,-5.564217,1.7934519,2.080032,-1.612276,-3.9738777,-7.9476357,-8.600117,-6.15931,-8.910894,-10.598165,0.4747764,12.945986,17.756012,18.709066,18.879246,18.755571,18.595125,17.717531,16.728205,14.675743,13.445455,14.251293,15.223122,16.126593,15.285675,13.004705,14.110428,9.857258,13.189515,13.093752,7.077424,7.7882566,10.871065,6.2871857,1.1713206,8.696311,11.956366,11.4613495,11.396366,9.520249,0.4610399,-0.07705191,7.489215,8.039181,4.7769666,-0.24231151,0.7892522,-2.504027,-1.6920651,-2.3069255,-0.76274395,-2.628232,-2.4873214,-0.87962335,-0.45887178,-0.7022338,0.1741766,3.031857,5.3299217,8.804835,9.517464,4.782911,2.0870862,2.7123032,6.097045,10.357648,13.851327,15.122465,14.6606045,12.312051,8.406781,6.9823027,7.588951,9.933304,7.4731894,9.75964,13.4372635,14.459686,14.657821,12.493664,6.427031,3.1150153,8.387588,9.971369,5.640965,6.9120626,11.415528,12.032088,10.470442,8.167124,7.4818935,10.357598,10.409893,6.141033,4.322423,4.3898325,0.39450723,-3.7844281,-8.134852,-8.457412,-2.3648098,-0.40458176,-3.288996,-5.6054296,-5.3930054,-5.74613,-9.526159,-9.19293,-10.107341,-10.228937,-8.4369545,-10.757404,-12.045998,-9.291577,-5.8446956,-4.6123085,-8.453255,-5.0512543,-4.8858395,-9.174861,-9.516805,-13.926493,-5.410171,9.207493,14.545035,15.03838,14.584742,15.186645,14.785034,10.161556,6.073199,7.0351534,4.825808,2.0709572,1.0428677,-0.5902373,3.586004,0.6879327,-3.9289653,-2.9345126,-2.110255,-4.049938,-3.1530263,2.1197877,-3.1634948,-8.451095,-3.053478,-4.888849,-5.6884813,-2.322974,1.2887793,1.9655249,1.0920486,0.65924394,1.0753325,1.8201759,1.3209146,1.4503537,2.381768,7.2246003,11.66441,13.4969,13.616816,9.228701,0.76971465,11.582018,15.908135,17.61408,18.217117,17.463951,16.241638,16.307055,15.614054,14.833494,16.386196,16.447973,15.237665,8.304423,-8.455926,-7.338207,-4.8546166,-4.84655,-3.4314275,-1.2451128,-0.58491224,5.8756804,12.487278,14.668556,15.625422,16.23741,16.953094,16.60134,15.911769,15.302137,14.915353,15.024909,15.523264,15.837054,16.034859,16.137316,16.14712,14.569447,15.106676,13.665958,14.392216,14.23306,13.949466,14.570985,13.897351,14.025317,13.561544,13.528504,13.496794,13.459506,13.818012,13.603211,13.253427,12.941147,12.871319,12.817184,12.536926,12.380398,12.614344,12.888052,12.697529,12.242195,12.393747,12.904867,13.077087,12.688016,12.53934,12.361229,12.131798,12.080402,11.95219,12.0576105,12.350899,12.454976,12.381803,12.411175,12.449216,12.516614,12.558593,12.39356,12.156044,12.107071,11.978904,11.896027,12.040506,12.128612,12.468009,12.045294,12.057389,11.741545,11.520419,11.503049,11.6898575,12.235365,12.337527,8.749463,-0.9024341,-6.9464946,2.776609,9.896385,12.357292,12.850343,12.617504,11.449355,9.297284,6.0794587,-2.8029082,-9.670088,-12.380452,-8.304723,-6.196043,4.034752,9.95356,11.153786,11.432942,11.370102,10.746649,10.244876,9.6177845,9.764001,9.137369,8.303757,8.938936,8.698179,8.170191,7.540162,7.1841755,7.570932,7.374646,5.7353945,5.5032616,5.4422436,4.973204,3.9743853,3.343001,4.877276,6.148071,3.2679124,2.532958,2.4339502,1.4375914,-0.5554404,-5.369116,-9.517004,-6.847207,-6.774968,-9.173525,-8.846138,-11.541003,-16.19399,-19.316444,-6.208656,0.7583859,-3.8081474,-10.415679,-11.760364,-14.024027,-14.136454,-5.503897,-2.6791599,2.91642,4.0686707,4.415001,4.074212,3.568029,4.1847124,3.8066933,2.7170439,2.3995605,2.738991,2.5158987,1.9067721,2.3407335,2.0738854,1.8850105,2.173278,1.2374611,0.25465328,-0.9921404,-4.7654624,-3.6117425,-4.2045717,-4.376225,-4.1351223,-1.5399867,-0.38510692,-0.6940931,1.9052846,1.5653847,2.0331416,1.5820378,1.1808945,1.0641555,1.0855665,-0.9206091,-7.4176617,-8.912219,-3.112626,0.4167537,-2.4053245,-7.3034678,-8.22423,-8.914522,-10.219887,-9.329575,-8.911544,-12.462933,-13.032848,-12.590156,-7.1851463,-4.3516583,-3.8066008,-1.5276992,1.3639398,-0.9908143,-10.048767,-16.222486,-10.022106,0.46362585,3.4084864,3.766723,3.5422244,6.8170333,9.270538,10.546766,10.521092,7.611741,-1.1098495,-4.6676173,-4.2177005,-4.9076104,-5.477496,-0.99619055,2.701706,0.22953972,3.0916836,9.564261,11.281018,10.573544,8.882587,9.104153,9.84129,10.348855,11.095282,9.147243,3.252416,-4.5775456,-1.1553651,-2.865849,-6.0363455,-5.0133753,-3.443066,-3.9871764,-4.5784445,-1.3788979,-5.4835043,-4.9473042,-1.7696236,2.2808077,1.3993334,1.8019562,-2.6364002,-5.555175,-4.1793303,-2.554867,0.1660455,-4.538707,-9.019157,-11.818818,-14.902782,-18.134115,-13.148694,-9.630924,-8.23312,-12.607742,-17.018475,-5.0577064,-0.5261783,0.47664773,-1.3203015,-1.4540827,-0.86517304,-0.40741292,-0.7532448,-4.2358665,-5.0854864,-0.39539492,-0.6540301,-4.145861,-3.6571696,-2.3749418,-4.6612844,-4.6526012,-3.4400368,-3.0078301,-4.568528,-5.081377,-4.577568,-9.149701,-16.341251,-16.004402,-13.501001,-13.311829,-11.743845,-7.7877593,-8.934554,-8.832349,-8.307442,-12.966205,-16.217644,-8.650768,-5.102948,-6.249345,-8.997147,-11.212971,-10.878921,-15.969805,-27.316217,-26.96827,-25.410019,-25.988874,-28.200375,-26.264767,-28.14306,-26.803446,-26.553076,-27.844944,-30.622358,-29.441671,-27.478264,-26.180113,-27.268684,-28.858044,-18.636526,-11.207967,-5.786555,-5.196343,-9.778521,-11.287018,-10.448444,-9.119543,-2.8674197,-4.1613684,-7.7795296,-2.365313,-4.353967,-11.444959,-3.2595596,-4.66095,-8.815983,-4.4552984,-8.34029,-12.1320915,-11.525839,-14.732082,-12.894144,-8.356153,-3.6811054,-7.9795523,-9.869765,-4.5247574,4.7922244,5.4084616,3.1259491,0.79145455,0.4239375,4.2408266,4.257719,2.2001,2.5491617,1.8778859,-1.1581808,-2.107638,-1.9077747,-0.7139141,0.6193975,5.138567,5.5764303,3.5273504,3.5815272,1.7066325,-1.3301721,-0.44545746,-0.8232132,-2.228598,-2.3213034,-2.016184,-4.9167747,-3.5662496,-2.5250716,-5.9076905,-4.356698,-4.7193832,-3.7132146,-0.71104795,0.15797353,1.7536093,-0.8423882,0.803885,-1.9003294,-5.09461,-6.7568836,-18.657299,-11.077997,-6.6759353,-5.6716275,-4.82576,-10.937975,-5.418587,-7.2558823,-9.888584,-8.813544,0.48700136,9.681073,13.289244,14.109696,14.050354,13.688421,13.283194,12.570462,11.604174,10.828086,10.060799,9.262761,8.376604,7.262909,6.528604,5.823428,5.0694184,4.0569205,3.2719467,2.285807,2.614695,1.344069,-0.6117948,-2.2016838,-3.7950065,0.22155403,-1.110109,-9.294093,-8.541881,-7.450523,-6.5042925,-4.1580467,-5.3430567,-4.7418804,-4.390972,-8.290068,-8.507412,-7.793403,-9.167834,-8.067737,-8.691909,-7.988284,-7.4085245,-8.064476,-10.4403515,-6.404469,-9.031602,-17.625607,-8.003915,-9.129683,-4.4837456,-4.720767,-7.6540465,-13.267229,-19.812847,-17.773842,-13.972144,-16.122322,-18.722738,-21.596735,-28.865545,-33.412952,-32.725075,-26.368113,-21.72683,-14.618515,-15.446188,-21.816082,-25.498363,-27.728298,-32.20676,-17.69466,-12.951597,-8.256683,-3.6013203,2.8071685,4.340881,5.4132867,5.9163084,5.758075,5.659589,5.2414083,5.1401606,5.116532,4.2358108,0.1667017,-5.4769163,-6.8986406,-6.4132495,-5.75099,-5.544608,-6.4415846,-5.0383353,-7.8215322,-8.598486,-10.231238,-9.266745,-13.439647,-12.014643,-1.6050042,6.4165344,10.494629,11.543648,10.576946,9.611881,8.707969,7.811714,7.3186493,7.036495,7.1645665,7.385454,7.3343873,7.188261,7.129965,6.889091,6.6310844,6.063431,5.212064,3.7516985,1.6115413,-1.5767349,-3.844186,-6.332192,-6.214704,-4.992336,0.4531081,1.0778441,-0.6150752,-3.5661767,-5.072348,-7.834511,-10.456976,-12.561988,-6.009851,1.3859929,5.0531287,6.891939,7.751591,8.41113,7.4473834,1.4973395,2.5014281,8.782321,9.059631,4.782682,2.435861,4.9539585,6.1888466,6.410577,12.898899,15.688299,14.119243,14.481469,12.667117,12.169238,13.07304,10.809537,12.00925,11.180721,7.8211174,10.553151,9.357826,8.707699,10.602423,8.030019,8.502858,8.801554,6.0183754,7.8170624,6.1609178,9.731225,8.804602,4.3688726,-0.45957044,-1.7979615,5.9415107,14.2422285,16.794632,17.234022,17.593296,16.999168,15.793863,14.793173,14.297458,13.612195,13.124871,12.448424,11.824099,11.354626,10.844374,10.56167,9.830903,9.038541,8.043972,7.1630363,5.817321,4.6509705,4.304095,3.3778868,0.35245818,4.873661,11.611586,10.466818,7.7282853,6.102813,5.5497894,7.3675942,7.010791,7.562991,7.764301,7.4701242,7.8738804,7.918521,7.8970366,7.664602,7.3739977,7.0841413,6.62027,5.5918117,6.3053246,5.2547503,4.1849866,3.3110476,1.8375978,1.8935621,2.9083915,3.4940915,8.7140045,8.089688,9.334492,9.940854,6.957281,8.665032,5.3353453,3.545561,5.2723684,2.8704147,1.9799874,3.3919873,0.66237736,0.058006015,1.6387677,-0.04099015,0.9623766,0.5026657,-3.1348526,-4.073685,-4.6283245,-4.638785,-3.382528,-0.45133236,-4.98296,-10.563757,-11.144138,-10.9621725,-12.386493,-7.771761,1.3776631,4.307581,3.8530817,5.0875354,8.524874,9.741064,9.711777,9.549845,10.574175,11.418499,6.254683,-2.2450898,-2.0607867,-0.6565857,7.3879766,8.623605,1.2544936,4.680403,8.936864,4.4447618,6.109808,4.970437,6.084719,5.58299,4.254736,5.1384497,-1.4212189,-5.055921,-3.8785315,-3.8432431,-1.2873738,-2.8406432,-3.4646418,0.1440593,-3.6424444,-2.3314838,-6.5060086,-17.65416,-17.202614,-5.5600357,5.4147396,9.731543,10.373411,9.920447,9.219606,8.093637,6.689977,5.0825076,3.5860033,2.7816343,2.0814936,1.0662394,-0.9506483,-1.6016783,-2.3818789,-3.4501412,-5.150614,-6.1894045,-6.841634,-8.070623,-5.875306,-4.9047127,-3.7292461,-0.5718957,-1.5422832,-5.647962,-6.353325,-11.109625,-11.646562,-10.707705,-13.628096,-15.355214,-14.897112,-17.781452,-18.308947,-17.232683,-19.278566,-15.696154,-16.74638,-16.83708,-17.901745,-22.478317,-16.154457,-2.359845,-1.4183569,-10.000691,-14.742443,-10.527463,-5.561251,-0.6831238,-1.7434497,-5.4621687,-10.50165,-11.368561,-16.252031,-17.538488,-12.221443,-8.96709,-12.764625,-14.635542,-12.376946,-4.087392,-1.8351381,-6.722642,-10.901261,-11.328098,-11.507225,-8.254267,-2.3703907,-4.681647,-12.240829,-5.1768203,-4.2294397,-6.1827164,-3.678621,-2.9841719,-6.6332645,-7.802279,-2.5812993,0.19436942,0.80195194,-5.3734217,-5.0185127,-5.5722504,-4.6920476,-3.6213896,0.782347,1.6625602,-0.07800375,0.011365622,1.8460525,-4.314232,-5.942285,-1.3809007,0.89805186,-1.0416491,-0.87462974,-0.050583404,-2.581789,-8.501483,-7.285078,-5.837732,-6.4611883,-6.894928,-5.8295774,-2.8237903,-1.697005,-1.7613567,-1.534233,-0.7069802,0.39620036,0.25354874,2.695816,3.6152349,2.6233268,1.3802805,-0.9629798,-4.7681932,-3.6070778,-4.733822,-4.630647,-4.774013,-3.7604995,0.65247536,1.1686636,1.3257354,1.538837,2.4397383,2.3947504,2.963852,5.102521,5.304305,2.1586146,-0.6622988,-1.8264008,-2.3505101,-3.3689797,-5.4778433,-8.934606,-13.94935,-13.66864,-11.816433,-12.192617,-13.325938,-15.320866,-16.009953,-7.650471,-2.0246882,-0.10960966,-3.5597134,-5.001996,-4.3039994,-5.211796,-4.1742163,-4.6010346,-4.775176,-3.8235593,-4.1380367,-3.773472,-3.7658544,-3.9538834,-3.6429162,-3.8302233,-3.5528934,1.9013721,4.666906,1.7359321,-2.5555596,-5.145612,-4.3893356,-6.9290247,-3.6079993,1.8090262,4.834772,5.790655,5.13458,4.6325264,4.341362,3.947562,3.437474,2.5749075,2.2559733,1.4885603,0.87633383,0.9685054,0.24228187,-0.8392457,-1.6763269,-3.8332808,-5.2900596,-7.584299,-9.309956,-9.359029,-10.293946,-10.720129,-11.546509,-6.453492,-2.2697535,-0.5169834,-4.3562913,-8.046606,-10.110608,-11.2066,-12.656484,-7.885137,-6.8241763,-12.546419,-12.844389,-12.830322,-9.407314,-9.409487,-13.130428,-13.700986,-12.460339,-13.52858,-13.668776,-11.83271,-8.661264,-11.276316,-4.9173026,4.077327,9.513552,8.093275,6.4806943,5.422347
13.76642,13.788946,12.928138,11.968125,11.281136,10.756177,10.447259,8.909262,3.72767,-3.756937,-6.557597,-6.910866,-9.391501,-10.35884,-8.966892,-9.3334875,-6.22313,-6.916272,-12.116041,-9.717397,-9.744963,-9.289596,-9.379249,-11.288486,-10.917221,-7.8695292,-11.968345,-14.790085,-10.209308,-6.559304,-9.844054,-13.304111,-16.689445,-12.858634,-11.2669525,-14.330738,-15.31981,-14.789541,-14.336422,-8.019539,-9.74768,-17.05079,-18.45867,-14.58227,-9.595085,-9.253627,-8.858086,-11.062033,-13.642332,-15.449837,-16.364552,-15.519719,-17.547068,-24.396923,-27.33053,-27.447193,-25.098646,-21.822367,-25.09343,-20.748714,-17.85462,-14.529827,-12.777718,-12.652373,-10.989573,-16.745674,-21.194939,-20.860546,-25.195724,-13.948346,-7.484394,-7.1810837,-6.8516297,-11.412134,-11.26774,-14.665628,-20.56958,-23.519022,-19.273304,-14.398189,-9.448553,-9.379331,-11.524772,-13.782446,-16.51983,-11.632356,-8.685457,-0.014310795,7.4335594,4.7593336,4.853176,7.6086516,7.6900253,7.7203665,6.6534333,6.916215,5.9909143,4.559738,4.653909,2.295378,-1.8550235,-9.732856,-12.506311,-13.940803,-13.687698,-8.925839,-10.257039,-7.6371727,-1.1874665,-4.342005,-11.210306,-8.110081,-2.7755675,4.12428,4.395859,3.4256363,6.772427,7.5698423,8.5556965,8.537422,6.149848,1.9696674,5.9766283,7.935055,8.302785,7.7318068,7.499362,7.362273,7.29078,6.53366,6.5332813,6.4065857,6.5372143,6.2219505,5.3042564,4.774386,3.611731,4.6871853,12.00419,15.942483,16.876755,15.623291,14.449642,13.6592245,13.728586,13.751806,13.267402,12.962458,12.58342,11.892142,11.231997,10.000659,8.964856,8.823506,8.001558,6.988986,4.823679,-1.4418604,-7.8662066,-7.8976545,-4.2696505,-0.026741603,-0.77100265,-0.56318414,3.0355585,0.11890212,-11.793251,-7.7622514,-0.07470613,4.617673,10.381729,12.175953,11.171059,12.482095,13.371841,11.651367,7.0336623,6.8605585,4.8244367,-3.2695365,-4.605817,-4.808144,-4.2033577,-5.1150413,-4.0511537,-0.38727078,3.1690464,-1.1601571,-7.7114477,-7.115736,-13.194608,-10.778185,-10.413425,-5.8135366,0.95125437,6.110682,2.6045384,1.2635114,2.6183746,2.3990147,3.0636058,3.1900096,3.4262233,4.1898923,1.8170518,7.0216556,10.801019,10.694852,10.460114,11.146995,11.39057,11.2901,10.469779,7.270007,1.6232353,1.7110162,8.2553215,11.188188,12.438344,10.039537,8.606833,7.664584,9.517519,10.09364,7.5140567,5.392006,7.0335765,4.566373,1.602294,8.289956,10.033081,9.199368,6.089571,4.536733,1.3069671,2.0144002,4.8392773,6.002059,3.6327672,1.8661327,0.5743972,0.067589715,0.009592058,1.1321638,-0.87037563,1.0805819,1.0350729,2.062965,1.1709731,1.1849256,0.35239515,-1.0920967,1.7501605,3.7005541,2.040095,-1.7456229,-2.845291,-4.0730042,-6.053954,-1.2957276,3.6844869,6.9913445,5.1356907,-1.1045268,-5.4325495,-5.3710337,-8.455958,-3.718648,-4.4787393,-5.861185,-4.862656,-3.93328,-5.7554207,-5.705761,-8.056966,-11.682789,-10.415397,-7.783045,-8.534314,-6.224928,-5.572259,-7.1144104,-8.418426,-9.82883,-10.401839,-5.847189,-3.9277868,-7.4079533,-8.765479,-8.46707,-9.986616,-19.538713,-13.019672,-7.8670044,-11.083331,-4.972219,-0.68044776,-3.9229302,-3.150073,-4.661782,-10.622386,-11.982776,-18.222242,-18.597246,-15.942291,-15.254749,-13.325052,-13.731446,-13.182085,-14.269375,-18.701826,-10.19763,-6.922291,-10.7428875,-14.496677,-12.882494,-3.5730329,11.284715,17.808796,20.412876,21.62236,22.642172,22.005066,16.89617,15.161499,20.615444,19.062454,19.533417,17.83181,14.08925,12.22302,7.0718365,4.1638856,2.639501,3.740041,2.4160142,-0.2570112,2.4225893,-0.49097407,-0.23017234,0.1921381,-1.129355,-3.4789338,-3.9713635,3.7644296,6.9332457,9.955336,14.6930895,16.154438,18.761799,19.71062,17.622534,19.251019,20.033764,19.840954,18.921629,18.554323,14.986183,3.6414223,-0.66525126,0.751977,-0.26181266,1.5138831,-2.1734757,-6.047159,6.442554,15.233765,19.805378,21.802872,21.90447,18.80277,9.443269,-7.62525,-3.988802,-3.9033911,-5.5526967,-6.5275908,-4.720855,-0.15022945,1.4343829,5.9133463,13.67296,16.37494,17.734568,19.409264,20.525543,20.902197,20.81837,20.981075,21.133001,21.28688,21.245258,21.039745,21.047468,20.740097,20.20008,20.01837,19.615118,19.793957,19.579393,19.396963,19.838093,20.118792,20.10914,19.783855,19.622572,19.617458,19.619589,19.665686,19.587412,19.518597,19.180296,18.971617,18.931993,18.84804,19.091099,19.18179,19.214556,18.785273,18.081268,18.646137,18.972103,18.870857,18.726685,18.470293,18.73811,18.474453,18.455479,18.279398,18.598602,18.511065,18.512386,18.372004,18.423555,18.59489,18.581686,18.560774,18.31654,18.230846,18.303478,18.350534,18.23465,18.302155,18.713577,18.930248,18.511862,18.260605,17.903059,17.849329,17.934,17.714468,17.856752,17.036364,13.692915,4.592241,-3.6699624,-3.420629,-5.390146,-8.0599575,-9.01626,-7.272615,-7.2282677,-6.151924,-7.3391457,-5.2810793,-5.603098,-11.17304,-11.004763,-11.140463,-6.3828826,-5.171123,-7.1306734,-8.260138,-10.455795,-11.589085,-15.774143,-13.178093,-8.685632,-6.782774,-5.434024,-7.1088557,-8.599671,-11.534229,-11.584957,-11.575544,-12.955797,-11.543155,-9.168843,-11.14555,-14.751833,-16.185928,-10.671276,-7.959816,-7.508813,-5.8216867,-10.826998,-18.490799,-16.786058,-17.415745,-19.2977,-20.692827,-15.76077,-14.595174,-19.225187,-19.780584,-24.62984,-25.327175,-27.047699,-23.935385,-8.4420805,-1.202605,-3.5488706,-11.169166,-19.76857,-18.314157,-14.114544,-2.650666,1.3792458,4.7616,7.750147,9.576876,9.126252,8.51159,8.710501,7.843902,5.6258984,5.8885994,7.1824737,6.765424,6.0541015,6.696309,6.5648994,5.9278846,5.0036993,3.4405758,2.0776906,1.1840377,0.3771083,1.4872863,1.3697165,-0.3383187,0.7666538,2.228497,2.3992364,4.303378,6.933088,7.3334026,7.2918277,7.288081,6.860424,6.271675,5.515399,1.5649443,-4.983941,-0.7337037,5.4431014,13.619498,14.667712,14.488609,13.786578,12.506913,12.242552,10.981438,10.62109,10.112906,11.030554,11.019779,11.085072,11.439715,10.172604,9.832512,12.556676,11.832824,11.402149,11.20755,10.398831,11.827675,9.40633,7.1023455,7.3663783,7.5811334,6.835458,6.0788345,4.468047,7.176573,10.259948,11.200617,11.21222,11.478424,11.005505,10.96756,12.0176525,9.794843,2.3834524,3.4962578,3.5564873,3.8553202,1.9446324,0.1529739,-2.3277884,-3.9345286,1.1930985,2.3593209,0.90775734,6.9863515,11.96624,12.758465,13.144011,12.519025,7.1116548,-3.0864964,-5.175026,-3.7826385,-5.7688065,-3.8642821,-2.5737236,-0.78059614,3.1516628,8.54433,10.608601,12.425108,13.880588,13.328659,9.201945,-2.5510821,-10.391058,-12.389208,-8.516039,-5.552701,-7.124762,-11.989037,-18.014595,-19.788008,-14.2670965,-10.646284,-2.2229242,3.683201,1.9599317,-2.8466394,-1.972372,-0.37660056,0.9548939,1.8817796,2.9319854,3.869287,0.3463852,-1.2448962,-0.0486817,1.0649128,0.25475287,-0.50719607,-0.53959554,-1.3289226,-1.076407,-7.7646847,-12.590458,-10.80624,-13.233242,-13.468903,-11.440479,-10.3200445,-8.546022,-6.8144445,-6.676152,-6.1366854,-7.408699,-9.70673,-18.67657,-11.621925,-5.345847,-2.3381727,-4.964363,-6.137785,-5.261071,-6.6490645,-5.430927,-4.6356215,-5.7357893,-7.3189683,-6.9318266,-7.468053,-7.841778,-8.212564,-8.847674,-9.457371,-9.331083,-8.811387,-9.925324,-10.961416,-11.296646,-11.956178,-8.820343,-8.004494,-4.5611496,0.518458,0.91131306,-3.427334,-6.6375675,-0.6751314,10.223967,14.631072,16.018684,16.497883,16.458952,16.49873,15.420381,9.817852,2.011353,5.229897,3.9136949,-3.2017086,-12.977191,-8.325573,-5.9944797,-5.2189784,-3.0646973,-6.4482646,-7.3060436,-5.833493,3.405373,3.407354,1.8652862,2.455401,2.81595,3.7968903,6.321199,4.7517724,-0.7886732,-0.041280482,2.8698387,1.8433927,-0.079596415,-0.9804487,-0.8516728,0.7470917,2.2565129,5.0415306,8.330834,11.352035,12.803591,13.0315,12.489412,12.368536,12.287748,11.004873,9.440938,9.053539,7.367682,5.853806,8.980598,9.859332,9.687475,7.5190215,3.8258579,5.8320737,3.7528157,-0.3002502,4.133996,5.4881334,4.5397177,2.8476574,-0.5627171,-4.335148,-6.981655,-5.0014906,-7.686366,-6.0787272,-6.773539,-13.313248,-10.031829,-9.987391,-7.102918,-4.1653852,-8.692362,-12.30674,-12.375122,-12.115751,-11.824434,-15.668007,-14.737807,-14.229225,-16.653358,-17.646465,-17.778948,-12.954161,-13.653687,-18.843908,-22.27728,-18.379238,-16.57492,-11.644463,-10.637497,-14.381546,-13.968512,-7.760856,-9.015047,-8.585463,-4.9890914,-3.058386,-3.65502,-4.805372,-5.25197,-6.141696,-6.229374,-7.9458323,-8.2441025,-13.500601,-17.142647,-18.478964,-18.805878,-19.356884,-14.050039,-13.9933815,-21.093836,-17.017027,-14.959335,-13.3388605,-15.996937,-12.046255,-8.546938,-1.8263218,-1.949016,-9.72894,-12.380106,-12.125277,-11.878291,-10.074919,-9.917147,-11.53157,-15.22274,-21.6301,-22.421074,-25.85396,-24.678156,-18.481434,-15.897579,-17.172451,-25.45166,-23.60135,-26.083431,-29.194576,-19.537853,-14.813597,-5.407886,1.9681296,7.767453,10.836724,12.148348,12.278383,11.784288,11.451008,11.108947,11.009054,10.478893,8.328189,3.5607924,-2.4174812,-3.4058545,-1.6460149,0.2622075,0.11327021,-1.0271125,-2.2663248,-5.1557326,-4.431749,-4.8941474,-5.7221513,-8.151363,-10.485313,-13.86929,-10.5268,-9.247883,-9.955444,-14.125877,-15.843792,-19.762012,-20.534492,-19.671574,-22.066025,-22.469818,-20.56842,-20.35545,-18.858192,-18.244043,-19.612959,-18.62383,-19.26945,-20.033657,-18.460707,-15.563932,-14.600048,-17.005974,-11.74348,-5.947564,-0.7370615,1.5690953,-0.84660614,-0.62113917,-1.1584901,-3.0090113,-5.432292,-10.303637,-16.833008,-10.42948,1.7201544,9.66895,12.8284645,13.972215,13.711114,11.031798,3.4858532,-5.0635414,3.3260238,3.7788007,-4.409765,-6.2514763,-2.5113325,-3.1669836,3.9328613,8.837286,9.707602,10.819332,8.281157,8.796799,8.489033,8.209866,7.9329395,7.8667336,7.586133,6.512561,5.866916,5.795818,5.9966545,6.209422,5.793161,4.9311056,4.757243,4.776959,4.809933,3.4928174,4.908008,3.8381968,2.9695652,2.6088307,1.442122,2.5811174,2.7069826,-1.9367307,-7.1364193,-9.232428,-9.670186,-8.140953,-9.819382,-10.671634,-12.831169,-13.042526,-13.911524,-12.574924,-13.203196,-15.568447,-14.733795,-16.481024,-9.989741,-5.945955,-9.710143,-15.116868,-19.048584,-19.458206,-14.936714,-12.976937,-0.14671992,3.776437,3.0886893,-0.38153327,-2.5167165,-2.3804412,-0.81447965,-0.8099141,-0.91909075,-0.7283508,-1.0348893,-0.73470235,-0.88568753,-0.39512104,-1.293366,-1.1167948,-1.5192719,-1.6232076,-1.8771981,-1.1443032,-1.1146294,-3.6989398,-4.990851,-4.761738,-5.200255,-2.8753817,-2.805691,-4.4441915,-6.0604453,-4.779715,-3.6845777,-6.038926,-7.469072,-11.219172,-11.410879,-10.684517,-12.232651,-17.86347,-13.733883,-12.3969345,-13.629508,-14.59725,-13.473759,-14.014616,-18.914646,-17.814104,-16.715622,-15.36248,-9.533179,-8.911574,-10.2963295,-10.145775,-10.265661,-12.496502,-15.107031,-14.610395,-12.426893,-11.094991,-12.618555,-13.13702,-9.641513,-4.6183295,-0.7632694,6.1915736,11.3539505,14.919313,16.179197,15.349898,14.318539,15.712022,16.796127,16.379543,11.355057,8.821265,10.0613,10.945429,7.76516,7.91586,9.653279,10.244253,7.280305,5.525943,6.196642,1.665317,-6.0336885,-5.1941614,-7.292592,-3.9587016,-2.0756986,-2.037898,2.445465,3.2558382,2.7416334,-2.356903,-10.58416,-10.847349,-5.5609207,-0.27668348,-2.1400077,-9.935975,-12.191638,-14.9037695,-12.904381,-10.449184,-9.206819,-13.904793,-13.652824,-14.448605,-20.508389,-22.940542,-22.009422,-22.267859,-22.165747,-23.68584,-21.791885,-20.449183,-21.252922,-15.621587,-12.014837,-10.729083,-4.882661,-6.538986,-8.536977,-11.500433,-10.877249,-10.920402,-8.157907,-8.47112,-13.057189,-13.223957,-12.353641,-11.79577,-11.608367,-6.8367662,-4.214738,-10.126395,-10.216223,-9.508318,-10.739547,-12.055641,-5.541799,-6.404076,-4.444188,-4.7191105,-7.95831,0.11983293,2.3921578,-0.6054776,1.6476618,0.5418125,-1.3745166,-1.8490832,-1.7050221,0.43093646,1.9202613,2.549695,3.3546033,6.1704926,10.367367,13.129684,13.533984,12.9402275,12.472881,12.24539,12.20907,10.166063,6.58904,2.2441869,4.0416684,7.0995264,7.1904955,7.1189127,4.6869464,1.3607895,0.8315516,1.9069113,-1.3178949,-1.134322,1.1277738,0.09916321,-0.26322392,-1.4928696,-2.4036493,-1.8603847,-0.14129058,-2.8850117,1.2177938,-0.35374212,-6.097439,-6.8450537,-4.7248774,-3.3286266,-7.784734,-12.693739,-6.4537435,-6.23833,-7.0125074,-11.172842,-12.470694,-13.972058,-12.339998,-10.790811,-11.135119,-10.502448,-9.698513,-9.582622,-8.581666,-6.783304,-8.23523,4.8349857,11.7752495,12.2940445,9.307054,3.5709085,1.4481299,-1.1310867,-5.919756,-7.503062,-3.9176486,-6.7250376,-3.706393,-3.2760324,-4.9172196,-4.92422,-4.803515,-4.675114,-4.8868713,-2.5675378,-2.9464552,-5.2740407,-6.6473894,-8.518134,-9.205411,-10.347399,-12.665959,-12.983519,-14.333094,-14.552719,-7.2919044,-4.519512,-10.666617,-17.289953,-15.509628,-7.5269933,-7.888609,-9.884153,-11.9756775,-15.264163,-14.282823,-17.82667,-17.13249,-14.268102,-14.94171,-15.242028,-19.019302,-17.408651,-23.61478,-15.205063,-15.089784,-17.554693,-12.936238,-9.031118,-7.8344626,-9.417276,-13.551004,-14.088261,-12.669211,-9.787506,-4.145036,4.4615703,9.246376,11.11388,10.455782,9.184431,8.695353,8.727015,8.020485,7.22877,6.699848,6.606384,6.141722,5.6994286,5.6094956,4.9083657,3.6457586,0.91872823,-1.6223953,-5.5490866,-12.88427,-18.416054,-15.025144,-14.806707,-8.746797,-1.6202523,2.769208,5.109521,4.599965,2.9187217,1.904599,2.0647473,2.1439595,1.7757124,3.577951,2.9403496,0.34593776,-4.490012,-6.574106,-4.2795095,-1.57299,-0.85564506,-0.49692833,-0.26724872,-0.85662246,-1.5133591,-0.57130635,0.60619354,0.5390765,3.3050752,5.999337,2.8915925,1.7247527,0.75808334
6.524537,2.271089,-3.140782,-4.4004745,-5.2773666,-5.937068,-5.380327,-6.34073,-12.17456,-19.855745,-18.931585,-15.708292,-16.266516,-20.19353,-20.609257,-12.354127,-3.0248907,-4.226512,-12.99584,-10.958313,-3.9519346,0.47903663,1.3813752,-0.30349824,-4.2491255,-2.8353329,0.58027977,2.1407056,2.7236805,2.6598427,2.3115163,2.231424,2.0438159,2.0300052,0.54005086,0.22015856,0.22723258,-0.98591256,-0.7196701,0.7516327,-0.4514553,-2.0704165,-2.543526,-3.3271468,-3.9074097,-4.370361,-1.4587195,1.5559918,2.2202642,1.729907,1.5419459,-0.16014415,-8.014397,-12.969896,-14.212967,-18.189344,-24.51523,-26.479511,-22.735504,-19.133057,-15.507462,-10.586346,-10.116491,-15.169092,-13.374921,-12.923895,-9.600409,-15.403043,-17.337883,-11.80118,-5.9636545,-7.3216915,-13.6101055,-18.300764,-14.791615,-14.976746,-17.475266,-17.237057,-12.63462,-7.5402617,-0.55517626,-0.9404876,-3.2813053,-7.6129475,-13.397284,-9.909261,-9.676577,-0.2887134,6.7076845,5.725298,6.1252837,7.9419746,8.8554535,8.80543,7.7416177,7.5207977,6.987751,6.1593437,5.716495,4.0548077,0.23415917,0.99234796,2.215122,-3.4009714,-10.375089,-11.093378,-7.217371,0.4726489,2.5176067,2.698387,-1.4442315,-3.8272529,-2.5236619,2.0314004,4.6541724,5.3126516,6.9671335,8.325418,9.96628,10.484229,8.597414,1.0842179,-1.646671,-3.4505284,-4.270748,-7.903014,-7.067185,-7.5581846,-8.019704,-9.983038,-8.765199,-9.651228,-9.957897,-9.362854,-12.338739,-11.069902,-13.192011,-4.0489297,-0.25821376,1.5501416,3.094934,-0.15967605,-2.6186535,-2.790576,-0.30173752,-1.071772,-2.009938,-1.1266719,-2.671854,-3.990495,-3.2607765,-4.4077644,-7.658443,-8.367186,-7.1561003,0.6199851,3.4175076,1.7233405,-3.1203809,-9.472483,-12.116449,-6.5308294,-1.2223737,3.104466,3.787279,5.2300234,-3.112897,-3.5953999,2.5602696,8.191291,12.234374,13.118351,12.900587,11.296133,9.498214,4.83655,-2.68018,-7.3928404,-7.775942,-8.726787,-9.876199,-5.5957503,-7.370427,-12.79158,-11.792427,-4.7242036,-0.07204815,-5.48672,-11.459861,-10.49492,-12.934132,-12.963537,-15.675341,-11.30245,-0.15021579,5.1702576,1.5720105,1.0834334,2.8708103,3.6520424,4.40509,4.981316,7.287164,6.4997964,2.560992,-12.762358,-8.884138,-7.630489,-13.899729,-20.638647,-17.698397,-15.153357,-15.87162,-18.327782,-13.076425,-14.230736,-18.216267,-5.5656314,1.1384922,2.3093126,1.3840307,2.5334263,3.0905154,1.8881232,2.761683,1.9317598,1.9629483,1.6943576,1.2861108,1.6568735,0.5842383,1.407521,1.2012919,1.0728583,0.8535337,0.7004547,-0.28318855,-0.8804662,-0.4102986,-0.7375063,-1.0311879,-0.77157086,-0.43493873,-0.3184208,-0.34559315,1.6032339,1.3526859,1.3880363,1.4249344,1.8792391,1.6763079,-1.690732,-7.0288763,-5.257801,-4.041095,-5.310964,-5.5381956,-7.037203,-13.868006,-17.987507,-9.55752,-11.871928,-12.545037,-9.844065,-15.80907,-18.505795,-13.77447,-6.52296,-9.117177,-10.804258,-9.164657,-7.8429894,-8.467115,-13.594136,-17.408426,-17.007572,-17.203,-14.659298,-13.271305,-13.111792,-13.310876,-13.212795,-14.419291,-10.878858,-10.213268,-12.124228,-12.002855,-12.893208,-19.211208,-15.533513,-12.715736,-18.256945,-15.420598,-12.635038,-9.428857,-6.9102025,-7.114649,-9.311369,-6.0623055,-6.356154,-11.11685,-12.763994,-17.21346,-16.667255,-14.992599,-13.489925,-12.0677,-11.492972,-13.153112,-17.234575,-20.501621,-13.857783,-11.556648,-15.834017,-21.024208,-20.367289,-10.873666,-0.20880884,2.6127088,6.275508,8.94706,10.80278,12.560424,9.625558,15.16445,20.459059,21.6944,23.073557,22.298754,16.937471,11.670733,11.446882,9.439229,4.520155,-0.44742954,3.3734145,4.5810666,3.8264942,4.589036,1.6196737,-1.6743094,-3.268161,-5.6517315,-2.888539,-2.157531,-3.1554065,3.6560721,13.353035,15.468434,19.445192,20.923574,19.629158,18.506615,15.172053,10.473803,1.8994269,5.850171,8.243373,0.9989912,-7.444101,-2.419109,-1.4976492,-3.8496778,-9.515255,-11.02394,-7.0647583,2.0913951,5.140825,7.1520114,8.646906,8.078109,4.645081,3.6440732,5.257504,3.8779612,3.8721266,4.53787,4.027336,2.5288632,2.0141094,1.4079481,0.9287323,-2.7523746,-1.979648,-0.36705518,2.1725256,4.2853537,4.46674,5.9499474,6.0241966,5.6299458,4.9123297,3.223183,3.6198373,3.1556723,3.8507571,3.4122303,3.8194633,4.240755,3.4078941,2.859891,3.969553,5.6569667,5.583511,5.0812473,5.0064564,5.0619597,4.9324217,4.4714136,4.3074675,5.074742,4.343509,3.8903089,4.134553,4.3120003,5.4958735,4.9525223,4.8584843,4.275925,1.5927217,4.384994,4.4102993,3.3696268,4.069339,2.8512442,5.0249166,3.6445727,4.483239,3.338337,5.070142,3.6168447,3.7509985,2.9673681,3.201382,3.6496642,3.285885,3.4347591,2.641734,2.9180562,3.3494744,3.8883924,3.4552126,3.3562543,4.6865177,5.2911835,4.2949305,3.8451314,3.0117536,3.313447,4.094302,2.092351,2.8637064,1.878776,3.283001,-2.790484,-8.68333,-10.382571,-10.118179,-8.718875,-10.207229,-10.464436,-12.6477,-16.056524,-11.801998,-11.191806,-11.093723,-16.16901,-10.631957,-8.907949,-4.3666,-7.804992,-13.712707,-14.797601,-13.843176,-16.870022,-16.054935,-15.494823,-14.760067,-7.496766,-10.119676,-17.437775,-20.213245,-24.772327,-26.95012,-22.294292,-18.872458,-14.570136,-19.169706,-24.653948,-25.52207,-20.371994,-12.486535,-9.758917,-13.118735,-17.59442,-19.614569,-16.814507,-16.48878,-16.410484,-15.885168,-10.435534,-8.540375,-11.050758,-20.673283,-25.662277,-25.835474,-25.011791,-26.443882,-23.831444,-13.244553,-10.269209,-11.595594,-14.880828,-21.046295,-25.208338,-20.290863,-10.355511,-12.757691,-7.862794,-5.9840817,-2.6606379,-5.7077813,-6.736405,-5.4821234,-5.996273,-13.212893,-10.408112,-7.3253036,-8.294065,-10.782742,-7.6369905,-8.261413,-9.314538,-12.427977,-13.96023,-13.128807,-15.26963,-16.295279,-13.02885,-12.410952,-15.418645,-2.7296405,1.9545906,-1.8295561,-10.115505,-5.544059,-7.113612,-7.1821833,-3.896111,-5.046317,-8.448142,-7.576644,-5.988652,2.5405183,3.7208486,6.6744995,12.632036,14.561048,16.045475,16.07356,15.522547,14.509498,13.228907,12.83039,13.102911,12.96116,13.2794,14.821888,15.554086,14.633987,10.954543,7.4359007,9.513806,14.175214,14.948637,12.37775,10.068176,9.305524,7.1807175,0.3220379,-1.3484342,-0.8684839,-0.59206647,-1.8779488,1.092342,8.5782,9.747555,9.8438225,10.35882,9.266535,4.4081697,4.5102997,4.79356,-1.9490829,-9.431294,-1.092337,2.5164084,1.3032657,0.025487972,-1.9488931,-2.4630883,0.36560583,0.93820566,-0.67221546,5.5959487,8.946184,10.880303,13.085452,13.047108,9.244955,-0.4234508,-3.0282893,-2.5151517,-3.2903962,-2.9449108,-2.8094304,-2.3053484,0.28515825,2.301738,7.7491217,12.090245,14.233435,12.210012,5.6311674,-4.4668384,-10.937072,-12.85624,-14.646656,-8.38876,-10.109318,-17.210396,-20.648382,-20.531693,-15.568283,-18.318174,-4.8902826,1.4331937,0.6124636,-1.5010698,-1.1883702,0.9432742,1.5699198,1.6542675,2.2029333,3.0486064,1.4542876,-0.054605834,-0.4066888,0.7290534,0.1701819,-0.05842866,-0.36508518,-0.76181245,-3.266399,-12.142104,-17.92433,-14.856813,-8.296768,-9.467558,-22.516268,-23.018972,-17.857569,-10.232576,-9.126365,-8.518759,-13.345961,-15.334192,-19.686153,-14.351185,-11.285965,-6.7389193,-4.8141375,-5.113836,-5.4143753,-5.817576,-4.561029,-3.885268,-4.7523265,-6.208591,-6.106721,-6.2028704,-6.819034,-6.960387,-7.8596277,-8.310727,-7.943658,-8.128688,-9.414946,-9.679886,-10.422343,-10.459389,-9.0491495,-9.1919,-9.724037,-3.913435,-0.3043761,-3.5606213,-6.048131,-2.6843941,9.639252,14.419897,18.288195,20.944212,21.722023,21.197702,19.465652,13.573636,8.204881,8.734874,6.327935,0.24029107,-5.4840555,-3.999646,-0.7998153,0.3467007,0.25972113,-1.3485395,-2.6791415,-1.5905068,2.930801,4.511173,3.0114155,9.328091,10.082987,7.0995946,6.40414,4.1520367,-1.3270905,0.6139098,8.049341,5.952683,3.1450975,0.4248324,1.2111298,3.6068866,6.700907,6.305017,4.4695706,10.846073,14.779961,15.038911,14.44935,14.276897,14.087142,13.579067,12.685412,11.78627,8.94999,5.8830028,5.5597024,8.580734,11.443024,10.744602,7.245793,2.3257735,-0.16179356,-4.2703443,5.789547,10.264273,9.815167,7.3571577,1.6478009,-1.7453711,-4.6626463,0.28249967,2.0431588,0.96469766,-1.2143617,0.7294477,0.9791117,-6.2495766,-7.0585995,-4.5013475,-7.856813,-14.661708,-14.443243,-11.4720745,-12.522894,-15.318506,-13.1691,-13.9786415,-18.765987,-23.33129,-17.683014,-12.687908,-12.70185,-18.51302,-24.840014,-17.435354,-15.106745,-6.962428,-5.19306,-10.550516,-14.955086,-12.595264,-10.113062,-8.673835,-3.9237442,-2.5333786,-3.1804762,-3.9806366,-4.5621514,-4.756265,-6.7849874,-7.080474,-9.750071,-13.432689,-17.294722,-19.7412,-20.920124,-19.33689,-15.729531,-19.14593,-25.78438,-18.056446,-16.111458,-16.536533,-17.913353,-14.208074,-3.8006213,-0.04633837,-1.934063,-5.355135,-5.3129506,-4.9888477,-6.040493,-6.456034,-5.584686,-6.099277,-7.7336397,-8.666671,-8.213446,-9.16892,-9.710025,-10.187873,-7.6938396,-9.21726,-12.619883,-12.259416,-12.29591,-12.461095,-12.131298,-12.564568,-9.340076,-4.7974377,-3.3552623,-1.1962196,-0.52209055,-1.3521674,-3.240797,-3.803553,-4.4652452,-3.8255587,-4.3156843,-6.9136024,-10.31374,-13.705509,-14.828206,-11.753014,-4.1359797,-3.273932,-9.688407,-10.783825,-10.091196,-9.808808,-12.351722,-12.720812,-13.65077,-9.89877,-7.807905,-3.1411767,-5.3381824,-13.481239,-12.186253,-10.244862,-12.53866,-13.264184,-13.943808,-15.774471,-17.207483,-20.187902,-17.091787,-14.122618,-14.675871,-15.963754,-16.242239,-15.977826,-14.87069,-12.484769,-11.774151,-12.470636,-17.451845,-17.046963,-11.17031,-7.947117,-7.9805183,-7.4453306,-9.874924,-9.94414,-11.238968,-10.59351,-15.832708,-22.483288,-3.7680798,1.8588705,1.3284564,-0.69135046,-0.12104629,-1.1961838,-3.143753,-5.656882,-4.471011,0.5230144,0.6061206,-4.2664404,-4.2125626,-6.013402,-6.2345257,0.28356242,-0.79465115,5.5372334,8.207789,7.3374653,6.9569416,7.1285267,7.3428144,5.702916,5.644169,7.4463644,6.20977,4.32637,4.364061,4.8136854,4.9314675,4.969877,4.100361,3.8132,4.12888,3.551407,3.9838026,3.9628692,2.132907,2.6425362,2.710463,1.8051217,1.4685017,0.5933161,-6.0651636,-9.321352,-7.150858,-5.9032593,-8.422277,-13.800639,-19.05652,-17.922266,-17.532703,-19.182766,-20.02538,-19.910957,-20.926647,-24.244576,-24.348732,-9.406495,-3.4396002,-8.10186,-19.704609,-27.276798,-26.654844,-19.585478,-16.395771,-1.9060676,1.7680113,-4.288588,-6.8273754,-5.5656986,-6.1913843,-6.2941384,-6.4216747,-5.9348345,-7.8933387,-13.330003,-13.548132,-16.574017,-18.956242,-21.10899,-22.716293,-19.828665,-14.470662,0.5810955,4.398696,0.05370968,-5.7059317,-2.5604987,-2.2155037,-3.1699252,-4.735174,-3.701643,-4.3061895,-4.2901955,-7.902202,-14.785521,-12.872529,-14.281055,-17.449587,-20.675573,-15.032989,-15.524704,-24.19358,-12.269005,-4.513591,-6.3363934,-12.366379,-12.317923,-11.814278,-10.902534,-11.398926,-7.3302794,-4.429406,-7.6556964,0.11149641,3.9684882,5.668907,6.5784698,5.9700117,5.5546465,5.604072,5.653393,5.414879,4.969621,4.1750197,3.3022668,2.8889058,3.519011,3.5369623,1.679454,2.4805655,3.5053244,9.509918,12.482294,13.89287,14.842381,13.078146,12.793511,16.991695,18.381746,18.367115,17.962198,18.760391,19.072823,17.537388,11.752625,5.0538406,-0.04321582,0.6647951,-0.46552384,-0.5690258,-2.292803,-4.0089183,-4.172527,-3.3905113,-3.2745461,-6.180925,-7.650947,-9.3523445,-9.985565,-11.929263,-6.3057737,-4.501355,-5.5170374,-6.8312616,-9.320681,-10.9886875,-10.197865,-10.946644,-7.709671,-9.4592085,-11.842064,-7.5577593,-10.959988,-16.471384,-11.83374,-15.515775,-15.961664,-15.754875,-18.092577,-13.456918,-8.56407,-6.2331243,-1.3523688,2.425446,5.799342,8.8806095,9.40945,8.354404,8.090156,7.2911863,7.948456,7.3998194,7.444008,6.65021,6.9312053,6.6563616,6.4393806,5.687794,8.534086,8.552202,6.602317,4.8306103,5.560211,6.8623204,6.757632,4.700778,3.663007,-1.4719516,-8.685556,0.44329554,0.68909293,-0.032093417,0.86099714,0.07375097,-1.4693367,-3.120741,-2.0856056,0.93693864,2.3137436,3.3639095,4.2871885,7.488763,11.270017,13.16511,14.335823,14.450077,13.795529,13.325241,13.3465185,12.429161,9.791696,6.4351797,5.7295847,5.5067453,5.8707027,8.885812,7.95768,4.612515,1.029021,-0.57697004,-6.1634684,0.35831147,5.316978,3.7338386,-1.2025727,-5.160441,-5.3309402,-3.128687,-3.0050302,-6.2793436,-0.6762165,2.0104167,-0.22561374,0.5273744,2.2228794,2.3848252,3.189868,2.5027764,4.502409,0.5389919,0.45477992,-3.6456773,-5.8092117,-9.894942,-10.076607,-8.499621,-9.277395,-10.265223,-10.635266,-8.999498,-10.152579,-9.49366,-9.480199,5.358911,11.179767,13.237059,14.414097,15.039245,16.677233,16.017012,14.805666,14.611712,11.971041,10.671182,11.55851,10.586652,8.796283,7.8683643,6.544671,6.415334,1.5797167,1.2981234,2.9963205,-3.0927536,-4.8428135,2.3892922,1.7495658,0.32000303,-0.16382745,-1.4986227,0.016523639,1.6806316,0.6984544,1.1530721,2.3560538,-0.34111905,-1.6909542,0.39917988,0.25193003,-1.049638,3.775822,0.5498984,2.6930742,1.0501605,1.6707338,1.8416557,1.1575333,2.3067353,-0.48838192,1.0891045,-0.96003807,1.7902809,-0.9101155,-0.89094305,1.8082674,3.170823,4.7413807,4.382545,2.042955,0.38851982,-1.8480272,-0.7255733,-0.9029207,-0.77572465,-1.5247761,-1.0829483,-1.1226377,-1.8071616,6.529539,5.963297,1.7405531,-1.4322782,-8.486707,-8.494755,-8.52635,-11.769113,-9.767584,-10.141626,-10.095044,-13.252849,-12.466706,-14.884152,-20.7353,-22.00605,-21.859533,-17.47288,-7.610622,-1.5826757,3.277314,5.4542804,4.6133866,3.781496,3.4361637,3.1583955,2.6369858,2.7444053,2.64559,3.6584857,2.3973975,-4.683898,-5.971393,-4.0008426,-2.7243786,-1.5348839,-0.50141746,0.13814351,0.0008753752,-0.11986197,0.20588703,0.4170674,0.07488742,2.8575299,3.741366,0.83314764,-0.9527538,-2.5379138
-6.8221617,-12.527337,-21.395584,-19.810108,-19.339273,-18.55172,-18.880447,-21.244278,-23.698322,-17.068539,-14.997591,-14.591925,-15.02966,-18.170376,-21.228767,-4.97262,8.41216,10.86604,8.272202,4.807804,3.3275058,1.3767242,-0.5465753,-2.1058145,-2.4544775,-2.159715,-1.8417491,-0.15972921,2.6850579,1.6234249,0.5555965,0.43612874,0.4927072,1.5708475,0.07563743,-0.6050148,-1.3897343,-2.8126774,-1.5420368,1.3888799,-1.2121112,-1.4355712,-3.1529183,-4.678337,-3.9994287,-6.2626104,-3.0050302,0.60710347,0.38088685,-0.015720492,0.2984998,0.7974073,-0.3410216,-1.985798,-8.075761,-16.81119,-18.418732,-8.775553,-2.2113297,-3.0549998,-11.732265,-6.365015,-0.49358863,0.8702401,0.59829986,3.8116941,6.579423,3.0006666,-0.373863,-2.0860221,-4.000839,-4.112747,0.44821626,1.3726575,0.6751889,0.934535,1.116802,1.8254901,2.4393563,2.1350503,4.354409,3.8875709,3.7645488,3.267137,3.0819094,3.976128,3.734283,3.2623885,4.033604,6.6703577,12.64119,14.465666,14.306871,13.920443,13.423359,13.221473,13.065301,12.5522,11.039404,8.876052,5.826075,5.3367944,2.4344916,5.758892,7.340189,6.646549,5.3587003,4.0118904,-2.1816602,3.6710527,9.131999,8.462154,1.7970498,-0.5503753,-2.434292,-7.2219224,-8.455037,-9.381536,-6.853507,-3.5471787,-2.6306677,-4.6220083,-9.474558,-9.8578205,-8.3311,-5.2236423,-4.6153626,-3.024263,-2.8771925,-3.2867174,-2.203124,-1.28758,-2.4650671,-3.4645436,-3.157681,-3.3210328,-4.0194807,0.41827738,2.346039,2.5334918,-0.90560615,-9.34632,-5.550203,5.977201,11.84746,13.27138,13.262287,13.052553,12.368717,11.026295,9.602605,9.186043,9.372667,9.349693,8.899876,8.799606,4.4787464,3.1397295,8.025987,8.658808,7.9140377,5.2917953,4.502822,4.399793,0.9312106,7.4961753,8.755314,4.6686654,-0.911913,-1.7651166,-2.048641,-3.474449,-3.705361,-7.6838045,-8.160856,-7.6506815,-4.6632595,-9.406119,-14.45229,-16.302143,-17.17327,-14.769382,-15.302515,-16.648705,-19.195656,-12.721419,-8.830916,-10.777029,-12.451744,-14.868445,-16.162586,-3.9216113,4.7927475,7.6633644,7.8151903,6.0801816,-1.0753076,-2.7500153,6.638383,10.614962,13.105846,15.037468,14.8256,9.72984,-2.4474359,-6.828397,-5.7943387,-7.7315145,-4.0136495,-1.4483364,-0.17633656,-0.35520154,-4.2977943,-11.236449,-10.249963,-9.874471,-10.783369,-7.27185,-8.099663,-7.168153,-8.13457,-9.43677,-8.843994,-8.267845,-8.3130245,-10.500137,-14.313463,-12.285752,-12.265196,-11.104713,-9.659151,-8.622234,-10.20496,-11.00728,-11.477386,-11.171883,-9.155927,-10.101721,-11.657277,-12.162638,-13.608085,-17.419306,-16.808336,-15.390563,-14.131862,-11.229476,-13.415916,-12.999349,-17.406052,-16.975992,-13.778094,-14.189577,-17.731913,-20.572792,-20.192055,-23.670208,-20.29646,-16.281706,-18.11023,-20.196564,-15.173988,-16.361908,-15.452793,-15.703218,-17.083176,-24.569853,-12.804388,-7.574852,-11.057241,-10.406307,-10.273821,-9.332947,-10.608376,-11.85891,-12.365265,-11.56513,-10.37501,-9.750699,-9.356512,-9.1524515,-9.484216,-10.561096,-9.029728,-11.782961,-15.100124,-15.139088,-14.697767,-18.224829,-18.697193,-14.525045,-13.51598,-15.456989,-13.139814,-12.487947,-9.800697,-12.185282,-12.723259,-13.881455,-13.895071,-16.575468,-19.96695,-21.97238,-22.073215,-19.660574,-18.026928,-16.30356,-15.200457,-14.622721,-14.520293,-14.092962,-13.145882,-7.5962152,-8.004096,-17.21927,-21.575506,-21.536785,-16.721785,-11.887392,-9.451048,-7.9905324,-4.427661,-1.8316067,0.82851565,-0.2593471,6.9668155,7.042368,6.681875,10.073749,11.288648,9.593078,13.380504,18.98073,20.195156,21.660152,22.521658,22.319643,18.818993,9.353597,2.5523171,3.7620559,3.454077,2.5682564,2.182522,3.9064214,2.507038,2.5233076,5.9141784,5.8319573,7.13945,7.188577,7.25583,6.023699,4.550578,1.9885831,-2.3855453,-1.4794583,-1.9449849,-1.1160895,-2.528595,-2.505105,-1.79035,-4.2339377,-10.73456,-11.359483,-13.595151,-12.938562,-17.650932,-14.96046,-8.056633,-2.163343,0.07552804,1.6579533,2.840361,3.2168353,2.6659288,2.3348193,2.719982,2.2227387,0.77444166,-0.30367398,0.5867063,-0.81042564,-3.7418842,-4.0730915,-3.7639024,-6.2880163,-11.887693,-9.309052,-11.253091,-11.397419,-12.455515,-14.442477,-15.137972,-14.50841,-10.280424,-10.369997,-7.9403315,-6.7749906,-6.2278347,-6.9072,-7.3091335,-6.861437,-7.1620617,-6.2046165,-6.268429,-5.7184367,-6.120018,-6.482006,-8.792163,-12.031349,-12.130609,-11.535824,-11.008669,-11.245527,-9.208083,-9.456951,-13.324447,-12.030992,-6.7928147,-7.6484585,-10.643103,-9.366448,-13.283918,-16.830034,-12.710007,-11.3013,-12.365183,-11.622137,-12.075267,-14.290274,-19.30611,-18.162788,-19.506807,-18.095682,-19.430225,-17.425198,-19.48852,-20.874748,-20.96519,-19.509474,-22.10541,-11.83611,-10.253136,-9.594458,-8.934974,-6.472101,-6.313379,-8.909837,-12.519209,-13.756742,-12.98465,-10.026403,-10.257393,-12.989239,-18.044994,-19.195307,-16.405031,-13.15675,-8.75856,-11.470514,-9.860367,-10.461405,-11.913895,-8.5996895,-8.50605,-13.409301,-12.244148,-5.6540375,-1.5721998,1.0840199,0.12626606,-0.498171,-0.6844434,-0.48273414,-0.249441,0.061225735,-0.1959877,0.8861594,1.7723017,-2.5740528,-9.121073,-9.663187,-10.059718,-13.145923,-15.241156,-11.264916,-10.436364,-19.52933,-26.245129,-27.944899,-19.239975,-8.443857,-0.49919277,1.9411588,0.9004761,-0.0009392445,0.063512556,0.6132018,1.0061603,0.84641695,-0.16947292,-3.9346094,-12.194199,-17.172552,-20.998991,-21.957375,-22.196085,-22.271673,-23.478428,-14.429007,-9.144985,-11.123401,-17.955568,-20.509062,-23.745707,-21.644602,-7.823141,5.8767395,10.175276,9.997893,8.177556,8.08024,9.129879,5.6255636,-3.6792116,-6.6972857,-2.4448793,-1.3181894,-1.4350517,-0.8024735,1.5951993,1.8310773,1.4145179,-0.3337403,-0.76035017,-3.7427845,-6.054833,-5.5945373,-6.846028,-5.1621556,-5.101977,-0.9598721,0.28941286,3.423011,4.3972616,4.074481,4.323559,6.5346675,11.633827,14.839798,15.845303,15.985773,16.608393,16.21946,11.206361,2.0082264,1.6893619,1.4786899,1.624197,0.51407164,0.38775802,-1.4156995,-4.4155602,-5.0805144,-2.7257648,-3.1952765,-3.1322703,0.78310704,2.506821,2.4201963,-0.73361844,-5.973248,-2.344642,2.2925878,2.035753,-3.222169,-11.484314,-10.311612,-8.079118,-8.860651,-12.036061,-12.479504,-11.773687,-13.530661,-8.042365,-1.9047723,-5.507189,-12.908833,-12.023716,-9.392967,-10.065102,-11.34503,-11.1474,-11.818153,-14.434438,-12.831539,-11.123866,-16.692455,-17.825937,-18.357653,-19.630138,-17.554546,-14.65618,-14.791051,-6.2088976,-5.6521277,-9.24632,-9.240836,-4.6525745,-2.3408198,-5.8402724,-14.036908,-18.04749,-16.039585,-15.281476,-21.679144,-12.158781,-2.089446,-2.6783934,-7.207988,-6.4625664,-4.17906,-7.149206,-13.285099,-19.53963,-19.071693,-18.41193,-22.617496,-21.249247,-21.40188,-23.92227,-23.33248,-23.028728,-21.724583,-20.392159,-12.921,-8.945509,-14.759155,-21.100597,-19.1203,-16.692642,-17.669004,-13.471527,1.3931655,4.4371386,0.87172747,-4.419212,-5.1675224,-4.042782,-8.911617,-11.323235,-8.8962555,-10.795605,-8.731268,-10.227514,-13.170395,-5.6059256,-1.0102333,-2.1773314,-6.530907,-10.556314,-7.3413377,-4.300633,-6.610337,-13.376583,-16.383883,-21.679132,-19.137,-17.873728,-16.320738,-14.266579,-12.989103,-16.82308,-20.352037,-19.836876,-21.140291,-23.803835,-24.233143,-27.591858,-26.606295,-22.65766,-23.206745,-23.533432,-26.436289,-27.20371,-26.750383,-25.754997,-28.225563,-28.06652,-26.78816,-29.125206,-25.899069,-16.498453,-12.0594635,-9.59489,-5.7502823,-9.718733,-16.898994,-9.056043,-1.1866112,-2.432353,3.2689896,8.462894,10.048605,8.499281,8.25713,6.9699674,1.8474302,-3.3334491,-6.312334,-3.2961216,-4.2798963,-12.642042,-9.814051,-8.495708,-8.988524,-9.914572,-10.392773,-6.3508153,-6.7162457,-6.570205,1.3089459,12.070486,16.650463,17.354,10.878643,-3.4553835,-5.3793736,5.4958777,14.428687,16.575367,16.141191,16.835764,17.59969,17.406065,14.911632,7.2561,0.81941193,0.20287363,2.4393077,0.9515538,-0.73048353,-1.6459737,-3.174171,-2.973618,-0.61662185,4.096603,4.138748,1.8881097,1.520167,3.2294793,3.044796,2.1647673,2.254661,-0.8911325,-5.736835,-10.3329,-3.895128,0.2631773,-0.6498584,-3.259969,-5.7133284,-7.3977566,-9.040553,-1.0512627,1.7143393,1.5796962,-0.71917737,-0.82486093,0.56095994,0.75082266,0.06322938,1.6598417,0.77727103,-2.5541582,-1.1644504,-0.36089197,-1.7481755,-1.7227783,-2.2278824,-2.5535748,-2.4803843,-2.647245,-2.937686,-3.6600423,-3.3882353,-3.3735511,-4.0040774,-3.594273,-3.6932933,-4.595563,-4.09949,-2.6098433,-4.254469,-4.8488097,-6.310701,-8.547962,-6.401303,-6.58355,-6.00023,-6.4047136,-7.7051277,-11.182884,-15.25649,-12.132392,-18.678549,-22.580837,-22.056625,-18.642035,-19.824436,-21.562414,-20.120562,-19.721579,-21.13693,-21.795494,-27.472195,-31.803667,-27.520487,-15.6306925,-7.5162315,-6.8511825,-5.1322103,-7.521702,-8.525811,-7.533014,-7.4405723,-9.142244,-8.883194,-9.434113,-10.505491,-11.231423,-11.391607,-11.934574,-12.106806,-13.1007395,-10.711487,-11.464365,-13.999174,-15.263318,-15.478682,-15.043766,-14.998865,-11.462136,-12.761975,-11.4005375,-13.142925,-13.05928,-15.055279,-16.211628,-16.71157,-17.230011,-16.824982,-15.105185,-16.51483,-16.507927,-15.755085,-16.59667,-17.526844,-15.3523655,-4.095732,0.5743859,-0.9345821,-1.3384284,-1.9178939,-1.2271624,-1.2531735,-1.3382858,-4.239364,-1.5024314,2.6076221,5.638308,7.6165133,7.974932,8.236281,8.273636,7.761667,7.043494,5.8833036,4.2871222,2.2377102,-1.0276212,-3.9917302,-4.400443,-1.534908,0.94205743,2.5932794,3.6600857,4.1605334,4.199068,2.6050797,-1.2263603,0.25595766,0.21118075,3.29517,7.7855434,10.394619,11.652976,11.023769,10.272312,9.955808,9.241827,8.409204,8.0511875,8.813837,7.6340394,4.093723,6.5116687,7.687595,7.588379,6.6797905,6.0295324,6.152953,7.386618,7.9787865,7.821266,6.027049,5.3176827,4.1043763,6.4350557,8.958323,10.19281,9.879366,10.112175,8.50203,7.546635,1.3871634,-3.2195554,-3.0446715,-2.241972,-5.3566904,-4.1978025,-1.270358,3.0025473,5.51722,9.945352,9.692356,4.7722645,3.4610245,2.5786712,3.8580618,2.089623,-5.929779,-10.963464,-15.822091,-10.365783,-2.8769636,-2.1380713,-10.453782,-11.54006,-11.498972,-10.914909,-8.532197,-9.627004,-6.77913,-7.5710444,-10.847017,-10.528083,-11.50703,-8.609559,-10.411834,-10.160822,-9.807971,-7.7790685,-5.7824697,-8.474339,-16.60882,-18.382368,-14.479604,-11.469749,-7.2408514,-0.20925757,9.29716,11.439704,11.383239,11.688755,11.920424,12.192806,12.253022,12.3004055,11.296379,8.665265,4.7877984,0.49893308,-1.4375924,-2.6722608,-4.018125,-5.4301205,-4.983933,9.14296,15.131065,14.820499,13.618051,14.699092,15.145007,14.243107,13.412258,13.46349,13.004055,11.430987,8.080017,3.6752763,2.3882606,2.6841621,1.4597024,0.2980261,-0.281939,-3.3041463,-6.4731736,-4.415241,4.6476417,8.255343,8.357845,7.8491235,7.597981,7.8335915,7.7028685,6.726166,2.6473906,-7.1120124,-0.23636751,3.5724995,3.2891247,4.1762013,3.6654305,3.9516873,3.7450073,3.5914502,3.4260511,2.8524258,2.015914,1.4529674,1.1789541,2.147341,1.5942556,-0.6033536,-1.1051915,-1.9300543,-4.2414646,-3.0989199,-2.7220893,-2.6045866,0.8739604,9.157546,11.783588,15.145388,17.173918,17.415289,17.659538,17.284348,14.92131,8.177833,1.848753,-0.9566725,-2.8622723,-5.286014,-4.1887536,-3.0529902,-4.6852684,-4.860384,-4.6928606,-6.533732,-12.920412,-13.8113985,-11.612023,-13.825079,-5.7172103,1.6669073,0.9213099,-3.9855947,-2.3344932,-1.2658876,-0.3026808,2.2420354,3.5091386,5.685993,6.674282,6.6442595,7.9518824,3.3995657,1.3975208,1.7125105,-0.3110146,-0.23550686,1.0858233,1.1293452,2.8837857,5.230137,9.300493,10.263975,6.8316507,8.374576,8.339566,10.025335,7.579735,8.313755,5.4039283,7.140832,7.353871,10.424628,9.0513525,10.041055,7.820345,8.360978,3.8482742,5.5422397,9.149405,7.4154496,4.981772,4.005745,5.478699,5.1538124,2.6131942,-0.7834553,-5.6400104,-8.852521,-2.2299387,4.0531316,6.65628,8.744069,8.046069,2.117802,-4.273482,-4.9893384,-2.8766248,-3.2917666,-1.4385519,-0.0652826,-2.4225385,-6.360503,-8.536363,-5.17421,-3.8968883,-4.704333,-5.889259,-4.396145,-2.09895,-4.189573,-5.504132,-7.1564617,-4.1833615,-5.798806,-6.223361,-5.428815,-6.6641736,-9.333274,-10.992048,-10.800972,-5.269245,-1.2962765,-4.2776027,-8.721306,-12.466612,-12.973956,-14.139605,-14.843824,-8.660841,-3.6770544,-3.0330167,-2.6580098,-2.6459103,-0.3514068,-0.04731962,0.5827116,0.4289853,4.2585163,6.614187,7.4622445,5.997549,5.9590487,5.6396513,5.4677396,5.955493,6.0173483,5.8268824,5.709923,6.320508,6.5043993,6.628614,7.074155,7.757201,6.6778135,8.1585865,9.582004,10.999018,15.481559,15.6424885,15.8206835,17.891682,16.14414,15.392436,17.938679,20.050938,20.203316,19.65137,18.960487,18.23209,17.202875,17.947111,18.98766,18.564621,18.84985,20.375431,21.022682,20.90933,20.853905,20.9404,21.445284,21.807854,21.661,21.656065,21.721386,21.373903,21.348227,21.73983,21.527885,21.017988,21.246843,20.613075,20.577974,20.279858,20.230219,19.98814,19.878325,20.119682,19.745525,19.76707,19.68148,20.12201,19.752462,19.870493,20.005756,19.361605,19.52255,19.12924,19.074493,18.92745,18.538921,18.531662,18.55212,18.517418,18.316385,18.43859,18.783436,18.684286,17.505861,9.95413,0.358741,-0.9931122,-2.3275743,-2.4235969,-2.160521,-5.4151816,-7.686589,-4.653485,-4.049897,-7.761662,-6.645753,-8.221047,-8.266364,-4.4194584,-3.8587806,-0.8879945,0.13310893,1.2188642,-2.0595484,-2.9974074,-5.0401907,-4.5277443,-5.414337,-4.5025954,-3.6371744,-8.060313,-4.2982416,-1.995059,-2.5675507,-3.5358558,-4.393487,-7.8303123,-5.7060795,-7.4591255,-8.704414,-8.068677,-8.998247,-6.4592733,-5.675609,-5.9401345,-6.701178,-3.5761204,-3.8625245,-3.7910209,-1.8208565,-2.2842455
-12.599221,-17.872196,-25.653374,-23.965378,-22.456234,-25.61571,-25.709476,-23.961937,-23.64225,-14.456454,-16.222466,-17.804077,-11.495172,-11.208311,-13.217571,-1.250087,11.694334,16.086777,16.616934,16.848362,17.634756,16.878868,15.914569,16.295969,15.870604,14.233051,14.162514,13.995971,13.807924,7.6216135,0.7143204,-0.36161944,-0.22385953,8.1791525,14.495334,14.742833,13.812468,14.347544,14.20742,12.5478945,4.5926833,6.8097167,13.343377,14.475872,13.462591,12.698182,12.636013,12.498795,12.455355,12.146996,11.785294,10.580084,8.66886,7.4631824,5.9075093,1.0691444,0.6816952,5.4025736,8.317862,7.9126573,4.943361,-0.90008026,-5.4042053,-3.2134757,-0.77972937,5.0874176,7.0190516,2.5478387,-4.249222,-4.885771,-6.7111454,-5.579459,3.2907686,6.6134,3.699316,-0.37833962,-2.656712,-2.8531682,-2.4886837,-0.74069387,-0.11216085,-1.4097751,-1.4469719,-1.4132073,1.0854508,3.536074,6.9281793,10.55485,11.5729,9.874421,9.088313,9.56452,9.701244,9.183674,7.662389,8.012935,7.673964,7.878866,7.5166664,6.312374,2.7212052,-1.0582142,-2.9844415,3.9205427,5.6524963,4.1527767,-0.4158848,-5.016222,-7.615011,-1.7871015,5.3342767,5.3703804,-0.7448262,-0.6652714,7.5361104,9.226247,6.9352317,1.1987402,-10.144114,-4.4372373,-9.061889,-9.068414,-6.443819,-8.397896,-8.916236,-8.391761,-7.975608,-7.611501,-7.70527,-8.469401,-6.6163034,-5.5104966,-4.0409307,2.0608778,5.248094,5.180276,5.8353424,6.776121,5.8040476,5.311749,4.46231,7.0297155,8.04068,7.8958535,8.658844,9.0045595,7.997202,7.878289,8.400404,6.4323397,3.243395,2.9200985,5.8299103,7.407605,6.947526,4.6568437,0.3149237,0.025836919,7.3282356,8.54993,6.686741,2.0015385,-2.1845813,-2.8644075,-7.9177384,0.34420726,6.2884116,5.0075903,-0.27739006,0.3748588,-4.4204454,-7.4437265,-6.085664,-6.6225343,-5.9221244,-5.96428,-5.7891226,-7.2655363,-9.40978,-12.94763,-13.761879,-15.969744,-14.319854,-13.134836,-11.066685,-8.712846,-3.8964972,6.177335,9.142195,8.079546,7.2764816,7.948593,8.722325,7.3455467,8.014576,6.9789143,5.4983826,7.3149157,8.822192,9.270475,10.832645,10.869989,8.229299,2.0400867,-7.9711275,-9.48045,-4.887402,-4.019885,-3.9751148,-3.715199,-3.3669674,-3.368266,-1.9490917,-1.4864335,0.3070261,0.9484147,0.49744114,-0.18935499,-5.242126,-0.09306912,0.77593887,-1.380528,-4.024783,-7.078785,-5.46176,-7.8553133,-10.200095,-9.8697605,-12.266855,-9.641827,-9.480618,-8.416242,-10.124202,-10.040608,-10.503129,-9.386325,-10.940677,-10.931171,-8.868635,-12.17149,-13.256277,-18.107914,-14.069107,-16.430038,-18.100454,-10.738594,-7.5537534,-9.561313,-17.61436,-24.50476,-17.525755,-12.323219,-17.661516,-21.186049,-24.373674,-25.017971,-26.046083,-17.262793,-15.742984,-18.456558,-16.720764,-17.965977,-18.56487,-14.258213,-14.976612,-21.098083,-12.4845295,-2.5020208,-1.1835154,-2.5802503,-5.634341,-5.31797,-1.4036189,-0.48371756,-0.30544713,0.22442028,1.0340146,1.5406525,1.901752,2.0594418,1.574121,0.98881894,0.7073896,-1.8340617,-4.3206954,-6.595126,-8.12738,-9.1317425,-8.93705,-10.617843,-9.630231,-7.2733808,-9.279601,-13.126553,-15.056926,-6.446324,-1.2531549,-1.6183145,-1.932838,-5.343832,-7.114238,-8.051076,-7.9500437,-6.7558317,-5.656745,-3.9314163,-3.5348845,-3.1282158,-3.134384,-2.4251108,-1.2690748,0.49296504,-0.9726366,-8.145102,-11.736746,-11.927265,-12.552391,-15.423173,-11.151096,-10.7576275,-8.60144,-5.9744225,-3.1759272,-1.3306866,-1.0686663,-6.149684,-6.8692393,-5.03612,-7.927976,-6.229703,9.298832,12.4481735,13.032225,18.152805,20.434662,21.164566,18.101824,11.230163,13.1566725,13.7542095,10.839597,10.792999,10.694809,4.3894286,0.2829775,-0.57054526,2.5152707,1.8090199,0.6859195,0.6958029,1.572217,2.133428,0.9004084,-1.7225331,-5.5434446,-7.1634607,-5.3635864,-4.807932,-6.571973,-6.81837,-4.813567,-9.186618,-11.738871,-12.912304,-13.683823,-14.456531,-14.107547,-12.394694,-6.986493,-6.001442,-7.863931,-2.2597413,0.6915507,0.58690614,1.9420934,1.7169191,1.1714815,-1.8660123,-8.771695,-9.953538,-7.1769147,-8.16585,-11.119652,-9.711467,-9.153065,-11.478201,-14.418766,-13.76096,-14.614621,-11.62553,-14.352015,-12.941385,-7.4210014,-7.01332,-7.7459497,-7.649445,-5.6312847,-5.6841464,-6.7845993,-12.631387,-11.005512,-9.852585,-14.283361,-11.979633,-8.8246975,-11.522521,-17.635342,-13.388534,-13.724308,-20.272163,-14.517391,-10.264141,-9.08763,-11.196404,-12.40397,-14.917703,-15.120238,-15.147075,-9.450723,-7.3329935,-10.621267,-10.839671,-14.126097,-13.851353,-14.682438,-16.048494,-17.100891,-15.821544,-16.23459,-16.476494,-17.987793,-17.767752,-18.7453,-17.769695,-17.584902,-16.763514,-23.228874,-16.617086,-16.467186,-21.761051,-20.551317,-11.265881,-11.720157,-14.227122,-11.073346,-11.834937,-11.322964,-13.005008,-15.7444935,-17.033367,-17.858633,-14.489605,-15.271246,-19.525406,-21.5287,-21.525856,-23.187315,-25.020794,-19.750196,-19.7488,-23.021198,-25.558336,-18.114563,-10.715531,-10.717224,-13.005131,-13.764154,-6.5730433,-3.3667712,-0.37576163,-0.9108255,-2.1178684,-2.767218,-3.4092548,-3.5878065,-3.579191,-4.480867,-4.1392465,-2.38767,-4.151518,-7.3646803,-8.998598,-6.338621,-11.157183,-14.081385,-13.240653,-12.853775,-15.266069,-16.694717,-19.215576,-15.662285,-10.250922,-4.940198,-3.058395,-3.7822556,-4.464747,-5.5022917,-4.905981,-4.419494,-4.8632,-7.711338,-12.021872,-11.857153,-18.951954,-23.405897,-23.835926,-24.078362,-21.513485,-19.471811,-14.389946,-10.41277,-11.670296,-20.292414,-19.057936,-20.966164,-24.754198,-5.1784143,11.779497,17.093664,18.216906,18.464169,18.949043,17.751562,13.396064,10.087099,9.629578,10.281125,10.22853,10.625363,4.270132,1.8316723,-0.9179214,1.0902662,-3.3941128,-2.1257517,-6.5265503,-3.0989795,7.513632,10.5763855,10.05546,8.163704,6.852495,6.245041,13.253449,15.141846,15.743843,15.570755,15.449943,12.8279,12.073871,13.555652,12.868069,13.595858,11.994315,8.351988,-2.3148556,-4.6422763,0.3535025,-1.9107503,-6.5599804,-7.8118997,-8.344866,-8.077951,-13.355374,-10.81353,-7.2226343,-8.361461,-2.5969374,0.51682526,-6.0905576,-9.31081,-13.238868,-9.882341,-9.160199,-8.169511,-8.096045,-8.718132,-10.193882,-10.644745,-11.264462,-10.351225,-8.693994,-11.393387,-10.883472,-7.723622,-6.4565153,-7.688939,-10.126303,-9.312609,-11.518988,-11.12125,-11.572428,-8.066894,-12.1189,-8.021478,-6.1412106,-5.722771,-6.6875315,-6.9489245,-8.376235,-9.834394,-10.697578,-13.299007,-15.14459,-19.212185,-18.803932,-16.666733,-14.549423,-14.468628,-10.653431,-7.193184,-10.398778,-14.418868,-20.326664,-19.537111,-23.01053,-14.810485,-4.907365,-5.588669,-8.215106,-9.970167,-10.080673,-13.561486,-12.512422,-19.104883,-19.958206,-19.998873,-25.526354,-29.566051,-27.15664,-28.044865,-27.744392,-23.553963,-24.14595,-25.13219,-19.735477,-18.430855,-17.97209,-23.452063,-26.337843,-26.496475,-17.108957,-10.369463,3.2892048,9.774807,8.605895,4.1627903,4.0035877,2.6295831,-2.8167174,-4.7469482,-2.2646918,-0.78788334,0.39371577,-2.376043,-4.430334,-2.3555133,-5.518904,-4.1345596,1.3797827,2.5937784,4.3146114,4.7037315,0.36591232,-4.3080807,-3.9452748,-1.0199653,0.5421991,-2.9457011,-5.866953,-3.5706446,-4.129432,-3.7126496,-5.110566,-7.1228733,-10.3983135,-13.775751,-15.925001,-14.349631,-11.316119,-9.674507,-7.498811,-5.8096337,-4.488489,-6.1485615,-7.3986597,-8.428051,-9.118816,-9.465145,-11.208296,-12.222295,-11.629656,-10.17398,-6.8983893,-8.119608,-8.957317,-8.972395,-10.266314,-10.4933605,-11.9885845,-15.883642,-14.419758,-10.05322,-10.246592,-12.6075735,-10.4821,-10.976764,-14.470497,-12.4513,-6.7917466,8.6021,13.428365,13.320805,12.427211,11.369676,10.082834,9.089458,6.6206527,3.3208122,6.9575644,4.934165,0.51311994,2.7826252,9.613811,15.875751,15.669719,13.624701,13.87268,13.475771,10.010797,10.170541,9.100961,12.512565,13.58869,12.085634,8.41817,3.4759073,-0.49938214,-3.5386658,-7.0277205,-4.2948904,-4.4073358,-4.8118715,-5.007283,-5.4350986,-1.1574432,-0.17006108,0.037751656,-0.45460117,-0.6921124,-1.0507674,-2.18057,-2.5662854,-3.3960292,-6.0987864,-8.792764,-10.680169,-10.8067665,-8.451547,-9.389991,-10.480308,-6.023978,-7.1426992,-9.171161,-7.684157,-9.449227,-11.337955,-12.050057,-11.861828,-6.708437,-2.4856684,-2.1891766,-0.014173408,-1.7014778,-6.4986286,-4.186067,-3.682641,-5.2397923,-4.752559,-5.6975765,-5.62464,-5.0578985,-5.4470215,-6.004881,-6.3215537,-6.7437434,-6.942094,-7.1146326,-7.2575707,-6.929793,-5.3290453,-5.6718807,-4.9733486,-7.2748427,-8.503104,-7.428596,-8.235228,-8.145076,-9.770366,-8.166017,-10.138245,-14.2920885,-17.639149,-13.942128,-10.528183,-16.044003,-17.034277,-19.496292,-19.969475,-21.15639,-18.106256,-13.793236,-13.824432,-20.525814,-23.375862,-24.979393,-25.59066,-26.69546,-18.453785,-15.722075,-10.175192,-11.035085,-9.813316,-9.658061,-10.327986,-9.953163,-10.877678,-10.414371,-11.041271,-10.9404125,-11.4301405,-11.708308,-11.46431,-12.340146,-15.658709,-21.272297,-22.642042,-24.411507,-22.697737,-25.35876,-28.463018,-15.626955,-9.384071,-11.876315,-9.48601,-6.276124,-2.3701193,-3.2418633,-4.0594535,-5.8994775,-7.414833,-8.303264,-8.457239,-9.121946,-14.627105,-19.592121,-20.299482,-17.888004,-17.818542,-12.296089,-8.591956,-7.3596296,-7.4476557,-6.4084845,-7.388082,-6.998937,-6.773929,-8.900989,-6.354978,-4.523494,-2.7804348,1.9177316,3.788916,3.8752837,3.5659277,3.3410068,2.6651535,1.3230473,-0.253958,-1.760301,-4.01099,-6.446969,-6.0976553,-4.717336,-3.0417423,-1.5570035,-0.5435998,-0.045265794,1.0916839,2.165387,4.233624,8.737632,9.56575,6.9994946,5.3926783,8.489988,7.9879,7.371105,7.0310373,6.435986,4.938101,5.3744335,5.679605,4.944426,0.49642578,-4.2827783,4.0620923,6.452244,6.1395936,4.6184154,3.3545015,1.6580467,2.4509482,4.2848225,7.5364165,6.582309,4.322179,3.0522826,2.0634568,3.3814719,7.4457173,9.644058,8.988906,5.695023,9.498958,8.742851,4.938096,4.4130826,5.023755,4.34391,5.3357887,6.605917,6.042457,4.999061,9.260121,7.526974,11.310616,13.686865,14.00647,14.769081,11.85101,2.5741541,-6.8792486,-6.054719,-4.626025,-0.12032554,2.8171706,1.9290291,-1.1569943,-3.5145998,-2.7634964,0.464488,0.011329476,1.5662107,1.1223781,-0.16077885,-0.21055564,-0.35448438,0.46366635,-1.1649226,0.8358028,2.7204823,1.6633401,2.8322706,-0.91500604,-3.282731,-1.103186,-1.3934792,-2.509945,-0.61550707,-0.11532993,4.38142,6.5932417,5.905432,6.1550097,6.440817,7.0670743,6.931693,7.3047304,7.3569064,5.457034,0.46534622,-5.649764,-6.5667133,-7.659337,-8.780228,-12.072658,-10.7869425,5.603861,9.813195,8.821805,7.984024,9.297568,10.186598,8.826862,8.168932,8.06543,7.8734207,6.32534,3.8564854,-2.0185568,-3.9849284,-1.8221499,-3.1118286,-3.7711005,-4.0785127,-8.149048,-10.778113,-7.237239,1.2480329,3.5707135,4.117223,3.085124,2.5953004,2.8607216,2.805375,1.468832,-3.6446035,-9.033333,-7.2209306,-7.3977447,-10.289328,-11.894465,-13.552905,-17.278984,-18.940794,-22.719172,-24.319077,-22.625647,-20.633827,-22.718676,-21.73967,-12.864713,-14.197949,-19.990389,-20.390755,-20.481934,-16.486433,-17.495796,-17.808153,-17.201303,-5.123677,-0.9921043,-4.010932,-7.0799966,-4.836494,-4.7955275,-5.0012326,-6.8944936,-6.321909,-5.8997164,-15.32502,-15.652992,-15.868157,-21.442087,-26.654297,-23.878424,-19.597178,-16.128473,-11.739925,-12.832083,-14.261737,-12.981129,-17.02823,-17.849056,-6.0594273,-1.9758998,-3.2509308,-7.4350586,-5.3313446,-4.5445814,-2.5933242,-1.084374,-1.3769493,3.7553349,8.308586,9.493465,10.040884,3.0958734,-1.6793997,-3.201086,-3.326745,-5.445917,-3.2271,-2.59655,0.94748443,2.917966,5.239594,4.894644,2.0860782,3.5414472,3.3766217,2.6811152,0.8727528,-3.6449966,-3.3455462,-8.058594,-3.2502465,4.006557,6.123023,5.1571426,2.2217002,-2.4702396,-6.1655912,-7.1325426,1.57954,3.1527624,-2.3057196,-10.219496,-13.333636,-10.009125,-8.165577,-10.841666,-15.480624,-10.820654,-2.439866,4.035739,4.6155796,8.211895,6.8416433,7.2536664,8.288057,8.698545,8.668362,8.009247,8.287293,7.5762887,4.2273455,-2.6583073,-2.006021,0.01998245,1.8884282,2.4231896,2.4345548,2.6153026,3.0373478,1.5053416,0.48274937,0.44512674,1.3242954,-0.97486705,-4.665765,-2.315159,0.63241243,1.1079261,0.64003885,0.85112214,0.41849697,-2.6884499,-7.0655584,-5.472159,-5.0627394,-6.705723,-14.371346,-12.952229,-1.1973209,2.840829,4.3580227,4.5393186,3.4569345,2.6009405,-0.6018943,-8.016532,-11.90877,-2.0877666,2.5695543,1.0137819,0.47758427,-0.1839993,-0.5001227,-0.46839994,-0.64583075,-0.5612643,-0.46053883,-0.66988343,0.22354457,0.740034,0.93078685,0.8230466,0.25682342,1.9897752,3.389732,1.9102317,1.1930599,2.4328563,1.5834159,2.98375,2.1923916,-1.4104309,-2.4000595,5.4128513,10.702541,11.139166,10.734796,10.514645,9.825105,10.5081215,12.566158,13.682593,14.257951,14.719348,15.823488,16.370943,16.375965,16.366482,16.887764,17.402271,17.395864,17.237759,17.338478,17.107704,16.996824,17.257774,17.71418,17.88626,17.66273,17.323017,17.133488,17.207329,17.090729,16.677279,16.264875,16.391943,16.553547,16.284988,16.37233,16.89462,17.243536,17.539957,17.73674,17.732777,17.617544,17.357847,17.183489,16.772873,16.399845,16.356413,16.615456,17.077888,16.89164,16.947338,17.189198,17.038322,16.547955,14.846804,8.753613,3.9313555,9.536047,11.639538,10.271826,9.567192,4.1992803,-6.21413,-3.2674515,-1.6690645,1.0048126,0.55490947,-2.659266,-0.30881637,1.4569892,-0.31949225,2.384496,0.04747894,5.008385,2.9483712,1.7339928,-1.8873502,-0.5103861,-1.6922619,-0.19569741,1.3298724,-2.46591,-0.8576423,-1.8927956,-0.7987523,-3.994524,-1.8685832,0.73729604,2.3245177,0.4919625,-0.7673424,0.049563162,-0.80844426,1.3881526,1.130731,1.6888248,-3.5283759,-2.1299648,-1.0096871,0.026910342,-1.1416315,-0.0068473155
-19.700542,-21.21711,-23.42489,-19.30744,-17.439949,-18.07215,-18.276136,-13.270774,-13.854934,-11.472647,-11.3949585,-15.309495,-4.8649826,-0.337561,-0.09650194,0.9829496,3.1873155,5.604964,9.06372,11.841858,15.493662,15.939503,17.52845,20.133476,21.564346,21.892643,22.234468,22.055101,20.782066,14.727711,4.8291087,4.7806926,4.5392413,12.961458,19.686924,21.329876,21.838554,21.683912,21.169674,18.6521,9.604485,12.542427,18.654547,20.304443,20.418003,20.468822,20.068974,19.73058,19.909842,20.416466,20.67836,19.965586,18.378437,16.807995,15.243235,14.085657,13.315622,11.108047,5.2739215,7.173456,13.038878,12.953276,10.064938,8.695718,8.338789,6.825087,-0.12707244,7.212186,9.552681,8.990338,4.8658075,2.1817164,3.9567616,7.4511986,11.136331,11.093069,6.909306,2.2677057,2.6718378,4.4099374,4.568493,2.0512729,-3.3929482,4.4595127,9.818327,10.301237,6.7752624,6.817165,5.8727856,3.7777483,-3.9818022,-6.409369,-5.6349382,-7.2473526,-6.231317,-3.8709066,-2.9198887,-3.5461676,-2.9655826,-5.6286645,-5.4262595,-7.257035,-4.586552,-7.922135,-12.016687,-13.680173,-13.576906,-16.575869,-17.391539,-15.974197,-9.752453,-9.452025,-9.882656,2.2973678,8.5714035,11.65534,12.668761,8.959776,5.214296,7.8285875,5.423262,2.8010616,1.4095132,0.23108728,-4.1945457,-6.822581,-9.072082,-7.845366,-8.390513,-10.332443,-8.88163,-4.783088,4.7048645,11.793659,14.753223,15.17136,14.4544115,8.998156,-5.578882,0.12773874,10.423745,13.82372,12.3689,5.87955,-4.840664,-1.6140432,-0.3350957,1.462922,-0.6832635,-3.4571843,-6.6600156,-4.445158,-3.4949362,-3.347347,0.40907744,-3.0211232,-7.807976,-6.7889857,-5.969486,-6.6817913,-3.2823827,-3.5567489,-1.9452697,-2.9115095,-5.4331665,-8.804585,-10.27286,-9.972886,-3.4019969,2.0199957,3.9086132,2.8658068,2.2546837,2.2721245,2.6433623,4.11285,4.2773123,3.5607674,0.80985475,-2.0382547,-5.2134533,-12.33357,-10.279415,-4.5027742,-0.97835183,-0.06611149,2.9448807,12.750326,17.358105,18.711063,18.907711,17.910303,13.086368,3.5756335,1.0632409,4.3587313,11.291203,13.576474,9.559223,0.41964588,1.0817807,1.7273725,0.078303136,-2.401937,-1.8334119,-3.598041,-1.8582283,1.6097659,-2.581103,-5.6138616,-5.8421946,-4.2024026,-4.5109754,-5.045904,-4.189369,-3.6234336,-4.7962584,-3.619542,-6.746773,-5.3660827,-3.877609,-0.64811236,-1.285667,-4.916689,0.7002282,0.55139744,0.16464306,-0.21630114,-1.3315659,-1.5778229,-1.2239852,-0.61720514,-0.95054066,-1.3841381,-1.3229339,-2.2433553,-3.4980178,-2.6441631,-4.576598,-13.0133,-17.86195,-18.843939,-13.153555,-13.833149,-17.04544,-7.0697584,0.8576996,0.08287694,-8.08066,-19.629906,-12.63496,-8.589958,-12.058011,-19.269749,-18.31498,-15.318852,-14.670904,-13.60552,-14.018687,-15.803157,-15.505568,-20.73032,-17.20019,-15.922972,-23.6516,-23.620972,-15.103298,-5.310531,-4.014567,-1.6334112,-1.9221025,-7.1696815,-4.4870386,-4.921257,-4.396592,-4.6183095,-4.2132616,-3.8513384,-3.8503103,-3.4095454,-4.255043,-4.504887,-4.708549,-6.7840505,-9.522825,-13.78932,-16.348354,-13.440007,-13.164124,-13.016711,-14.831351,-13.175249,-10.648973,-11.23431,-13.863863,-3.860868,0.38977468,-2.2461534,-1.2395118,-4.684968,-4.760827,-5.8276086,-5.495824,-5.817408,-6.1822968,-5.7025795,-6.4596868,-6.1055236,-6.715089,-6.147518,-5.3809476,-4.775186,-3.5103989,-9.181856,-14.257557,-15.637957,-15.220328,-16.374277,-10.837356,-7.8555965,-11.908561,-10.753919,-5.1020956,-4.8523464,-4.866238,-6.9028664,-10.74504,-15.618595,-15.692532,-11.519571,-1.5226566,0.011615537,-4.350786,-13.480057,-9.300293,-2.3857117,0.7337409,10.650593,17.751236,20.632956,22.171144,22.393019,20.175236,12.412994,3.2425878,6.1451383,6.77383,4.355336,3.0938072,3.7675498,3.9048786,3.7467227,2.6260777,2.0827434,-0.5573751,-6.6335354,-8.259698,-5.4396,-5.616995,-4.9267855,-5.183443,-5.254535,-5.7538915,-7.254221,-7.982738,-6.251948,-3.8397942,-0.5320444,2.4203346,0.58498806,-0.61026776,3.324687,3.9912815,4.3945856,4.431529,1.7427455,5.653323,7.5225997,7.320322,4.9672914,0.06187807,0.4530913,0.502485,0.063850805,-0.60865545,-4.138492,-11.28606,-12.496889,-15.691475,-17.297966,-16.449476,-16.822073,-9.9103775,-9.042618,-4.741366,-1.4709185,1.0377306,0.41978872,-1.2825643,-4.466654,-7.7063713,-12.415852,-13.978872,-10.504244,-10.017067,-12.818513,-18.119062,-15.889538,-16.24329,-20.4496,-19.173025,-14.783355,-16.273882,-9.076777,-2.1831787,-2.6730607,-3.0265446,-2.7709308,-3.8705592,-1.7868283,-5.7632136,-11.151481,-16.11137,-14.279745,-16.531069,-23.37261,-21.145626,-22.884295,-19.88503,-20.21822,-20.57,-22.882423,-23.642025,-19.169277,-16.447664,-18.831303,-20.356037,-15.948158,-18.788258,-24.52203,-20.362797,-14.654005,-14.800157,-9.76231,-7.959182,-14.169541,-21.517412,-21.643179,-21.957905,-25.990295,-26.82196,-24.856195,-27.142332,-27.75965,-25.8194,-22.885305,-20.872917,-22.398035,-28.831003,-31.533024,-32.6015,-31.776312,-30.707148,-20.077908,-17.381123,-23.016628,-24.481146,-14.254333,-2.1290236,1.1284993,4.185066,4.5283427,3.507555,2.6443627,0.40131208,0.09718772,-1.566968,-1.6816063,-2.1026978,-3.0640495,-1.8514261,-2.4212124,-0.9747404,-2.2976265,-3.6554399,-2.285338,-3.8366132,-4.317361,-5.40485,-7.818498,-7.8704023,-9.275924,-7.7210436,-11.37968,-10.751846,-6.036629,-5.7072077,-7.782728,-8.171612,-9.573025,-9.299161,-11.501289,-10.6207695,-12.163523,-13.960392,-12.034561,-10.617267,-9.781368,-11.411605,-13.103026,-6.7633085,-6.7222667,-14.263582,-17.350761,-14.911329,-19.194777,-4.9731402,7.993724,9.559185,9.454435,12.341587,13.501497,11.394902,12.509409,16.582367,17.234474,17.309784,17.302301,16.43438,9.899052,1.8110828,1.2867467,1.7391801,-0.21800496,-6.4573903,-10.017126,3.0944953,12.906631,16.25959,17.286627,17.482845,15.703101,10.927404,9.756503,10.129089,11.903392,10.395233,9.4091425,2.4540427,-1.5429847,0.10902268,-0.22474514,-2.090156,-2.9823246,-2.989437,-6.175501,-7.285915,-5.8147745,-10.480677,-11.351219,-8.526696,-9.745686,-10.170963,-10.687855,-12.832468,-12.98144,-6.946475,-1.11939,3.9857774,1.3187003,-3.9481685,-7.4752736,-3.44254,-0.5910555,0.9783033,2.2172928,2.0786862,1.3980507,1.1012233,0.48799396,0.19874057,-0.16022286,-1.4434807,-1.3515477,-2.484757,-1.5703621,-1.5736042,-3.1246395,-0.3445259,-2.694633,-7.6435037,-7.548637,-3.4569979,-1.2365888,2.815185,4.8090763,5.196148,4.8129096,3.8871064,2.332662,0.49312174,-1.2390463,-3.5277863,-6.259841,-9.584479,-11.710207,-11.1776905,-7.2265654,-6.059126,-6.028004,-4.499463,-5.131113,-7.481824,-10.180491,-12.937879,-13.819082,-4.2690773,-0.87758154,-0.9088229,1.7654573,1.696853,1.89518,-0.6815606,-0.74695283,-4.8354034,-3.2539387,-5.423496,-5.4167786,-6.1554866,-6.9315996,-6.3079653,-7.8421164,-7.5533733,-7.772755,-4.5758634,-4.4675417,-7.2914276,-10.000211,-15.032281,-16.041807,-12.402822,-9.027028,-5.447361,1.7400603,4.3017254,2.1354403,-2.5362668,-1.7567346,-2.9216697,-2.804893,-1.5589812,-3.5050533,-4.2655654,-3.7436125,-5.2538013,-1.2635051,1.0211675,-5.7562566,-11.23024,-3.6018157,-1.4587803,0.0022339022,-0.72949433,-4.8919244,0.30743176,5.6637454,8.343881,9.274906,9.506489,8.910628,8.66229,7.4107456,6.4892154,4.6365337,1.5466895,-1.6959193,-5.4379826,-8.2257805,-5.033244,-0.95685714,1.2557063,2.0356693,3.748166,5.3734074,4.953002,3.9195905,3.2045689,2.5215635,1.8871245,0.6425745,-0.8705287,-3.4382358,-8.160774,-10.693806,-13.404104,-10.496044,-6.5638866,-4.4168196,-1.630281,-3.1064832,-4.6393456,-5.1102734,-5.952799,-4.5990105,-4.171793,-4.850738,-5.379805,-6.2323484,-7.0561695,-2.7588172,13.613468,18.413883,19.21436,20.25049,20.6986,20.98441,21.270405,21.16462,21.123302,21.163761,17.622509,8.8623295,2.4896522,5.296982,11.397675,19.484682,21.036062,19.023699,14.011048,4.9784913,0.48831043,1.6471891,2.9036674,1.8086021,-2.130221,0.3684818,2.2790318,2.875969,-0.111728944,-5.5657578,-5.8903656,-0.5096307,3.3989453,4.0309563,2.0107348,-1.5572033,-2.170988,-0.79635704,0.3601946,0.1473375,-1.9276041,-5.4773765,-3.941046,-0.54034126,0.36487237,-1.164837,-4.4444265,-9.831636,-6.826495,-5.107257,-5.8837466,-4.9798326,-1.3898101,-0.11771903,1.3535538,0.16135845,-2.4412484,-3.2848966,-3.398097,-4.8580074,-3.2150338,-2.1898906,-3.4596653,-2.387815,-3.3742905,-3.297207,-2.9398408,-4.3719783,-4.8500214,-6.3779254,-7.074992,-7.5286646,-7.3003244,-7.7859936,-6.916334,-7.4895167,-7.6835938,-8.295788,-8.844497,-3.8731458,6.4461174,7.416128,3.059575,-2.3716607,-4.5110335,-3.928751,1.0042913,-0.214521,-5.140924,-7.5512094,-4.8272495,-7.341799,-14.044411,-17.046337,-10.58436,-12.580623,-13.663485,-14.066772,-18.34463,-18.059334,-9.495984,-3.813902,-4.8331394,-6.50363,-6.9615965,-7.506836,-8.390642,-9.712004,-7.9901834,-0.50664914,2.8697915,3.0138257,2.9547322,3.2869709,2.9454648,2.56786,1.679177,1.7772163,1.4943523,1.2009448,0.6991856,0.73348516,0.6246492,0.31444407,-0.71916485,-4.996181,-8.677981,-8.641756,-12.115727,-13.96222,-15.317852,-12.9061985,-7.9839277,-11.080013,-7.4556255,0.12670052,6.7323217,8.232918,7.8516965,6.6770945,5.367102,4.39143,3.9396002,2.6709762,-2.784835,-8.918763,-9.903012,-9.288141,-8.884302,-6.531684,-7.4769025,-11.367546,-13.813418,-13.075918,-10.452262,-8.469322,-9.045895,-13.307739,-14.307245,-14.647451,-11.239251,-8.748928,-9.2176895,-15.968613,-16.235283,-16.310072,-18.417385,-18.91906,-18.029701,-17.774982,-15.304678,-18.552502,-12.535576,-8.293146,-8.262636,-8.420113,-6.5759726,2.4123838,7.5630164,6.9431114,1.9277614,3.5174263,3.1202934,-0.62748975,-4.3097754,-4.125246,-2.465946,-5.92931,-5.6539197,-6.3018312,-8.584017,-9.1586485,-13.698082,-16.078556,-13.767336,-13.746424,-16.466343,-20.434801,-21.660063,-20.3652,-16.90679,-4.984585,7.1019506,9.872957,9.036609,10.175166,10.567314,9.371105,5.986318,2.8099978,0.67006147,1.9834547,4.151816,4.3316956,2.8337135,5.366644,-0.16960563,-0.048043266,-0.93555164,-0.021577958,0.6400907,3.064879,-1.270989,-1.7008399,-2.7171206,-2.0884814,4.3424745,7.5306444,8.321147,10.361664,8.550557,-0.25226334,-4.962962,-4.7684546,-3.3696458,-1.7324908,1.1045266,1.1179299,-2.0002985,-4.727376,-4.0897503,-1.9547052,-1.4249747,-0.2727009,-2.5969408,-2.8656423,-4.1245947,-4.817666,-5.626683,-6.355811,2.1373901,7.889853,8.46908,9.866767,7.7482862,8.285143,5.458362,1.9330745,0.621221,-0.23447368,2.3289604,2.807613,-1.2625719,-0.81557214,-0.8547282,-0.753448,-0.41111234,-1.3399034,-1.4624299,-2.5401936,-2.4773047,-3.0657864,-3.2959356,-3.7020447,-4.314796,-4.6797385,-4.9848413,-4.1611524,-2.5957599,-4.9073644,-7.9198008,-6.864952,-5.327635,5.239805,8.028093,5.727847,2.144925,1.6529526,1.1239659,-7.333369,-9.57611,-8.692604,-8.627076,-7.7532296,-12.387753,-12.673818,-15.99243,-20.16527,-13.920937,-10.979893,-16.305058,-21.564793,-15.946287,-14.275046,-17.20291,-19.569069,-14.930314,-11.451113,-11.595219,-10.764476,-6.6093755,-2.9958296,-2.5986469,-4.0118756,-6.6131635,-8.54576,-14.28,-17.047268,-16.626953,-17.460133,-21.894379,-18.578398,-13.9929495,-10.917464,-14.987551,-16.948711,-14.356732,-15.488615,-20.564165,-17.377075,-17.227121,-9.17309,-4.974696,-0.96553445,-3.8927522,-1.4175253,2.1110966,1.8162425,-0.49910623,-0.84527916,-1.5990399,-8.5211315,-16.08319,-19.302727,-21.095078,-23.53555,-19.42784,-9.220244,-4.668815,-2.679542,-2.9807093,-4.8785114,-10.162402,-14.482163,-19.03139,-15.551062,-5.284793,-1.9990568,-1.7350624,-1.454408,0.63291496,5.7814674,6.4479647,5.1385922,-0.028108964,1.8610419,3.4240482,1.4333284,-4.766154,-8.145116,-8.137117,-10.6213665,-9.6374855,-8.69224,-9.864328,-9.991336,-12.010449,-14.4471035,-11.851038,-11.508292,-5.5625253,-3.9988039,-2.8852842,-2.8921828,-5.1000314,-7.4355655,-6.86857,-10.196561,-11.80127,-15.077343,-16.213955,-20.081383,-21.135773,-25.272331,-18.636435,-15.004173,-14.843222,-5.815931,-4.0185175,-2.346009,-2.0875463,-4.1314387,-6.605401,-6.5982943,-6.26663,-4.080005,-3.1031106,1.3822525,-1.2409054,1.342762,2.6492298,3.708591,5.2350993,4.457337,3.2821279,2.6979709,-0.81284314,-1.6233618,-5.1588516,-1.9625051,-4.356319,-2.8626964,-2.9168162,-3.076829,-2.4460235,-2.2085245,-2.6631796,-5.472313,-4.7067513,-3.912157,-3.4231696,-2.4703813,-4.8858004,-3.6533663,-4.1712017,-3.9051678,-3.470389,-4.373084,-8.816286,-11.954176,-10.841994,-11.705956,-10.90488,-13.806333,-11.7308445,-2.8158855,-0.87365276,-0.10515302,-0.761637,-1.7670183,-1.1631833,0.2518455,-0.44946417,-1.3804398,-1.8032354,-7.3647213,-7.361219,-11.275417,-12.275068,-12.156956,-13.312458,-14.908455,-13.926428,-14.150446,-14.025089,-15.644754,-15.766527,-15.487278,-15.795837,-12.177448,-11.527201,-15.981129,-16.462477,-13.850361,-14.0151825,-13.347416,-13.800107,-10.988518,-13.767408,-15.4911375,-9.374218,-9.210779,-11.720963,-16.078047,-16.363514,-17.57429,-14.2605095,-9.122697,-7.815278,-11.44144,-7.809594,-11.658327,-14.44105,-15.475017,-13.161221,-9.977098,-6.4845014,-8.0734005,-10.49358,-12.812851,-10.375128,-12.090341,-10.680893,-7.4603963,-3.033893,-5.1929655,-5.3667407,-2.9546382,-3.1656718,-3.9130578,-4.146503,-5.1779833,-5.323465,-4.679388,-4.525505,-5.723002,-6.4051127,-6.6100492,-7.621814,-8.161232,-5.900479,-2.6648154,-3.6742783,-4.593462,-5.4271245,-6.551484,-6.3037624,-8.637516,-3.271147,0.5032135,0.98598135,0.28154,-1.1165621,-2.3359053,-1.3066506,-4.4281864,3.9046144,13.934097,17.09796,18.051437,16.953838,10.594967,2.8538074,7.575751,6.5473266,5.0835414,3.5910635,1.4332204,-0.38001132,-0.08300118,-0.5622654,-0.6594604,-4.0301757,-1.5812404,-0.5951544,0.4669608,-0.67671925,-0.9553076,-2.7457695,-0.7509483,6.8056436,8.915287,6.0477257,1.677773,-2.7755952,0.48390272,7.992981,10.480231,10.562532,10.509384,10.658835,11.329278,11.634762,11.833717,11.1363945,10.052044,8.7698765,9.491986,9.9847355,7.576622,1.625607,6.3983183
-10.138338,-13.774772,-16.926235,-16.760765,-16.628492,-16.915817,-14.775074,-4.9639215,-4.3828673,-11.490598,-15.624188,-12.435102,-5.871193,-5.197362,-5.457321,-5.8568935,-8.434503,-7.010098,-5.48613,-4.574206,-3.2900825,-4.327972,1.1643857,6.8459125,10.337172,11.964955,12.861177,12.5380745,13.076782,11.5873165,3.069925,-3.2786732,-5.905292,7.638402,11.261178,10.817799,12.445611,11.556701,11.058904,11.577172,6.853915,5.371328,8.98346,8.863397,9.815402,10.810656,9.913174,9.26056,9.699284,11.098243,12.024951,11.723265,10.231665,8.5500345,7.1566176,8.080833,7.7091084,4.1098876,-0.6751653,0.16060916,7.6141653,9.828101,8.129053,5.0721226,2.6662917,1.4694657,-3.0773,4.443423,7.428086,7.5339074,7.885309,5.9658475,5.065372,6.394869,6.4668703,8.588609,6.8668036,3.924963,3.8779602,3.5338907,7.1304607,9.913396,7.674429,6.5669518,6.443596,5.6147203,5.611527,1.8654917,0.94734913,0.26730406,-1.5141248,-3.1137462,-1.4010398,-2.0770686,-2.630671,3.4473848,6.7190194,7.0269556,7.5119133,6.3858795,6.0333815,4.4632297,2.7922158,-2.5167923,-10.094263,-12.255498,-13.139834,-18.709911,-23.375082,-20.435238,-14.924015,-16.065819,-15.502372,-6.087572,-5.4952583,-1.987173,3.6873791,2.2655208,5.0453973,13.622788,16.405313,15.745707,12.872232,6.727267,4.189835,4.913659,3.587935,2.8644311,0.99177366,0.013351629,1.8215859,3.4159694,2.8684556,6.3249235,7.98953,7.926919,8.370995,7.480562,0.14143418,1.0094582,6.073905,5.540601,4.2492485,4.5739417,3.2489328,3.8752415,3.8085482,5.081508,3.7328064,3.4382448,3.5196517,2.4943137,1.5158058,2.2081063,6.035521,4.854397,2.8422925,-0.21562779,-1.6367211,-2.651005,-1.8503398,-4.412052,-2.1848483,-1.6315157,-2.7872415,-4.8147306,-7.387685,-8.555389,-10.402741,-7.377603,-2.0185468,-2.036421,-5.091639,-5.11396,-5.111814,-2.0892944,-1.5090368,-2.4576404,-6.226111,-8.269234,-11.851652,-16.579887,-15.119566,-11.486383,-8.086091,-6.232486,-3.166535,5.2248855,9.142408,11.431465,12.175209,11.590596,8.381182,-0.8785451,-4.0305243,-1.6258146,2.289087,5.631954,3.3284202,-7.0002723,-6.72132,-6.16236,-7.337284,-7.964446,-6.4099827,-4.2902336,2.4755588,6.969295,6.792757,6.409853,5.5024986,4.6392374,0.82910174,-6.99825,-11.666656,-11.518738,-12.340385,-9.348102,-7.913332,-14.675228,-12.844715,-8.677297,-8.015569,-8.692309,-5.0950546,-6.4896483,-6.1765885,-6.6802287,-7.2088,-8.382934,-6.968374,-6.5862856,-7.196125,-7.9952364,-7.364583,-8.62407,-9.245943,-8.566934,-11.149427,-18.705956,-23.01136,-21.94455,-18.243708,-18.115608,-20.285646,-9.639639,-2.5116327,-4.218571,-11.856623,-21.109915,-20.525782,-15.54237,-15.237788,-20.572994,-24.632235,-21.237314,-20.18696,-20.32056,-20.630617,-21.107643,-19.958956,-24.019428,-20.905128,-17.917902,-25.650557,-23.545773,-20.114422,-15.683885,-7.4456463,-3.8586931,-7.1426506,-12.160644,-14.41617,-14.076561,-14.216225,-14.449945,-13.500041,-10.962475,-10.06049,-9.313249,-9.3738165,-9.405583,-10.401182,-9.242364,-15.023735,-15.844347,-15.671293,-17.9424,-18.351217,-19.319965,-16.931087,-18.995007,-11.912949,-13.231822,-17.578133,-8.760773,-5.649073,-8.97308,-7.303812,-8.776654,-7.3878946,-8.857976,-7.6451283,-10.14023,-9.326988,-11.60368,-10.638935,-12.998945,-11.884459,-11.537849,-10.3068495,-10.5442705,-7.453441,-10.661657,-14.959835,-18.939339,-19.024103,-13.994746,-10.614811,-6.401475,-8.2599125,-11.480788,-7.489555,-7.090294,-7.473051,-9.890501,-12.45171,-12.958446,-12.4678335,-9.961142,-8.695596,-9.68275,-11.914009,-13.701641,-14.253347,-11.397989,-9.526966,6.893385,9.9627285,12.088949,15.708,16.279053,15.090136,11.451925,3.273972,1.162102,0.23322952,-2.1418173,-1.449281,-1.1720748,-1.864097,-3.060401,-4.605493,-3.4216256,-7.0830307,-10.729069,-11.434736,-9.563769,-12.098766,-10.132104,-11.468092,-11.995859,-11.507042,-10.806828,-10.457878,-11.019689,-9.002483,-5.2060623,-0.69380397,-2.5937471,-5.338171,-1.633644,-0.40896955,-1.7486943,-3.7693982,-7.3146,-4.0600643,0.482382,4.8242965,4.4323235,-4.1964025,-4.334352,-4.572893,-6.7965307,-7.5771923,-8.734305,-13.648243,-14.694714,-15.219824,-19.050692,-18.2285,-19.561592,-17.844717,-16.577927,-8.379147,-7.6517153,-6.9002633,-6.7578263,-8.57555,-10.864639,-12.024931,-15.148501,-18.38937,-15.446377,-16.677534,-20.24096,-22.09856,-18.78659,-18.524147,-22.231064,-22.962147,-23.245804,-23.858261,-6.965479,5.126529,8.022177,7.925824,8.018654,8.321747,7.4633975,3.6164403,0.84102756,-0.8575309,1.7542455,1.5450435,0.24332318,-1.7024891,-3.3575735,-5.2359476,-4.924041,-4.8873816,-6.2632885,-8.194011,-8.224202,-9.867808,-12.697425,-13.166486,-11.978054,-15.008503,-15.560021,-16.076944,-12.989721,-10.532663,-9.833921,-9.449009,-8.452593,-15.26911,-15.72154,-14.906015,-15.956974,-19.233465,-19.54008,-15.338183,-12.14691,-13.190968,-15.16858,-12.885479,-12.074614,-17.6853,-23.78483,-24.601973,-25.757807,-23.30454,-21.572721,-19.871473,-20.420315,-22.076843,-15.410208,0.60498124,6.641365,5.315063,4.5559015,6.573109,8.252164,8.543924,7.7215624,5.996344,5.361515,5.4655747,5.1766148,4.4609427,4.4239373,4.321404,3.812876,3.0622067,5.3809543,5.390303,1.114604,-0.8311926,-0.97937405,-0.9393023,-1.4390953,-0.4219106,-4.0740595,-5.1481028,-3.6429393,-4.4486065,-3.4419134,-1.8339919,-1.0464022,-0.6097238,-1.2603993,-0.50215435,-0.17061405,-0.9986844,-0.8973923,-2.0906508,-7.069657,-17.233412,-13.388363,-8.330748,-6.7953687,-11.709861,-17.09255,-18.398302,-19.286106,-13.8184595,-1.2651508,6.565815,7.5428195,7.239114,7.183294,7.336228,10.358672,10.129023,9.194122,8.388226,7.9347525,8.006023,4.2288957,-3.1622076,-3.0037608,-3.806164,-1.5856447,-5.1392307,-5.3945065,0.09191788,4.347303,5.412174,8.116727,9.644239,9.853456,9.922641,6.7594986,6.259299,5.4366755,5.8162575,5.0024357,4.5580516,1.5276926,-2.6936646,-8.517055,-11.16592,-8.39306,-10.523919,-11.642118,-15.525347,-15.289591,-14.896039,-15.816489,-13.231886,-17.200077,-16.866062,-14.196767,-16.372799,-17.141132,-10.03778,-3.72581,-1.5869302,-6.0966115,-9.4812155,-10.479002,-9.272765,-7.452638,-5.8536615,-4.4512377,-4.304579,-4.8983912,-5.192765,-5.877559,-5.576716,-6.126328,-7.2448387,-7.165184,-3.6038973,-0.90728664,-4.608444,-8.22178,-5.4093194,-9.174568,-17.10064,-12.248089,-7.6384854,-4.5049357,-2.5140557,-2.0256386,-1.5215684,-1.9544101,-3.2433414,-5.0304933,-7.052327,-8.926744,-10.943132,-14.016398,-16.316704,-17.19437,-19.082317,-15.425347,-13.632261,-10.41048,-12.722678,-12.673799,-13.019169,-14.244873,-20.110437,-21.282642,-2.0133514,6.3225107,7.161066,7.4314017,7.1710296,7.473287,6.9944687,7.086932,6.307246,6.7106504,6.124544,5.6769924,5.108713,4.5426464,4.1665297,3.378765,2.8404071,4.445578,7.868761,8.465086,7.142794,4.41299,0.48298377,1.0721279,3.8827739,6.049345,7.3986387,8.802368,8.093819,6.808447,7.355489,7.5039463,7.6823044,8.561825,7.8777504,5.4836607,3.7558875,2.574716,0.46427912,-2.117696,-3.2808247,-12.3069935,-15.935903,-12.90206,-9.3293495,-8.939461,-7.5503473,-7.7333546,-6.296151,-1.3153862,0.70671785,1.1084247,4.249486,5.627479,5.3225985,2.63414,0.8050164,-2.7543597,-6.856558,-10.264894,-13.316073,-14.770512,-12.332134,-7.7092485,-4.7969213,-5.81279,-4.3642893,-1.7235805,-2.2115839,-3.2373164,-3.6188471,-4.444863,-4.892216,-5.8016224,-7.5047235,-10.436467,-12.533378,-12.519685,-14.410848,-9.995428,-10.953502,-7.753131,-7.6107483,-9.737967,-10.015788,-11.157801,-10.349102,-9.464012,-10.994081,-12.241657,-9.706777,-11.176139,-11.9989195,-1.4100505,10.860096,10.702547,8.010803,10.691259,12.223644,13.619517,14.780889,16.113495,17.044374,17.451292,14.80168,4.8727136,0.039067917,0.9926454,4.8896923,11.88316,11.739769,8.408411,1.1933098,-1.8134857,-4.6801043,-4.968956,-4.3119965,-5.3869224,-5.4079666,-7.0082765,-4.200679,-6.088113,-6.9544053,-9.084696,-10.392007,-5.4645514,-2.3924882,-3.0806417,-5.612927,0.5471711,5.9835243,7.0730915,6.8312697,6.401214,6.2074,4.8957486,1.2529428,-5.088269,-6.3736258,-8.76369,-10.533265,-13.185306,-12.701244,-12.494197,-12.898583,-11.284161,-8.97306,-6.2201743,-5.2781034,-5.821082,-6.735612,-6.218547,-6.772382,-5.510831,1.9850571,6.0003495,5.4235716,6.5435257,7.797653,8.532063,8.313246,7.130933,5.910824,4.5179267,3.6464438,3.6161711,4.0800905,4.0900683,4.4128113,4.392843,3.9895978,3.222818,2.2618306,2.6329052,7.8987646,11.25498,13.155023,13.419849,14.032741,13.819786,10.80176,6.877708,6.8760185,6.0664206,5.3793626,2.6955032,-2.321393,-7.1132717,-7.4435663,-6.0467815,-3.0467253,-4.3592477,-10.093731,-8.319518,-5.084355,4.1963544,6.7887316,7.24705,7.015954,5.9464655,5.2106643,4.7258167,4.8673267,4.5956774,1.6525316,-1.4631774,-2.5983267,-1.2598599,-2.1329563,-2.398962,-3.9822435,-4.0967646,-4.723218,-4.7645445,-5.776128,-5.3441105,-5.8528037,-5.8638425,-2.889193,-2.7296736,-4.3513565,-7.2731943,-13.93523,-14.871317,-15.450931,-14.306954,-10.537563,-13.587488,-11.693068,-6.003718,1.1388029,1.8158109,1.504864,0.3495343,-0.84247583,-1.8919879,-2.2750053,-1.0304918,-2.6939244,-12.508155,-15.170809,-17.023943,-17.06654,-11.691928,-13.323445,-15.069647,-19.198982,-21.519527,-18.18184,-14.930775,-14.542136,-17.496012,-15.092499,-15.330323,-12.882412,-6.607334,-2.8080094,-2.5030801,-4.5941706,-4.7437816,-5.672465,-6.6977224,-7.1201878,-6.5760846,-7.461434,-5.7284064,2.0125377,6.7519116,8.32481,8.745435,8.55281,5.958493,3.416238,0.5057994,-4.128446,-5.5452185,-9.813307,-7.9695945,-8.439594,-4.1550603,2.7334442,2.5597727,2.8170335,3.1158087,2.3745103,1.7988725,-1.0592865,-6.9459276,-17.130653,-16.357101,-13.057333,-14.404135,-18.517555,-18.756811,-11.17572,-3.338467,5.451246,6.5560465,3.0297897,3.4868288,4.5628233,3.1037257,1.3817685,1.7757599,4.1866055,8.815286,8.568019,8.109373,6.6148715,4.6994495,2.0723825,4.353896,6.961784,8.367304,6.5237894,3.9775496,6.227659,6.236789,4.8408356,3.5927358,2.0718942,0.9573569,1.2386045,0.8037245,-0.7992244,-6.271026,1.531236,4.160968,4.9850035,5.738662,4.951838,4.9216976,6.8476553,7.565707,7.79829,7.791224,4.722516,5.7649636,5.9340773,5.0998898,5.306326,5.4230213,4.09741,1.6291325,1.9449745,2.227454,3.0616817,10.840024,10.997843,11.313672,10.551886,10.564795,10.887424,10.192299,10.956553,11.541569,10.668145,10.184811,10.106469,10.56576,10.556613,10.235362,9.883755,9.086449,8.774057,8.507336,8.150885,7.6240053,7.018451,6.589669,6.364575,6.0652933,5.5075684,4.5979505,3.492364,3.649328,3.0039098,9.858427,14.673546,15.686329,14.75507,12.457136,6.4252663,-4.4272714,-4.9438705,-4.728409,-3.0699327,-6.55783,-12.41726,-10.697532,-6.5488863,-8.627241,-11.452228,-17.621262,-22.279509,-21.473503,-20.839397,-19.639534,-14.742026,-15.586468,-10.384933,-10.927872,-11.905746,-14.815093,-12.293694,-8.953413,-9.244038,-9.294439,-10.607811,-10.571354,-17.835167,-19.631166,-18.273222,-17.508055,-22.69831,-19.41899,-15.328817,-10.762773,-13.102727,-16.788004,-14.818039,-17.632946,-22.374832,-23.044933,-18.488752,-10.470022,-9.039719,-5.3280153,-6.147028,-6.4178753,-3.890966,-5.18697,-7.866426,-7.5589824,-5.9971714,-10.677223,-17.483751,-23.06946,-26.093634,-20.387468,-17.960464,-9.6799555,-9.142618,-8.799981,-9.180463,-8.955707,-11.590314,-19.506552,-20.534794,-13.871389,-1.1338451,8.129542,10.937333,11.560444,11.72915,10.230914,7.0168285,8.524437,6.3586082,5.303933,5.2944274,4.657646,3.5418108,2.9254148,3.1412625,2.58,2.7992487,2.7314737,1.973475,1.433511,-0.16200718,-3.2070708,-5.96373,-10.7343445,-4.53736,1.5960381,2.8232214,4.60708,4.2551136,3.8931952,4.005207,1.9176869,-3.3112874,-11.444893,-10.3185,-11.629973,-15.077547,-18.76989,-22.207518,-20.81709,-18.402292,-5.367839,3.6118505,8.039664,9.539219,8.813492,7.460797,5.1641126,-0.46744618,-4.8066907,-3.4566915,-3.7835732,-5.559087,-4.1361766,-3.35432,-2.173352,-2.4824026,-2.544861,-2.8736045,-3.237126,-3.4571247,-3.3634374,-2.6414394,-3.6481285,-5.023062,-4.200169,-5.2559524,-5.9749317,-5.2038426,-4.2703094,-6.593719,-6.340641,-6.6291103,-7.717275,-4.2515454,-4.131014,-5.7694287,-7.227785,-7.6690254,-7.5076904,-10.68277,-11.83707,-8.94436,-8.802473,-9.468318,-10.446098,-7.0035214,-5.653241,-8.970804,-9.788522,-8.739646,-10.800895,-9.495862,-8.9016285,-12.272375,-7.4489408,-5.0896177,-5.7877073,-4.9354057,-3.3605785,-0.4142747,-0.7863647,-0.84521914,-1.1754646,-1.1778362,-1.8809104,-2.1520624,-2.114297,-2.2917004,-2.7155864,-3.5504463,-3.9493203,-3.3573284,-2.5461376,-2.48018,-3.8375292,-4.26548,-4.006184,-3.9059615,-4.2983255,-3.8858318,-2.753004,-4.801399,-6.6864114,-1.8782248,-2.9281986,-8.187301,-9.009138,-9.929081,-8.706846,-8.399316,-8.158272,-5.724611,-5.906082,-5.036442,-8.2686,-19.079079,-19.23665,-17.955276,-11.530951,-8.335349,-13.846892,-14.440913,-13.405151,-14.656,-18.281572,-18.571846,-9.141087,-6.492874,-7.777294,-10.664958,-9.118998,-9.860602,-11.200685,-10.543469,-11.494709,-11.821407,-10.802963,-11.057793,-13.551541,-12.299323,-13.244026,-13.230767,-14.042995,-9.359711,-7.0452585,-8.733119,-10.132038,-11.643629,-12.917365,-12.490396,-16.198198,-8.93415,-7.113486,-7.3896194,-6.075935,-5.8577003,-7.968428,-9.02445,-8.991624,0.9763901,6.059776,6.12588,8.772744,9.488643,5.9346256,8.431087,14.838525,16.195328,16.038013,14.710307,8.934893,-1.4646287,-0.98151034,-0.14788026,-0.5650414,-3.2902856,-2.3361394,0.6120742,6.607028,10.30108,11.334001,10.754936,10.391764,7.437673,8.721575,8.514431,10.623336,10.79618,10.013637,6.562334,4.6023307,5.3053293,4.998779,5.50881,5.937772,6.4532495,5.6621366,4.5441484,3.0439634,2.920965,5.0944734,5.6052895,1.2358084,-1.45795,3.0115023
-5.8434367,-3.7118866,-3.5569897,-4.2359157,-4.8998413,-5.6391997,-6.217593,-4.403345,-5.386712,-14.864249,-25.159096,-18.628218,-18.10032,-22.991896,-18.483135,-19.354343,-14.958475,-16.627043,-20.095491,-18.100323,-17.1708,-10.314365,-11.57219,-8.987231,-8.645695,-10.984755,-9.256865,-10.44177,-5.022456,-4.5027466,-12.910782,-20.296711,-22.473295,-1.407231,0.44972566,-7.8140616,-18.286957,-15.435281,-13.283229,-7.9418473,-10.43909,-2.8257785,-4.346883,-13.571548,-17.234972,-14.966216,-13.492385,-13.27705,-15.8605,-13.45187,-13.897945,-19.137323,-23.983154,-20.74258,-26.061981,-24.09767,-22.652685,-11.81632,-9.352773,-13.815312,-19.326849,-18.102331,-16.653843,-16.151314,-12.147177,-13.439093,-14.260765,-15.445177,-15.634675,-7.9216967,3.7534258,7.703366,8.506245,8.194297,7.52547,5.7435694,4.8345175,3.4384644,2.8328586,3.673103,7.029565,8.004536,5.7077036,5.8860836,2.1808307,0.5912522,-0.076408505,-1.8341858,-3.2659767,-1.9015653,-1.6525679,-2.1064208,-1.4844583,-4.086773,-3.4069963,-1.290552,1.8007959,6.785388,8.518902,7.385679,4.9618993,1.159463,-3.40816,-4.844014,-8.642433,-12.131843,-13.884539,-17.23262,-21.14476,-22.694513,-18.023863,-18.193075,-17.35753,-10.978674,-12.698298,-15.574463,-14.931007,-13.826804,-6.1505184,5.8557744,9.664449,10.483213,8.750633,3.6485205,1.2964454,-0.6308619,-1.413521,0.36242455,-1.7169707,-1.3378644,-0.44710815,-1.7074673,-5.6396284,-10.431018,-8.963093,-6.0675716,-0.40136796,0.7202438,-3.8568285,-4.0339,-4.3246593,-5.598254,-4.401375,-3.4484758,-3.3569708,-1.6698003,-0.90238506,-0.17765531,-1.2159718,-1.2565658,0.36659133,-1.8394016,-2.9730673,-2.5205154,-0.22254303,-0.35246342,-1.5627317,-4.334019,-4.510257,-4.720105,-5.743927,-9.012085,-5.7614555,-3.6169956,-7.0009747,-8.423059,-13.54583,-14.696682,-9.672507,-6.9669604,-10.198029,-6.301173,-3.9587598,-6.8735213,-14.84603,-13.865643,-13.164614,-17.594723,-18.335857,-16.925179,-17.747166,-20.707846,-20.37909,-19.723515,-20.622097,-3.7168982,1.9736166,-1.0127051,-4.984077,-6.4583263,-7.1172714,-6.8575115,-7.303174,-7.9678845,-8.0383215,-8.33507,-13.679809,-7.8353786,-5.316202,-12.042266,-20.224703,-20.508974,-22.033516,-10.890856,-10.960359,-7.995013,-1.0335824,-0.16194645,0.19494069,0.034784637,-0.47768745,-0.017092964,1.5471845,1.4003134,1.0523142,0.03190707,-0.01769333,0.59461784,0.32329914,-7.2799497,-4.2862697,-6.153631,-12.127533,-13.330212,-17.17873,-16.567993,-16.80504,-15.140576,-14.071326,-20.371778,-17.26507,-18.619078,-19.050034,-16.32534,-17.865341,-18.389038,-19.664478,-17.3871,-17.175508,-20.57767,-19.402168,-17.338818,-20.767284,-21.448381,-19.491467,-15.7450905,-14.034696,-17.018736,-21.59637,-21.355213,-21.603466,-25.155085,-22.101992,-18.7323,-21.445084,-22.624186,-22.537336,-18.263947,-19.245451,-22.941978,-20.976624,-23.30303,-16.207394,-13.917369,-19.310516,-27.336823,-22.005484,-15.207339,-14.498562,-13.794891,-13.07651,-16.197014,-23.143213,-24.84396,-25.478115,-23.087437,-22.215902,-20.232275,-18.28503,-17.064014,-17.327503,-16.674904,-6.977867,-3.235363,-8.812119,-18.388094,-21.630432,-20.93945,-19.797405,-10.419608,-8.641598,-17.133085,-20.675125,-20.487196,-24.101227,-19.395191,-20.850407,-20.047253,-22.738346,-17.583195,-17.942413,-18.605911,-19.233257,-20.264503,-22.736465,-22.207735,-20.06611,-18.44851,-19.843142,-21.61749,-15.03654,-8.6161785,-9.95937,-17.77904,-15.699965,-17.664043,-23.32689,-20.348866,-8.55213,-0.5031308,1.205412,0.9425754,0.6047254,0.20279804,0.072646804,-1.1102982,-1.1182935,-0.96335816,-0.5153983,0.13625742,-0.7666943,-1.7908833,-1.2750286,-2.4811647,-2.5526543,-1.531552,-0.97637045,1.3132976,1.7389147,-1.7915136,-4.9755054,-3.8031478,-2.5139043,-5.759762,-3.706698,-3.5476866,-6.0710998,-6.1256733,-6.4613986,-6.026297,-5.477283,-5.4024525,-7.6328945,-12.446268,-16.762287,-20.69445,-19.866522,-20.66333,-22.195755,-14.703555,-8.893833,-12.567379,-17.324661,-21.87752,-27.951649,-27.07584,-15.910459,-5.3893757,-6.3077793,-11.146202,-4.963649,-3.2715287,-7.7154326,-16.048872,-15.168313,-18.599642,-16.255203,-20.397043,-12.286672,-5.8034706,-10.578653,-21.237648,-17.439953,-16.47252,-21.537472,-23.341316,-4.7365265,-0.19585745,-3.2490852,-10.893965,-10.945009,-9.211128,-10.596573,-14.211941,-14.927532,-15.316317,-17.72125,-27.453693,-9.414535,-3.7108955,-5.768013,-10.469622,-16.721561,-18.436375,-21.657618,-21.721552,-15.097162,-5.577023,-4.052487,-9.055218,-15.901196,-13.623238,-14.695872,-7.9295754,1.1425287,1.3253288,-0.6500608,0.16099131,4.5559177,9.445315,9.874514,10.044851,10.882544,12.804472,12.881975,11.928061,10.519438,7.6569023,4.0863843,5.282955,6.927638,6.8978,6.140242,5.0762033,2.6482153,-1.3340878,-5.060237,-3.1184921,-3.939111,-4.284079,-4.620871,-6.004102,-4.5038614,-5.5162296,-6.8097496,-6.1480994,-2.4374053,-0.80679125,-0.1368852,-0.620389,-1.7315254,-1.5976964,0.133613,1.7193751,1.3395483,-0.08130519,-1.2403095,-3.710129,-8.390349,-13.179434,-15.4251,-16.124378,-14.198352,-12.173416,-10.834038,-10.156297,-6.670957,-8.860224,-2.1589735,1.1197554,-4.657273,-4.432822,-0.38519943,0.6900683,1.4671946,0.18281819,-2.49367,-1.3581206,0.5342925,-0.6043939,-1.3476267,-1.2559135,-3.3287942,-4.446609,-4.4226947,0.45021063,-0.9938657,-6.6547194,-7.968061,-9.312265,-9.686097,-6.8226023,-5.877704,-6.010568,-8.208944,-9.094265,-9.612073,-10.279221,-8.909415,-8.114155,-8.729431,-8.994251,-6.7078295,-6.4370255,-7.2910013,-7.585744,-10.485647,-15.671153,-22.022331,-3.732438,6.5127807,6.6792874,1.9511932,-3.6416488,-0.7523868,-3.8282404,-8.326965,-3.3137357,0.14800654,1.7457533,1.1985788,1.0050611,0.94801724,1.4583657,1.7672752,-0.88966376,-4.066035,-6.587915,-4.72161,-2.6003852,4.897645,9.681856,6.6841984,0.74615,2.9824998,3.7991958,-6.2533836,-8.482283,-6.5274906,-11.925875,-10.034061,-3.0362134,0.16117188,-1.9860189,-1.2035917,0.60906714,-0.44299635,-0.6821969,-2.404048,-5.035287,-13.330553,-19.109001,-19.018768,-21.316326,-17.733156,-22.1163,-27.846035,-31.343235,-31.733782,-25.946085,-22.842587,-21.870632,-5.811331,-2.0766346,-3.9908338,-7.1980333,-10.1346035,-1.6455157,-3.8688304,-9.490431,-13.837021,-14.626436,-16.642918,-16.892412,-19.101337,-17.781645,-18.616516,-19.171425,-18.813147,-18.957703,-17.343409,-21.892622,-19.692743,-18.898542,-10.190784,-6.366843,-12.0865965,-15.824802,-18.87604,-18.84724,-20.655704,-17.729733,-15.539179,-6.4292336,-5.4316015,-9.375028,-13.716379,-15.371461,-22.770603,-29.461956,-23.82147,-20.69105,-19.270359,-26.84118,-26.223791,-20.34106,-24.327438,-27.608055,-24.590643,-12.165493,-11.219467,-14.818883,-16.091543,-22.523863,-22.024094,-21.058315,-5.196039,1.622336,-0.41738006,-1.4310349,-1.4597588,-1.2311994,-0.85792863,-1.1069582,-0.9532725,-1.2747234,-1.960535,-2.5629678,-3.0922723,-3.5153806,-4.1168003,-4.6448927,-4.0279684,0.3150831,2.5504127,2.6597614,2.6031864,0.87751037,-2.0499759,-1.4678437,0.61529076,2.016675,1.3963177,0.85266715,-0.21517025,3.0105982,3.3214424,4.07246,3.4676785,2.2256718,-0.6737641,-3.489398,-1.9347202,-1.8746803,-2.7024689,-3.8321676,-12.09692,-17.88963,-21.840279,-19.972588,-15.192703,-2.8670144,0.9253201,-1.8956959,-9.60312,-9.930809,-10.056389,-14.466532,-18.929144,-12.514891,-11.309962,-8.508297,-12.375143,-21.490652,-23.866486,-29.172909,-23.834671,-23.498323,-26.735294,-25.188873,-20.252422,-15.64855,-18.50539,-23.965107,-31.743212,-27.587116,-26.77415,-27.175234,-25.695076,-29.414776,-27.75279,-19.575739,-16.529934,-15.973749,1.5731931,7.0418377,4.3164053,-2.7603457,-5.6018753,-1.972631,-4.6580954,-10.352077,-2.6484532,-6.9094872,-12.423452,-8.874365,-12.353153,-11.478204,-9.832723,-4.596832,3.7990854,0.34961218,-12.056042,-17.969374,-14.056293,-11.752862,-15.821291,-16.55483,-8.824967,-4.8403764,-5.6425023,-8.892784,-10.309519,-11.387039,-6.5994387,-1.7697978,-6.088404,-12.37042,-7.50392,-7.7593017,-14.959693,-18.81808,-22.321367,-15.771743,-9.817676,-10.238275,-11.754952,-17.895529,-22.467827,-20.93571,-20.068085,-22.791443,-22.556557,-16.091488,-14.081592,-4.129054,1.7586057,1.7492856,1.380585,1.147257,0.4160613,-1.8253586,-8.298204,-15.9289055,-16.954557,-20.892488,-18.90372,-18.428886,-17.874168,-17.47437,-13.007568,-14.367607,-19.362894,-16.342793,-14.47677,-20.021461,-14.565506,-14.520936,-12.024316,-9.460543,-2.4210925,-0.82834256,-4.103095,-2.467622,-0.051718593,1.3653703,0.7189831,-0.7687029,-2.4655325,-4.064542,-5.160196,-4.8828588,-3.493145,-3.3400104,-2.9191623,-2.9063816,-3.5151086,-4.5267887,-5.6347036,-8.254474,-7.8346705,-1.9578744,5.998253,10.584013,12.4569645,12.358471,8.997373,1.8245783,0.96555793,1.9272778,-1.551548,-5.2741857,-7.8955674,-5.99922,-6.6111364,-9.694413,-7.217426,-7.626931,-13.790169,-14.046317,-4.919945,0.34503934,0.9528968,1.9428915,1.8793385,-0.01418977,-0.6909796,-0.28544345,-0.67472744,-3.413147,-3.1574938,-1.7306933,-3.7644162,-9.0467005,-10.864346,-9.641315,-10.168856,-12.817209,-13.353689,-12.57118,-11.95839,-13.280354,-17.50045,-19.761425,-16.06189,-13.189177,-10.972781,-9.164952,-7.3904247,-8.816982,-16.315247,-21.675144,-18.176357,-17.169472,-9.602898,-9.708026,-14.43029,-24.597748,-21.373306,-21.721659,-22.457306,-24.174507,-22.708952,-15.074639,-12.21315,-18.071526,-19.526184,-24.64397,-20.653097,-18.006666,-23.040905,-24.552177,-23.37203,-31.464233,-32.501053,-28.484413,-21.275976,-23.484669,-20.415848,-17.375448,-14.127374,-5.728719,-5.1292725,-4.436327,-9.408263,-9.052212,-8.95739,-9.746138,-10.97847,-5.638128,-3.4142973,-5.671801,0.1621181,3.4451184,4.9285984,5.696335,5.126081,1.4399185,-7.8600926,-10.2354965,-10.6714735,-11.034702,-16.922861,-15.818257,-19.54023,-7.461153,-2.1596417,-4.661151,-6.641395,-5.0435805,-4.452123,-3.989243,-5.5261474,-7.7957683,-10.363682,-15.229702,-15.997808,-14.802513,-16.432053,-9.066598,1.504708,3.988125,1.9186614,2.874243,3.7120786,3.2195363,2.9199874,3.5220804,1.8980911,-1.4313811,1.0816487,3.435789,3.2120028,2.1843493,1.932761,1.291138,0.98810226,3.743041,5.0113297,5.6394696,4.0978217,2.4965687,1.2046831,1.2864666,-0.36874926,-1.9135919,-3.318815,-4.9109426,1.6770047,1.851131,-2.4266977,-6.3095803,-0.9751768,0.3981885,0.30863646,1.846787,1.9040169,1.5957329,4.0415606,4.4498434,2.8517773,2.95713,3.347084,3.3314185,1.7793157,-0.4936142,0.84765863,1.7480876,2.6381338,1.1225728,-3.3416927,-9.194818,-1.178137,7.0287724,5.527279,1.7702497,2.0008755,2.40853,3.3181129,2.3058696,3.0261307,3.4401224,3.2608638,2.111443,1.4236832,2.681614,2.3999457,2.505145,2.2423668,0.9949076,0.67802876,0.5485585,0.20100804,-0.4941873,-1.1853638,-1.7547984,-1.7502166,-2.4405637,-2.213899,-1.5032578,-4.456895,-4.5085006,-0.9987548,4.2550125,4.148322,7.2176366,9.15518,8.349844,2.370148,-10.334667,-9.022749,-4.855672,-5.8461432,-2.967279,-2.3955467,-7.078808,-7.7000146,-12.7321205,-15.561333,-16.103806,-21.596048,-20.086782,-19.82127,-15.416351,-9.81194,-8.247677,-8.986205,-15.8351145,-15.935851,-8.206877,-10.323778,-12.292605,-13.4819145,-16.908161,-18.55617,-17.374166,-16.032475,-17.604092,-18.935411,-23.104134,-19.718756,-21.097149,-16.132189,-15.077339,-10.505195,-13.883008,-9.568193,-1.6408373,-3.3235736,-9.562921,-11.724773,-11.589468,-12.633856,-18.957745,-19.542381,-16.762989,-21.60349,-25.509403,-23.012571,-15.938999,-13.9793825,-19.410778,-22.98573,-24.4718,-19.364973,-13.311741,-14.863518,-13.377442,-16.436695,-17.964895,-14.397763,-2.6444576,-0.66569865,-6.197255,-7.3165565,-3.1776028,-2.2130985,4.0229163,5.7908053,5.6125064,5.077934,0.71589464,0.35934442,0.25181717,1.4636223,-0.5531417,-1.429602,-1.7897867,-2.9463885,-3.9435472,-3.1533666,-3.074691,-2.856476,-3.2636352,-3.8338208,-4.7038555,-6.2275877,-10.47146,-14.180297,-16.638468,-4.3774595,-0.92080206,-5.016771,-4.6146784,-4.363137,-3.5700142,-2.9060152,-2.2247508,-6.9613676,-15.823765,-16.018007,-16.242107,-18.013237,-24.598997,-22.224651,-18.443962,-21.804277,-14.302227,-4.2396727,0.413838,3.162395,3.513061,2.5315857,-0.19218019,-6.7639456,-12.057545,-8.9083185,-11.67897,-16.689014,-13.825164,-10.966221,-10.073066,-11.055551,-11.407084,-11.465305,-11.56434,-11.930709,-11.584483,-10.095658,-12.88856,-11.479303,-11.464835,-13.8346,-14.955846,-12.031398,-10.048475,-14.757319,-12.707334,-10.864529,-13.088192,-13.645288,-9.526022,-9.983803,-14.171172,-16.83348,-14.983863,-13.959238,-15.481114,-14.528059,-14.681646,-17.161566,-18.122417,-13.363052,-9.332722,-15.379344,-16.018373,-8.632999,-2.4146876,0.53456074,0.2778415,-4.466825,-14.653963,-17.155626,-14.659914,-5.809786,-2.68123,-6.7220488,-8.063053,-7.3892317,-7.7692738,-7.235913,-7.429637,-8.8374605,-8.698165,-8.609793,-8.902102,-9.914323,-10.209953,-9.008783,-8.905651,-9.443747,-10.667714,-10.223038,-10.795608,-11.446251,-9.638866,-9.915773,-8.648472,-10.796303,-10.647556,-4.1354203,-4.0779676,-7.474136,-11.248535,-12.317742,-13.164438,-14.667742,-16.071884,-12.930335,-12.248608,-14.747847,-15.862597,-22.360134,-18.598385,-20.917774,-15.543415,-15.773135,-14.389325,0.98326916,3.3250382,-0.39227235,-8.425988,-8.3595,-8.953236,-12.506143,-9.149918,-12.640561,-13.003143,-13.781614,-14.029689,-14.689272,-15.734419,-15.522014,-18.050045,-22.372625,-24.246328,-25.327337,-21.961529,-28.695835,-26.549406,-5.3361616,0.7599738,-3.6092253,-8.250838,-9.420355,-9.800114,-11.962758,-11.922145,-8.800007,-13.034899,-18.426853,-17.834652,-16.409039,-15.289373,-15.160278,-15.135068,-6.184493,-5.410328,-10.650262,-16.761616,-16.069366,-10.344303,4.4487534,6.709219,8.760563,11.388869,11.781181,7.8462677,-3.3977878,-1.0475991,0.85859954,-3.4681587,-1.0524071,6.0234256,10.651841,8.392841,7.305152,8.186102,7.7030473,9.798008,6.516547,7.541383,7.455127,8.300201,9.077842,7.210731,-1.2010528,6.072587,9.007068,8.781768,8.148697,6.3167615,4.8872924,1.0756671,0.12592609,1.5828431,-0.09751498,-2.8466966,-0.039570928,2.7881458,0.57576317,-0.60279506
-12.0997095,-6.7993693,-7.6138535,-8.983555,-9.993206,-10.747635,-12.347318,-16.083643,-17.143787,-15.686716,-16.880339,-22.225473,-27.862846,-27.068834,-22.738483,-21.272871,-19.76322,-16.889881,-12.547063,-13.626805,-14.617382,-3.7062426,2.1705463,4.1192017,0.10171439,-1.5866376,-0.99256134,-3.3569708,-5.994675,-0.15482919,1.1862744,-0.18779534,-2.2871654,-5.8195586,-8.073866,-5.4076266,-5.9780073,-3.9362392,-2.0875971,-5.578248,-8.985511,-9.881211,-9.161329,-14.106585,-13.483236,-15.625415,-5.147951,-1.6433989,-2.273231,-1.0980828,-3.8533328,-11.319748,-18.932402,-17.83216,-19.562159,-19.153807,-22.228256,-17.985651,-14.387932,-18.061983,-21.758291,-15.148575,-17.711514,-13.601728,-12.464991,-18.49841,-22.86274,-25.429295,-22.189703,-14.8701105,-3.2349718,1.1023554,1.3944402,2.191235,1.2938993,0.21265797,-1.0286648,-2.4513314,-2.8859825,-3.0251143,-1.6422119,-2.0371895,-2.267758,-1.3742702,-4.8627825,-7.6820116,-8.011302,-7.809875,-6.570857,-6.832673,-7.4698644,-9.235796,-10.167827,-11.724858,-12.0972805,-11.020728,-4.2357073,2.5619128,1.374488,1.2796603,-0.83965176,-8.171703,-11.853653,-9.404778,-12.099794,-12.342367,-14.0408125,-17.003,-19.024853,-18.692326,-24.006662,-13.29804,-3.6910443,0.24698465,-1.88853,-4.0413294,-4.0335507,-5.88439,-5.53231,-5.623174,-6.3476334,-7.463814,-11.095586,-15.148673,-12.325912,-7.9938297,3.5727162,11.879369,13.861312,12.689507,9.309216,1.1733391,-7.6973963,-8.898198,-5.2610087,-3.1967785,-5.5314403,-8.036713,-6.4934387,-7.2390027,-8.720294,-9.224213,-7.5603795,-6.023754,-7.4237757,-6.345802,-8.123943,-9.423681,-9.915935,-9.757414,-9.602148,-10.201273,-8.708826,-5.5199695,-7.245006,-7.6188903,-10.177519,-10.720404,-11.253911,-11.231758,-3.1170366,0.0659175,-3.8002431,-7.2653775,-6.9919653,-7.1447477,-11.413366,-13.595448,-8.483091,-11.200956,-14.693449,1.5063454,9.121486,10.604358,9.348528,8.843634,8.202885,6.62404,5.3312774,4.90471,4.640115,3.7108877,2.921841,2.2950964,1.1148844,2.9576013,12.417278,15.669965,15.767317,15.264828,14.378384,11.897118,9.078381,6.0747623,1.9233078,-1.6517121,-0.77592397,-3.306019,-6.0871563,-6.8721952,-10.141275,-15.282368,-15.843935,-11.841904,-9.021736,-8.976097,-8.854667,-15.932046,-22.170523,-23.963852,-22.93641,-16.036757,-4.599931,-1.7883168,1.2206485,-0.42722273,0.35542968,0.15676923,4.965983,4.2713823,3.5111518,1.3973969,1.6422349,0.24949151,-2.7005527,1.2496815,4.334509,5.7229447,5.6845593,4.395142,2.4299364,-0.25713506,-0.5777104,1.5016927,4.1607237,4.1374736,2.8536642,2.3250117,1.671887,1.0375719,0.61559767,1.5676821,1.0349697,-0.8968372,-2.4674335,-5.256645,-5.629035,-4.156424,-4.000987,-4.0977,-6.724901,-14.479022,-14.762388,-11.200251,-10.780827,-12.751027,-10.361233,-9.44246,-15.477127,-18.660658,-15.17913,-21.71918,-21.141436,-18.634403,-20.459324,-24.371948,-16.039907,-10.182948,-9.485055,-10.234539,-15.849792,-16.980074,-18.706644,-22.173218,-24.953966,-29.673828,-26.279009,-22.71341,-27.403624,-30.842104,-28.370655,-14.752512,-2.0982482,-1.127031,-9.40741,-15.871453,-25.308523,-27.127003,-15.442859,-4.5363264,-3.438226,-11.293826,-18.095814,-19.016277,-20.723398,-18.337051,-17.64166,-22.183207,-25.595268,-29.819569,-32.6424,-35.30151,-28.046,-28.200401,-32.578384,-29.86235,-19.102566,-18.628233,-21.729517,-24.788006,-19.32644,-10.523357,-11.498272,-13.894693,-12.954475,-15.65435,-24.841042,-23.141537,-8.50078,-4.5195513,-2.9260674,-0.058793366,-3.0421522,-5.0627346,-4.886027,-5.611408,-5.7011824,-6.1087346,-5.468848,-4.6185846,-5.827129,-5.725556,-5.749104,-8.422371,-7.9701223,-7.1283174,-1.9590993,1.5929523,-2.3731778,-6.172397,-4.678915,-6.5368443,-8.0873,-6.6802025,-6.0791926,-10.59605,-9.067664,-9.892141,-10.735723,-10.738101,-10.142302,-9.577336,-8.5036745,-13.964171,-18.54986,-20.10562,-18.36427,-23.28981,-20.934668,-7.140393,-0.09849991,-4.1864543,-13.610735,-11.981257,-10.828226,-12.209738,-15.26188,0.9269431,6.464362,7.367129,8.483546,6.3658447,3.143469,1.0518013,4.0652275,6.048448,6.9559717,6.4633327,4.9830375,2.7468338,-2.6190505,-9.29959,-4.8587995,0.09566462,1.3882802,0.8193249,3.7109516,11.636869,14.033107,13.301345,13.085976,12.782919,11.495724,8.758012,5.560996,2.3387644,-1.9574167,-3.5987926,2.6906874,9.107104,10.39464,7.466838,2.274401,-4.5198917,-14.534036,-12.762039,-5.458397,4.424829,9.537276,9.677315,8.429173,7.9521794,6.9594436,5.426478,3.6317291,3.6940536,2.1364288,-2.041814,0.14248042,5.707545,4.88498,5.133849,5.792261,8.038733,7.791269,6.8642406,6.3264456,2.8463192,-0.48861974,0.13314007,2.3912063,2.8487446,2.3390708,1.4477104,-1.762614,-5.2684107,-10.468353,-8.028009,-9.351532,-9.52068,-9.21363,-11.176702,-9.895534,-10.182562,-5.4822874,-3.637595,-1.2944713,-1.3871545,-0.7940077,-1.2028093,-1.6028583,-1.4056517,-1.4564173,-0.8719362,-0.746765,-2.5541284,-4.0383353,-10.03853,-13.407743,-17.394016,-21.246471,-20.37368,-18.542938,-16.361803,-13.961901,-6.9251976,1.5537107,3.0939455,1.6070173,0.8425152,2.5561547,3.1600056,1.1698837,0.53071296,-0.055119913,-0.56631947,-1.0648547,0.8641411,2.5116315,-2.1920207,-4.9573994,-1.7172325,-1.4490898,-5.1360455,-5.183582,-3.470139,-8.420826,-10.844271,-3.7793632,-4.272434,-7.2193413,-5.401097,-7.952223,-13.643312,-13.825994,-13.627497,-14.722694,-17.082186,-18.988712,-22.270367,-18.531689,-19.306015,-17.667429,-18.501362,-16.954844,-18.259853,-21.273567,-21.10809,-24.060158,2.3834383,16.994146,21.769047,21.575699,20.55819,19.797365,17.123684,14.436636,13.1395645,10.486,7.376156,4.6088605,2.010435,-0.04909873,-0.2641968,-0.83472013,-4.3786163,-8.658713,-9.682845,-5.407085,-6.5901375,9.457916,16.800854,18.241314,17.999962,17.423208,13.147308,0.18698676,-2.1493113,0.22033967,-1.7535517,-5.6307325,-2.8225288,-1.2295489,-4.1297503,-0.4786706,9.028904,12.067301,10.06503,6.4224963,4.5308046,-0.34186816,-6.36403,-13.884047,-16.380661,-16.375534,-23.842516,-24.41036,-21.673548,-20.418224,-19.271162,-13.287612,-11.332369,0.8694417,10.084736,12.044316,8.885507,5.443935,2.9939384,5.3611417,8.659876,8.895184,8.353226,8.081968,8.0089245,7.3929033,6.50597,5.118147,3.4411452,1.0965524,-1.551006,-3.1884313,-2.710486,-0.14032502,2.1962075,3.8830767,5.5186577,4.5367723,3.6367633,3.3684506,2.8253803,1.3172907,-0.45752382,-1.0605608,4.565544,9.86005,10.602139,8.659149,5.2130527,-0.045345053,-3.7328806,-4.9139266,-7.207165,-8.313221,-10.997771,-10.334106,-10.467924,-16.81749,-19.318045,-19.50152,-13.048355,-12.57707,-13.873873,-9.710438,-8.620528,-14.797256,-13.673381,-8.466362,-7.790986,-6.800125,-9.183371,-18.188087,-24.214245,-23.508747,-20.043198,-18.068972,-6.2579465,-0.21708861,1.8271985,2.60678,1.9514238,-3.5699759,-11.760406,-9.491148,-7.5830755,-11.65881,-16.173525,-5.1580935,2.2576303,3.559947,3.2225797,3.2159948,2.8886032,2.3597147,1.9312425,-1.1194814,-10.271782,-13.60183,-13.587107,-13.68256,-17.151785,-16.73819,-16.832077,-17.75318,-20.173126,-14.887071,-10.484016,-12.653431,-19.888863,-25.351692,-26.548346,-24.148634,4.0084357,13.447718,15.483622,14.344822,13.638489,11.772431,7.985036,4.5913177,3.7002864,3.473296,3.3508472,3.212261,2.6382484,2.1618922,1.4715062,0.33232316,-1.1181207,-1.5641742,-1.8672079,-2.223403,-2.6010358,-4.2171564,-5.420112,-6.18119,-7.152237,-7.011063,-6.7486835,-6.462994,-6.729767,-7.4629135,-8.251919,-8.529337,-7.067522,9.344648,19.334877,21.915642,20.840864,19.961418,19.081316,16.475628,14.886198,15.048431,13.5969305,12.645075,12.348602,11.220795,8.975709,4.254089,0.99463093,-1.7912711,-3.8850734,-4.4753914,-5.702941,-4.967367,-5.180352,-9.0062895,-8.142255,-0.8593459,2.503962,2.1664624,2.6035604,2.8179517,0.78349745,2.322197,1.9745778,2.2973096,2.790334,3.3623958,1.7183424,1.1651883,1.6319251,1.3459306,1.097864,1.3118446,2.0875833,1.0005642,-0.85191375,-1.205176,-1.7933729,-2.0280135,-2.4774725,-2.1356196,-1.8273883,-0.4435187,1.841516,0.13128093,-2.9293504,-4.741891,-4.856203,-4.662372,-6.405623,-10.112873,-16.53354,-17.829567,-23.012894,-26.925686,-25.70555,-18.646778,-21.488707,-6.6569085,0.17612933,1.8197567,2.1387997,-1.2424568,-9.5534115,-10.220766,-13.991112,-15.232648,-14.668231,-12.630045,-13.003987,-9.787253,-11.295635,-18.889246,-18.362314,-19.589123,-33.01724,-25.273722,-23.195309,-27.933931,-23.780775,-20.377361,-23.704538,-31.221258,-31.36203,-31.867565,-30.989058,-30.922052,-21.755936,-14.279765,-16.479553,-15.398235,-13.228902,-16.340363,-11.152269,-1.2223467,-3.5237453,4.852279,12.007719,13.337549,13.487166,13.480354,11.911883,6.0749936,-3.4264743,-9.813265,-8.997794,-6.3943963,-4.3813815,-4.119181,-4.7501163,-8.6241665,-8.976936,-10.680086,-12.4059305,-12.642203,-8.661586,-7.425943,-4.3761706,7.1306443,12.405817,12.430524,10.597143,9.98609,9.564297,9.084049,9.121131,9.251519,8.85633,7.887203,5.6588073,2.473067,-0.7869489,-2.889476,-4.239925,-5.91918,-7.4285316,-9.846928,-6.7690496,-5.889715,-4.426238,-2.571859,-3.4485486,-4.8350806,-0.2919877,-0.2261272,-1.9378157,-1.8109102,-2.3638244,-3.8917365,-5.0619936,-4.4295063,-4.0702076,-4.987866,-7.014698,-10.769003,-16.347534,-15.588966,-15.223139,-16.316269,-13.754534,-12.647986,-17.261436,-19.60558,-19.630072,-20.971443,-25.216305,-15.890199,-4.424741,2.766574,2.3142867,-5.9705,-12.840803,-11.050029,2.0277424,8.906196,11.428718,11.443844,9.956996,4.868997,-5.7907495,-10.377113,-11.781435,-9.475067,-6.537409,-5.2782083,-8.6970825,-8.995395,-7.0397844,-8.889969,-14.641687,-13.293766,-13.618784,-11.616492,-10.524701,-15.5606,-14.632021,-16.946884,-17.920301,-19.123524,-19.687523,-19.403503,-4.7374144,3.4781644,5.0891323,4.264641,3.256339,3.0875394,2.8259096,3.1324778,6.531324,6.862033,3.6083088,2.247628,0.98740125,0.17674325,0.3729868,-0.8658871,-1.4393823,4.454366,7.2692657,8.215634,8.764971,8.898388,8.118267,7.96908,7.992136,7.685576,7.512975,7.3901134,7.217434,7.519578,7.4864426,7.1539063,6.3864202,5.649614,6.338546,13.256165,16.635689,15.970459,15.274286,15.779805,17.600048,17.3106,15.241423,11.991766,3.962294,-3.2193022,-5.1273065,-3.21742,-1.8756777,-1.6147311,-3.6323154,-4.669628,-3.8057365,-4.6551604,-6.561685,-8.161022,-8.141923,-7.951296,-11.028117,-6.824973,-4.6183486,-8.083088,-10.987054,-12.715393,-18.52249,-18.950304,-14.383578,-10.168568,-7.797396,-13.163277,-19.85912,-20.51091,-21.95756,-22.929878,-24.803907,-27.03246,-23.358213,-24.165556,-20.538643,-17.716417,-20.844194,-22.57269,-19.955748,-22.765388,-17.839403,-6.797321,-8.475613,-19.295765,-26.00402,-14.22227,-7.8540916,-9.908778,-12.4930525,-15.3833885,-3.3880548,-1.6612225,-7.7836127,5.759447,12.532286,13.906617,11.681278,4.7849793,-3.471824,-13.058805,-11.086525,-8.982117,-7.0004377,-2.4687288,2.3987513,3.7586415,4.438233,4.9967875,0.59867877,-2.517714,-10.553169,-12.117352,-2.1729093,3.1385157,5.0740433,4.87584,3.6860318,3.2764068,3.5169218,3.3084564,3.7772632,3.2256675,1.4459699,-0.06495283,-0.6561172,-0.43785706,-0.4100795,3.0947618,4.7925467,5.203292,9.783552,12.090803,11.154708,9.783659,7.2196407,2.529491,0.23304501,-3.0290709,-10.221157,-13.278437,-10.792372,-10.1462555,-10.144553,-10.310269,-13.017269,-12.579727,-11.308752,-12.543435,-10.769106,-15.027398,-15.866856,-16.100744,-18.714798,-5.0196896,6.574425,9.508306,8.691148,8.24055,6.3467464,0.7934621,-1.4101021,-7.178384,-8.040086,-7.9688506,-9.580795,-12.601071,-10.41254,-6.7595463,-9.935585,-10.764527,-12.44278,-13.260199,-11.297682,-16.043737,-20.172215,-21.101852,-23.026508,-23.525272,-24.00586,-22.051758,-21.708813,-24.410885,-18.726828,-9.479458,-9.917334,-13.608963,-20.74245,-19.594734,-20.205158,-20.192669,-18.19321,-21.668758,-25.648296,-24.580183,-24.843788,-25.703934,-22.908348,-18.475082,-19.802633,-24.82212,-23.9416,-25.413332,-20.839779,-12.3249,-10.477385,-4.700976,-5.184319,-7.4439344,-6.5899444,-4.2187696,-6.023748,-8.191053,-7.1055455,-7.4288673,-8.335297,-9.030041,-11.082474,-10.801244,-10.705807,-9.723612,-9.224433,-10.25916,-13.030206,-11.595243,-14.870253,-15.425515,-14.821312,-16.834951,-15.944098,-16.021637,-12.50308,-4.4427977,-0.26389998,0.8367119,-0.19739099,-2.5630164,-6.854993,-11.808387,-13.526273,-17.928888,-18.161661,-14.879417,-15.22592,-21.87229,-23.028168,-14.70108,-12.003356,-17.628601,-16.766176,-7.047272,-0.382971,-0.81829965,-0.77978444,-5.148858,-4.8804035,-5.82318,-6.0121813,1.711234,-0.0972431,-7.3985095,-8.268079,-7.870021,-10.711779,-10.818089,-8.799727,-13.317148,-19.351135,-17.188503,-20.061142,-23.267162,-19.83482,-22.553352,-23.583649,-19.187134,-24.358055,-24.833534,-18.405212,-20.641258,-20.189068,-19.654531,-16.934307,-17.51189,-14.210032,-9.603714,-9.917644,-12.132602,-13.643022,-12.7800455,-16.377308,-19.159506,-13.882919,-10.708307,-13.925605,-13.863594,-14.220666,-21.56482,-21.92871,-20.812714,-19.548237,-21.288399,-11.529469,9.273201,16.471506,17.44581,16.157658,15.505591,14.715321,13.564387,12.248774,10.365091,9.560169,9.750393,10.094549,9.940502,9.328071,8.134177,6.076092,3.399671,0.33401626,-2.062057,-4.4073405,-8.440572,-11.856066,-1.6754298,9.741198,12.474261,11.843129,10.512417,9.086004,7.8316193,7.5454717,6.6859713,3.993691,4.593975,6.944962,8.328737,8.429731,7.482169,6.5683575,5.4796143,1.8153629,-4.384837,-10.523741,-7.3589973,-5.4835978,-4.4048586,-1.7962743,-1.2627707,-0.8135777,0.40681285,3.677712,3.778559,9.387546,14.846934,16.012272,15.628504,12.351741,9.891948,9.979936,9.432193,6.729927,5.820977,5.777666,7.342486,6.6909266,6.3474464,7.256828,5.285296,3.8556526,4.8674335,5.089107,3.905943,4.8827457,4.717615,3.3165166,0.9560111,-0.25145495,-1.3364923,0.80538416,1.3405591,3.8393662,4.9289002,4.2110734,4.3068395,4.0871744
-22.449701,-17.06899,-16.029785,-21.50162,-27.797379,-38.96031,-29.689417,-20.431892,-21.961872,-21.140034,-21.325134,-23.580551,-26.786499,-21.178883,-18.994095,-23.43763,-20.572868,-17.536217,-13.830076,-13.821574,-6.3180666,-1.7668091,4.471492,4.502725,3.8837125,1.9501184,1.2169967,0.80822086,-0.27116096,0.0970252,0.86399305,-1.045512,-3.4091856,-9.192046,-10.975919,-6.796656,-4.153087,-2.5110483,-2.536948,-3.0886593,-2.7883742,-3.7131925,-3.6913471,-5.628643,-6.638337,-6.141991,-1.0534848,0.36671883,1.0060802,-1.241795,-2.9194942,-7.079546,-15.555401,-17.404839,-21.565172,-20.569675,-23.66556,-20.028427,-19.592916,-22.732801,-17.05056,-13.287085,-18.486546,-14.212722,-14.362488,-14.954243,-17.952393,-23.424349,-16.666294,-12.698145,-6.8887224,-8.349598,-14.315782,-18.97277,-17.048117,-18.485144,-19.976276,-27.337685,-25.559319,-22.78809,-22.086178,-27.429905,-18.048489,-9.657158,-11.8423605,-17.277233,-12.693206,-9.272716,-6.3326178,-12.352166,-21.987001,-24.114277,-23.294104,-24.23782,-18.945143,-17.49601,-8.0755825,-6.960455,-14.587398,-16.537394,-17.256607,-21.353699,-23.333961,-23.992714,-14.008364,-9.3610115,-13.22898,-13.610106,-18.96844,-15.763015,-18.532911,-14.204845,-6.078923,-2.067121,-4.3022795,-8.170886,-7.260537,-6.718235,-6.907282,-9.643804,-11.5879135,-11.047592,-15.342619,-19.65405,-19.205826,-6.8810563,5.852599,10.634974,9.803503,6.9262366,3.749452,0.94808793,-7.8340316,-13.147793,-10.413642,-7.0856323,-7.875489,-10.832775,-7.361293,-10.112373,-10.719818,-14.5221195,-8.944147,-5.7723613,-10.112478,-13.159308,-14.783469,-15.756364,-18.6475,-18.920027,-20.172567,-23.350485,-23.018124,-11.854764,-12.611127,-20.239872,-22.374062,-19.114159,-20.513885,-21.959055,-0.3448025,6.3806252,8.439844,10.81072,11.627857,10.393363,7.497362,3.8714576,0.52522707,-3.350285,-9.008436,-1.7184685,5.3186893,6.6568894,5.8138843,5.3105993,4.8178988,3.6239958,2.2843075,1.9247894,1.5306225,0.6970621,-0.18366957,-1.012527,-2.4838908,2.8471246,10.303398,11.534214,11.894284,11.38422,11.333191,10.131504,7.779087,3.8365352,-0.9885922,-6.5254426,-4.4384503,-4.0360208,-7.1287527,-10.708618,-11.449685,-15.872379,-15.859207,-11.3397255,-12.519969,-12.246408,-10.133705,-12.124859,-11.443058,-9.911426,-11.177993,-16.94679,-13.926282,-7.620366,-6.958047,-7.107043,-7.107058,-7.713203,-1.2125763,1.3313795,-0.6069839,-1.3157474,0.7026404,-2.4405758,-9.405064,-1.9228718,1.6017666,3.0447016,3.6811426,2.1784828,-1.0063834,-5.0567126,-5.3075438,-1.0496683,4.4525533,2.9512253,0.6896535,-1.7162751,-2.6968095,-2.5071595,-3.3921027,0.56774306,-0.12669742,-4.299808,-5.2684646,-9.560119,-10.155098,-6.5511413,-6.942277,-6.863435,-9.201925,-14.9244,-15.302153,-10.637562,-12.615014,-10.24743,-3.8844311,-6.272914,-15.367908,-14.446653,-14.644321,-16.981815,-18.989418,-15.339342,-17.106956,-17.48722,-15.706327,-10.26393,-10.572795,-7.9605713,-8.744754,-17.18294,-21.15302,-27.568247,-25.68678,-23.918549,-15.95665,-10.35672,-13.675136,-27.687553,-26.573774,-10.076598,-3.8972805,-8.040732,-9.504731,-10.794721,-21.117653,-21.121098,-12.880779,-5.4242725,-8.410374,-20.128883,-20.88663,-15.683025,-13.2260275,-11.727083,-15.022789,-20.801693,-22.083958,-26.086628,-27.048058,-30.515549,-30.274036,-29.0461,-30.58944,-32.389523,-20.874115,-18.755116,-24.508583,-24.438023,-12.5723095,-6.5086727,-9.426652,-10.585321,-17.0765,-17.564072,-19.108992,-17.777916,-7.6968803,0.29145923,3.8989615,3.0062943,-3.0348024,-4.3737574,3.2665749,6.947109,7.1735387,4.4712667,-0.6901329,-1.8902017,1.6808479,2.5227928,2.3879728,-0.34659618,-7.108908,-9.735881,1.4892647,9.975294,10.910316,12.313838,13.208946,11.712718,10.07372,8.09842,4.6542087,-0.2656248,-1.3053701,-0.053547464,-1.5083336,-5.589546,-5.8389273,-4.9460273,-4.5999646,-4.8359194,-3.7575254,-2.1033332,-4.3920903,-8.051185,-7.3956275,-5.278035,4.350397,6.0530467,7.9367447,9.288244,8.619405,5.9317665,1.311665,0.097909085,4.636943,7.699256,8.83711,4.321704,0.41334188,-0.6548183,3.0428078,5.640908,6.3519754,6.7296605,6.157691,4.4133215,3.159359,3.18496,2.2603254,3.0425527,2.4579654,1.5888965,1.2495016,8.117508,10.632739,10.630355,10.06348,9.382196,8.768194,7.2257137,3.605948,-0.73406166,-4.4878073,-5.5753727,-1.9480145,5.0976925,6.5650916,4.4015155,0.42473006,-4.664264,-8.087338,-9.998921,-7.9741592,-0.3464756,5.0601654,5.844881,4.881134,4.2826977,3.4371552,2.395729,0.5714584,1.1542494,0.50628734,-2.4095504,-4.785027,-4.7395053,-4.287689,-4.6904335,-4.4149055,-4.201332,-3.7759275,-4.387786,-4.6736317,-5.901292,-6.819579,-7.057432,-6.696825,-9.19771,-9.976241,-12.653158,-16.920893,-18.99317,-17.921734,-19.568165,-20.950329,-21.242086,-26.09806,-22.767784,-17.554485,-11.875145,-7.0634027,-6.046202,-4.741255,-5.421385,-6.0568504,-5.968603,-5.461975,-6.383131,-6.6312733,-7.6177936,-7.7788305,-9.078227,-11.758696,-12.912478,-12.2015085,-14.341216,-14.66773,-15.9268675,-19.188646,-14.889575,-12.748486,-2.133381,0.50898236,-1.626355,1.488844,2.6479664,1.5744803,-1.0078852,-7.836594,-2.2784357,-1.5060208,-0.97669744,1.1704276,3.0280757,9.680632,11.835937,13.849169,14.075169,12.965188,9.862929,4.8254676,-0.6807869,-6.1952667,-5.3351045,-3.851001,-3.1640162,-2.8683712,-2.8015928,-8.358034,-11.864634,-13.973473,-15.385181,-14.864739,-16.04576,-17.716625,-20.159142,-14.587068,-11.182046,-14.092699,-18.495195,-15.793532,-17.025822,-19.930202,-22.850777,-24.292252,1.3302363,14.541645,17.961437,17.826975,17.06289,16.599463,14.237329,11.756158,10.215407,8.326017,5.950949,1.0955704,-2.381324,-2.9253407,-2.9420328,-2.6809998,-6.641371,-14.240946,-11.962742,-11.567479,-8.211454,5.9197865,8.826846,10.410063,12.5677595,12.647019,10.048852,2.8675268,-6.934583,-7.83527,-7.02416,-10.11293,-10.7657995,-3.289076,-2.5491595,-2.7463267,6.412947,8.9401245,8.337276,5.1244793,2.9017708,-1.1710273,-6.8058186,-16.619595,-16.010517,-19.956764,-25.358002,-22.126562,-20.178722,-20.218689,-19.5173,-15.025915,-14.536939,-0.9443821,6.8250628,8.612075,7.104436,3.232091,2.7101543,2.5232017,5.6454515,5.200384,5.183153,5.239505,5.2332826,4.611774,3.4761977,1.7998786,0.1967609,-2.7239485,-6.2045565,-9.20918,-7.7235413,-4.2458634,-1.2402117,1.5455693,2.669732,1.1548076,0.6774459,0.41094762,-0.26772526,-1.5644629,-2.936945,-3.2674983,1.0218619,6.578743,7.335428,6.160363,3.4831343,-1.9914129,-6.6084833,-7.702145,-11.212097,-11.252308,-11.746907,-12.594886,-13.367132,-19.746092,-19.085459,-21.258457,-12.837248,-12.881407,-8.912688,-0.50424683,2.3392007,1.6653358,1.0207046,-3.314281,-10.607794,-7.863045,-12.917205,-14.701405,-18.794033,-20.744894,-17.120884,-9.324396,-2.7591658,0.31923681,1.9940001,3.1416938,2.5444808,-1.0199277,-5.6579657,-10.811132,-17.232529,-19.264606,-22.04298,-6.066821,1.7831562,3.2788067,3.5176375,2.663561,1.3516945,-0.15560022,-1.1831163,-2.9922903,-13.7700615,-14.604471,-15.892701,-15.230307,-17.29534,-19.563007,-18.628576,-18.829895,-21.956102,-18.595285,-16.791872,-17.198925,-16.179573,-20.87067,-21.56521,-20.189758,2.4743576,10.511639,12.119025,11.404558,11.018129,9.777484,6.659478,2.3478317,-1.1467896,-0.2665308,-0.6253332,0.4503665,0.53101254,0.17943206,-0.18446168,-1.1885979,-2.654223,-3.397043,-3.612854,-3.5230162,-4.8048635,-6.936033,-7.1170235,-8.065094,-9.02417,-9.291954,-9.103124,-8.486577,-8.443459,-9.318969,-10.125816,-10.771579,-9.457251,6.9581575,16.369164,18.355757,17.833513,16.998,16.226503,14.350851,12.157316,11.404876,10.831381,9.829725,9.141921,8.524074,6.7437,2.1558998,-1.6201113,-6.320201,-12.451421,-7.722264,-7.5041156,-7.28517,-7.2299023,-9.707083,-12.953807,-5.6065865,-1.7635074,-0.5184101,-0.71196026,-0.8558402,-2.3372343,-1.5054436,-0.6428828,-0.13770248,-0.5970923,0.054463353,-1.47503,-1.6697013,-1.5408189,-1.7429721,-3.13378,-1.1280892,-0.4764278,-3.5259495,-4.1871796,-4.3479953,-5.16491,-5.604932,-5.910018,-5.5448394,-5.2862015,-3.4357724,-2.2414675,-3.8441138,-6.5599246,-7.9726276,-8.385335,-8.0688505,-9.015957,-11.778036,-13.687046,-18.000881,-22.54905,-20.556688,-19.713493,-19.007214,-22.049385,-8.291812,-1.1044974,0.99369407,0.136871,-2.6662793,-2.573866,-2.2623043,-4.62136,-4.9520674,-5.9097414,-13.5979595,-11.840649,-17.125145,-14.0581,-18.705004,-16.616379,-18.161345,-20.458553,-22.981388,-21.772148,-23.798744,-25.123518,-23.549997,-29.231014,-31.767914,-30.872557,-29.442219,-29.511719,-33.67135,-31.843964,-25.667278,-27.113935,-24.61808,-18.754879,-15.142341,-15.763975,-7.2930217,-4.799468,5.4965477,10.778687,12.078968,12.419381,12.495885,12.264762,8.490383,-3.2809253,-8.83451,-10.3355875,-7.994184,-6.3675,-4.1212263,-3.4844446,-0.20313211,0.9437883,0.17080364,-1.9787056,-2.472715,-2.712716,-2.628578,3.823702,7.0676684,9.715747,9.111547,7.9784102,7.853714,6.988633,6.6860256,6.9652014,7.245305,6.709223,6.0106564,4.094719,1.2369324,-0.45990366,-1.2278976,-2.7097335,-3.835684,-5.1654773,-5.7471414,-5.4826903,-6.4874883,-4.057349,-4.235812,-5.3583293,-4.9798684,-2.702693,-2.8456056,-4.4800224,-4.3867035,-4.042848,-5.2670326,-7.052806,-7.968412,-9.393407,-12.41035,-11.761099,-10.533728,-9.98392,-10.860594,-12.560416,-14.528807,-15.231363,-11.942284,-13.866447,-15.209917,-20.200022,-24.269905,-23.526436,-9.201881,2.1593552,7.777978,7.764968,-0.8109966,-11.683673,-5.24411,5.2839828,9.24717,10.063329,9.2743435,6.4343123,3.9907894,-2.6520305,-14.333355,-11.662039,-12.481897,-10.314241,-7.354017,-10.418863,-9.562595,-6.354885,-7.7433558,-13.308135,-13.46431,-14.506516,-11.687687,-11.978284,-12.114717,-13.264357,-15.048581,-17.799925,-20.076677,-19.152092,-15.220209,-3.4186003,1.9025515,2.5348165,1.7901273,0.6972137,1.164984,0.05690806,-2.7924604,10.477014,14.199609,11.825769,11.318847,10.409359,6.2212067,-0.8151695,3.8670459,4.9308057,6.0380006,6.9735165,6.998937,6.964872,6.5068035,5.7882366,5.286431,5.0531626,4.5959897,4.31567,3.649879,3.6025257,3.9580536,3.9256358,3.385389,2.5510964,1.9259156,1.5940415,9.114426,13.614161,13.452057,15.067033,16.315996,16.410416,15.647655,13.257938,11.235279,8.230952,1.2095222,-2.280271,-4.7709246,-3.6812017,-3.850938,-5.8800673,-7.1124763,-6.769658,-7.6801205,-10.850065,-13.911636,-10.9699135,-9.683412,-13.8398075,-9.908034,-6.8889656,-14.094829,-16.75639,-16.289143,-17.715952,-24.461975,-14.00005,-10.77346,-11.520019,-12.423559,-15.145545,-13.293152,-16.121351,-17.892445,-28.879469,-25.242956,-23.1997,-22.863232,-23.658989,-21.952076,-25.244638,-23.566128,-21.78958,-24.071157,-20.401245,-8.70834,-9.256936,-21.528376,-26.50566,-22.992441,-17.521866,-16.114525,-16.798044,-15.973731,-4.9915543,-2.2129195,-1.7245419,7.2810225,11.260136,11.416771,10.975848,7.969043,-2.5191517,-17.475622,-15.22151,-11.6333,-6.968636,-0.88088924,4.2518682,5.3389864,7.0327444,8.513735,5.4016614,-4.3453436,-5.273747,-5.742945,-2.3407297,1.508872,3.284694,2.936627,2.9942915,3.1438496,3.568759,1.6020033,2.1964397,2.9004526,1.6194081,0.06209702,-1.1941478,-1.3693533,-0.10117042,1.6511686,2.111964,1.2866074,3.9186196,7.5679774,7.3943143,6.6927905,6.0652237,3.15856,0.25798762,-4.859395,-8.249938,-9.603787,-5.4236507,-7.84186,-14.807713,-15.146734,-9.942095,-11.769985,-13.389767,-4.99145,-1.2733101,-8.414066,-14.2755375,-14.917766,-9.228748,-3.9359727,3.2563424,2.4172118,1.9697187,2.5339832,-0.12159172,2.184461,1.6156696,-8.055987,-8.94233,-13.230243,-10.957232,-14.2075405,-14.074067,-12.776347,-15.113043,-13.730699,-13.844746,-14.45156,-15.190969,-21.464138,-19.576681,-23.374388,-27.26173,-27.438202,-29.20161,-26.620445,-23.760012,-21.160233,-16.406784,-6.994784,-2.830075,-4.4599957,-7.222122,-12.463017,-14.439177,-10.088907,-7.878808,-7.599471,-8.338064,-9.163029,-9.750491,-9.738181,-10.288973,-9.473187,-10.616123,-11.442057,-10.5590105,-10.916456,-11.027258,-7.641208,-7.625785,-3.203259,-4.645931,-6.47439,-4.4078164,-4.3670335,-7.4967217,-11.149147,-9.397343,-7.8980064,-9.16963,-10.545625,-11.545162,-12.767339,-12.359924,-12.356077,-12.36236,-12.867739,-11.796121,-12.131685,-14.727444,-16.71835,-16.416515,-14.78854,-15.771023,-19.745525,-16.516516,-11.367412,-4.330223,-3.360211,-3.0684566,-4.2843337,-7.5560803,-10.431118,-12.4821205,-12.766143,-13.319874,-18.679697,-23.629253,-21.25807,-23.734493,-13.80803,-13.172856,-17.159832,-8.866407,-1.2741225,5.333016,5.9285235,6.557736,6.653468,4.654546,2.9279475,0.9371632,6.1439905,10.704582,12.594195,13.215188,12.00112,9.392946,7.235647,4.249017,-0.8988327,-9.413041,-13.584324,-15.246712,-24.052008,-22.871689,-22.567905,-17.1557,-15.760194,-21.435186,-20.168804,-17.896992,-19.806301,-21.657818,-25.010368,-19.630417,-15.146191,-11.918537,-8.580967,-6.540355,-6.6969295,-8.059455,-8.301238,-7.82398,-10.143622,-9.301107,-7.6454296,-3.2228374,-2.484992,-6.086195,-14.207584,-18.782188,-16.476212,-20.150269,-24.79161,-12.070628,6.999444,12.797348,13.367582,12.735648,12.264199,11.486345,10.887017,9.3854885,7.478586,6.185699,6.8921194,7.425889,7.3569365,7.023799,6.086384,4.4282255,2.567046,0.52802813,-0.60883236,-2.0318482,-3.963398,-4.901887,-1.3257692,8.614999,9.491729,9.594457,7.9865985,6.5281324,5.6812377,5.5863066,5.25207,5.1238384,5.4683228,7.7239037,8.561676,8.417758,7.712962,6.105818,4.470531,2.221967,-5.020363,-11.129264,-10.385261,-11.395203,-12.806882,-8.669532,-5.503891,-3.2143428,-3.031336,0.14000873,-0.3537716,5.2661,11.387358,12.505502,11.695076,9.848966,6.4479046,5.677088,5.355945,3.6810946,1.4383005,1.5283189,4.178391,1.6718751,2.6987743,3.2309866,2.2274227,-0.00022624925,0.6053884,0.41262352,-3.3188822,-4.119809,-2.5536945,-3.845775,-5.4012985,-5.701684,-5.8451786,-5.1118593,-2.0968494,0.8950364,1.5065734,1.1225668,-0.34783867,-2.3637242
-24.904516,-20.523056,-20.506062,-24.735773,-33.329414,-29.144482,-25.970787,-19.51461,-21.812431,-26.28249,-21.59792,-16.852972,-13.866922,-14.173221,-17.24288,-21.130869,-22.266613,-20.170938,-16.477278,-14.330827,-4.0234976,-0.06370148,3.0951605,3.2153425,3.1272163,2.0635896,1.901974,1.7266877,-0.77838176,-1.5799043,-2.8070726,-6.725443,-10.769638,-11.961097,-8.018098,-6.1236,-4.501189,-4.105499,-3.7712665,-3.4822354,-2.8456318,-2.630221,-3.6194012,-5.273857,-6.0047398,-4.9638987,-0.3512314,0.8252615,-0.56994724,-1.9942464,-1.7733424,-2.051253,-5.469982,-9.128003,-14.218372,-20.679028,-21.936897,-21.277943,-16.003153,-18.77289,-17.79208,-16.641092,-16.092964,-4.677306,-3.8771768,-12.826362,-19.297394,-20.249832,-16.062696,-12.769023,-4.232523,-3.004831,3.382009,5.759506,4.8165364,4.4221425,3.702271,3.7708578,3.8573372,3.5592554,1.5455222,-1.7430626,-5.61893,-9.480415,-15.74614,-13.292015,-11.420963,-12.759806,-7.9896502,-7.1919494,-8.489086,-10.807005,-9.618806,-10.294012,-9.555012,-7.0946193,-3.3439171,-3.134768,-4.6190696,-6.362198,-6.4587708,-6.801126,-8.829451,-11.891528,-7.148933,3.4727442,8.453703,9.300283,9.593764,7.5940447,5.1374474,0.88967496,-3.615122,-6.7781634,-8.839451,-13.727636,-20.38951,-21.044754,-20.549154,-14.285248,-11.566323,-14.11091,-12.334724,-16.49151,-17.297016,-14.703177,-6.229021,-5.7020073,-13.456594,-21.119997,-9.716173,-5.301093,-11.182577,-21.021374,-28.219526,-25.059704,-21.241695,-13.9298725,-11.876621,-14.056698,-19.342949,-22.72771,-19.216496,-12.464576,-6.263494,-2.9100027,-4.458168,-5.107655,-6.1624537,-6.633238,-9.0337715,-9.406948,-10.196486,-10.034349,-8.872043,-10.571584,-19.38284,-19.700584,-18.398775,-21.351799,-1.6913544,2.9186628,7.3582673,11.13612,11.128812,9.386168,7.3109274,4.2371526,0.5431426,-1.8885548,-1.1859668,-3.0948467,-6.0497017,-5.7207375,-5.7534866,-6.0118766,-8.544988,-9.764545,-10.603743,-10.052912,-4.263833,-2.6529522,-5.0601625,-8.77606,-13.143855,-5.5394273,-0.8274255,-3.35285,-8.217126,-9.447164,-11.657263,-12.134272,-9.693677,-15.026247,-18.276922,-12.730034,-11.503227,-9.598388,-5.2055655,-10.163158,-13.217541,-12.422152,-14.846476,-15.331631,-14.110756,-12.6871195,-4.614178,-1.9336598,-4.728607,-6.9560537,-9.535759,-17.315876,-16.63067,-14.957274,-12.030927,-12.073685,-18.027266,-15.618878,-4.490203,6.7646933,9.715446,10.769548,10.434912,8.790269,6.7591553,3.4793994,2.5907624,2.6923022,0.6125436,-4.2141156,-18.312614,-18.218737,-8.264075,-0.55226976,-2.323461,-8.176156,-15.0815,-15.477005,-19.781261,-23.80513,-9.023812,-4.6552653,-8.184574,-11.890707,-14.057078,-14.461894,-16.117857,-13.736298,-19.456255,-23.75783,-19.860353,-15.305957,-14.902555,-14.056423,-8.824607,0.04448372,2.044658,-0.4029048,0.78945035,-2.5191305,-10.831791,-11.713261,-11.058024,-2.4408815,2.7330656,3.5166237,0.21926625,-2.224363,2.2095332,4.7112846,-0.16881569,-1.0880046,-0.8093854,-0.9313619,-3.0370152,-6.783418,-2.8029096,2.4276357,-1.5616692,-10.139274,-7.782741,-4.3932657,-4.0352507,-8.759709,-4.8496,-2.0284793,-3.6418917,-7.2879324,-3.9258184,-2.3625882,-5.6459026,-6.5963936,-8.945358,-8.503145,-6.689001,-8.161301,-10.270376,-5.7946324,-7.045514,-13.917099,-17.494549,-14.375914,-8.80135,-7.646537,-9.705171,-12.87405,-12.25272,-8.908656,-6.288046,-8.082956,-6.250828,8.126491,13.394555,13.522018,12.986439,12.18154,10.697666,8.544501,5.696707,3.3944488,4.1210604,4.2153335,0.94954854,-1.5953766,5.308444,8.163822,9.03974,6.054556,0.22281082,-2.1696632,2.5019872,4.30296,4.437962,2.5429401,-4.1335483,-7.6304483,3.8476443,10.156479,9.418148,12.89407,13.191978,11.306672,9.83559,8.147779,4.186899,-0.9957042,-1.9876082,3.4266317,2.367666,0.1013376,-0.22884546,-1.1894642,-0.47645265,-1.0196629,0.66618,0.17594439,-1.251428,-0.6479435,-2.5172238,5.4501553,8.55618,8.858341,10.73552,11.442558,10.580414,8.69622,5.4255815,1.594016,-1.4697118,0.954192,5.1629486,6.810313,-0.16834638,-2.913573,0.41077617,2.3601775,2.7735372,3.1253896,4.1581416,4.0137186,3.8361242,3.9976754,2.956519,1.0794531,0.30322856,-1.9963307,-1.471797,-1.4587362,-2.1761067,-3.6964986,-7.192676,-8.235088,-6.4275503,-6.4431095,-6.7562904,-8.420025,-10.055088,-8.00791,-7.030779,-4.7668653,-4.520619,-6.75035,-7.0821533,-7.478407,-7.7678733,-9.062358,-8.630331,-13.382954,-15.687155,-17.671362,-17.149525,-14.4945345,-13.227519,-12.673136,-14.978174,-14.786304,-16.486273,-13.859362,-10.371798,-9.14806,-9.681443,-8.40428,-9.958568,-11.225525,-15.844337,-11.576048,-10.76253,-13.81752,-13.988371,-12.42097,-13.067913,-13.509037,-14.709179,-13.252788,-12.058154,-11.41663,-11.162204,-15.352076,-16.067099,-13.939503,-14.052611,-14.021077,-12.135614,-12.068438,-10.353404,-15.600969,-12.101131,-9.321253,-10.136665,-10.342641,-11.16049,-9.573538,-8.302456,-7.005967,-13.290872,-15.353061,-8.60153,-0.059642535,2.2850614,3.776245,5.549775,6.117259,6.6012697,3.6204693,-5.634312,-4.171257,-6.2249684,-6.1193233,-5.511784,-5.5602674,-4.2557187,-6.0850883,-8.7778225,-13.91231,-16.040108,-13.673721,-8.421665,3.234621,8.330292,11.592539,14.555331,14.223606,12.290766,9.675873,6.30616,4.5793467,10.000535,10.964671,10.946598,10.339836,8.924545,6.50395,4.9725027,0.44838998,-3.7654266,-5.5043173,-9.396376,-12.038855,-14.951908,-13.367857,-3.2444952,-2.6164026,-4.6028037,-6.9411726,-8.156214,-12.15055,-18.48364,-13.885707,-13.77083,-5.9701576,-0.105825625,-0.53385013,-4.819319,-7.6485376,-14.7771,-11.452837,-10.330971,-10.4458885,-9.123717,-5.3473635,-5.849486,-5.4858446,-8.259066,-6.5019197,-8.29187,-10.117081,-9.353591,-9.916062,-10.245567,-7.39212,-3.9612129,-2.0147028,-8.917715,-11.749651,-8.907825,-4.163088,-1.1156871,-6.6298194,-20.202246,-24.09297,-18.680851,-14.821606,-10.860795,-10.948739,-8.227409,-6.5699263,-8.775014,-8.622903,-11.944332,-13.393441,-15.596866,-16.547071,-19.87055,-20.118958,-24.665098,-18.804554,-16.38113,-21.093912,-26.792593,-29.519186,-29.994144,-23.219772,-10.235283,-9.469818,-8.69494,-11.668901,-17.806524,-12.951325,-8.764267,-11.654178,-18.949024,-23.371172,-20.440254,-22.74445,-24.828362,-25.986439,-20.29582,-10.1614275,-9.973934,-10.618942,-12.943848,-27.659058,-26.696108,-22.309788,-12.668319,-12.9684725,-15.134458,-17.46493,-25.62911,-24.96092,-22.067047,-16.263256,-10.870629,-7.833249,-10.85642,-16.519905,-6.6907363,0.72597384,3.2917328,3.0371022,3.083407,4.604395,2.8385136,-4.1931944,-9.949375,-8.601381,-9.593784,-13.5507145,-15.797218,-8.976813,-10.068436,-5.9461203,-2.8550112,-1.1073745,0.75231886,0.5499709,-3.8601062,-9.542373,2.674152,8.554985,9.332124,9.375325,8.105498,5.2149496,1.6920418,-3.0226123,-6.772549,-12.803387,-16.345486,-17.267673,-12.247137,-9.533731,-13.659682,-14.551812,-8.581056,-6.2174797,-4.5314875,-5.652619,-9.147431,-9.953949,-11.198847,-10.58832,-8.53365,-5.5068836,-7.9982657,-11.249273,-12.142296,-15.278116,-13.871452,-12.673911,-13.420126,-13.1535,-14.150805,-11.583056,-5.89071,-6.740146,-12.761787,-10.253247,-14.141625,-20.523357,-16.942772,-7.425876,-7.217117,-10.006257,-12.094461,-17.503515,-21.531685,-18.907364,-15.904522,-15.09903,-15.538989,-19.565655,-23.113785,-23.279898,-26.714008,-33.3303,-30.812939,-32.5338,-31.942356,-32.20128,-22.330212,-19.786423,-27.136032,-28.286766,-29.25687,-28.384066,-32.213387,-32.06611,-32.173042,-30.150719,-28.85474,-20.09805,-18.772575,-15.138451,-0.8867821,0.9525484,-0.273647,-4.0033383,-11.879669,-17.378498,-12.967048,-2.7798147,9.881683,14.43287,14.769755,15.012409,14.360306,12.129336,10.268149,7.130422,0.7881227,-8.307153,-13.06409,-11.512895,-6.2662644,-7.5017047,-9.397124,-12.004695,-11.892682,-12.224751,-11.562098,-18.061321,-21.444744,-17.110748,-13.553911,-11.581804,-12.4597435,-13.869876,-13.30896,-12.3276415,-16.516373,-19.216047,-24.29596,-13.219237,-8.592648,-11.23731,-9.513422,-17.250622,-21.115932,-20.14288,-21.720095,-23.390034,-22.727245,-23.80499,-21.305325,-9.947724,-3.7687647,-5.34321,-7.770541,-6.943912,-7.3426266,-7.3384933,-7.3840427,-4.3731446,-5.2407665,-11.4545555,-17.457062,-16.161383,-12.838518,-17.096746,-17.257786,-15.027932,-11.278439,-10.354739,-6.629646,-0.5166423,2.0135407,-1.2043797,-2.9128146,-3.0174491,-6.8169937,5.1785746,11.559303,12.882289,13.010147,12.419376,11.604733,10.652882,9.309129,7.5857563,5.8170485,4.368372,3.323796,2.3593645,1.001976,-0.25779456,-2.657628,-8.005153,-16.238558,-13.612591,-12.399817,-13.211779,-17.775585,-21.782494,-14.57396,-12.829903,-9.308081,-4.1997795,-3.1763048,-7.6277494,-8.646566,-9.476103,-14.294485,1.7818103,9.950622,11.905154,9.45711,6.885987,7.2138157,10.065318,10.118752,7.527886,7.229863,4.6827846,2.6659253,0.4272195,0.8015964,-0.1555589,1.9949741,5.127962,5.0172176,6.716511,6.8874116,6.7462425,6.953547,7.5314164,7.93079,7.7004147,7.4227695,7.5819926,7.2993827,6.779924,5.405069,4.004632,4.2393928,4.8119826,5.2363405,5.75214,6.3594007,6.602948,6.59634,6.5897136,6.1039295,5.37209,5.0846996,4.204215,3.519568,3.8899338,3.659086,3.7760901,4.4543447,4.6734266,4.565105,4.3149695,4.070372,4.5446787,4.9667563,4.575984,4.0859404,4.9385242,5.5636835,3.3541431,3.6366127,4.9624467,6.1601467,6.291629,5.0309634,4.3788934,6.7957525,6.6100554,2.1977155,7.0584893,9.087266,11.946374,11.378751,5.394926,1.4411595,3.1463697,2.6475205,0.06883989,-0.8789397,-1.3239802,-4.509576,-7.659417,-8.63186,-6.915948,-6.483347,-4.619141,-3.782439,-4.6092873,-8.96044,-6.112112,-7.116265,-10.215548,-10.437626,-13.544384,-12.165217,-10.540007,-12.461065,-15.841242,-17.804888,-17.283937,-14.158236,-8.446699,-8.408318,-12.833699,-15.5067005,-14.7606125,-12.962651,-12.003189,-8.553552,5.98113,12.89998,11.379094,11.040911,11.38165,7.4709244,0.25260174,4.9706726,5.6542845,5.0182695,6.476816,5.1488256,3.7875352,1.767891,-0.17772838,-0.69129646,-2.1636465,-2.9865453,-4.9395475,-5.9050746,-4.9009333,-8.639105,-10.566064,-8.417268,-7.761166,-7.9271407,-9.04046,-5.0906034,0.34688663,8.472796,11.132269,11.473427,10.797922,9.56105,10.571927,13.17294,12.6148405,11.969774,11.191406,10.110322,10.018592,8.923398,6.296386,4.0502033,2.2992368,1.3991814,0.4459332,0.2523697,-0.933571,-2.7395005,-3.3982725,-3.1627893,-2.3878608,-1.7374256,-1.4155338,-0.85282195,-0.57710993,-1.2272562,-4.2894826,-5.407627,-9.108187,-11.229968,-10.628759,-5.582074,-0.69478565,-0.14910117,0.14854291,-0.41639957,-1.2562143,-1.8236115,-2.4809256,-3.837186,-6.312855,-9.124429,-9.330229,-9.163072,-8.594225,-6.658036,-8.504323,-10.949902,-12.293309,-13.368973,-14.30132,-12.883736,-13.191228,-7.2384033,-5.040804,-4.134123,-1.8593423,0.8862341,-1.4772692,-7.0333295,0.6217716,6.1558747,6.0409145,6.663665,7.425867,8.670711,9.708721,9.889889,2.0949485,-7.0045033,-7.688596,1.2495172,3.5745492,7.34672,8.009252,8.63677,8.997794,5.7997665,1.2078714,1.6050006,1.9762945,2.3927217,1.1939253,0.33654958,-1.2726891,0.20110592,0.31651095,-0.09961088,-1.7987047,-2.1296964,-0.9204174,-1.3874234,-4.629052,-6.091612,-5.032284,-10.004204,-6.600952,-6.033213,-4.7134213,-4.080816,-6.9993944,-9.656463,-9.053881,-10.23332,-7.8127127,-7.5314994,-14.366097,-17.737085,-15.012871,-13.572786,-12.521514,2.4663732,11.134453,12.829567,12.151985,11.314953,8.317974,0.11560593,-5.065026,-2.955078,-3.5144477,-4.855846,-4.2637467,-1.8427153,6.265722,10.046735,9.677506,8.278368,4.583787,0.38105285,-2.5167272,-4.049687,-3.7599037,-0.605549,1.9330187,3.9743807,2.7512307,1.2774163,-3.1332657,-10.31371,-10.116715,-7.6725817,-8.302429,-6.5638714,-3.985756,-2.5677776,-2.379817,-3.5084066,-1.6437995,-4.903101,-5.2964516,-6.450978,-7.4278708,-6.4142675,-5.676731,-5.48543,-6.2769656,-6.7854457,-8.187261,-7.9520483,-8.964228,-8.685018,-9.009297,-10.331267,-8.855197,-9.808084,-10.10759,-6.3408036,-6.5179005,-9.248361,-17.612923,-14.49402,-8.554026,-8.990638,-5.538256,-4.9662595,-7.862119,-7.8889685,-9.19608,-9.916812,-8.770746,-8.005794,-9.971651,-10.613308,-11.047259,-6.515292,-7.2209682,-7.9463043,-8.061589,-9.309341,-10.355121,-10.388879,-10.973804,-12.365047,-15.397073,-14.041676,-8.233656,-5.8984156,-5.7085567,-11.809374,-12.962885,-14.118668,-11.014231,-3.9373255,-4.451702,-11.434516,-14.288895,-19.704851,-19.544847,-8.786319,-5.3913217,-12.023496,-8.64332,0.64002144,6.1908064,8.077881,10.940051,12.420963,12.39933,11.652134,9.747057,9.046968,10.921655,14.008265,13.9442425,12.269424,9.888937,8.428614,6.2623377,4.1172037,2.401842,0.87473416,-1.3883616,-2.7145658,-4.0022798,-3.4943855,-2.2581928,-1.9910123,-2.473125,-2.2928433,-2.7480564,-4.1406593,-5.1146975,-4.9106073,-4.3287535,-4.1387343,-0.061746497,1.6149039,0.203136,0.3875677,0.13281772,0.05530124,-0.17175844,-1.9536705,-5.7175965,-4.9060473,-2.4614792,-4.5083613,-8.31413,-14.679516,-18.457502,-20.521505,-22.413065,-23.458843,-15.414195,-5.218855,-4.331289,-5.9965887,-11.336983,-20.558891,-15.424332,-5.42101,0.33772615,-0.054712787,-0.93629664,-0.9853119,-1.417326,-1.4377725,-1.4767109,-2.0796576,-2.4923034,-2.9426692,-3.2721224,-2.7591112,-2.8266385,-3.7821138,-3.7620707,-1.7100754,0.9776788,3.4817748,4.3629456,3.4604778,2.2187095,1.7371228,1.3206571,1.8739159,3.547297,4.575947,5.5236845,6.1868143,6.2976546,5.762708,4.4897704,1.9337939,-0.9253218,-4.638061,-9.269429,-14.65904,-15.4573,-15.228718,-14.183117,-10.964941,-9.288585,-9.889191,-11.284471,-13.053608,-8.7661915,-10.514927,-9.69578,-9.46765,-4.421097,-2.9996011,-10.149449,-14.481548,-14.430461,-9.952579,-6.4456654,-4.728257,-9.657355,-8.135718,-6.0814376,-5.5306864,-3.2505977,-3.9435053,-8.718568,-9.982432,-9.617504,-8.484181,-10.593576,-13.166033,-10.295577,-9.269627,-15.007001,-8.522782,-6.563487,-7.1970744,-8.957519,-12.677531,-12.468677
-26.097336,-23.497349,-23.895782,-26.98551,-28.28171,-27.267263,-23.57494,-20.182436,-20.562822,-17.447145,-20.11425,-11.350223,-8.133079,-11.537119,-15.826431,-15.707173,-22.023954,-14.138094,-10.298524,-11.596068,-7.973377,-6.1178966,-7.409827,-11.891608,-12.183582,-12.817509,-9.749688,-6.537246,-7.491519,-8.757264,-12.8280735,-17.528038,-19.514484,-17.756798,-14.703625,-16.315104,-12.88092,-9.835051,-8.991121,-8.60859,-9.797985,-9.971588,-11.058387,-16.287846,-20.489323,-16.134022,-12.155179,-12.422981,-13.978151,-12.875358,-12.554449,-8.19782,-2.7950802,-3.365006,-9.539668,-14.008728,-19.139008,-16.071674,-15.723108,-23.233778,-29.34644,-19.375555,-14.341468,3.463427,6.7072,7.0236373,7.50488,6.6508617,4.501027,1.312706,-1.0612328,0.088084705,6.8180428,10.403402,10.486449,9.525621,8.497364,8.3092165,8.494284,8.410351,6.3910427,2.5720334,-0.8014127,-5.8634257,-7.4659243,-5.286801,-4.2219076,-3.397585,-3.855066,-1.6931874,-1.9091116,-3.0114582,-2.9260933,-3.742794,-6.7458143,-6.303842,0.043751888,2.382145,2.6457813,2.1226046,1.681887,1.0604738,-0.87698466,-2.814007,-2.3099236,6.5584664,12.983313,14.756064,14.818346,13.381336,10.737776,5.8210163,0.3722855,-1.9158392,-6.192637,-12.34233,-14.556294,-14.367175,-14.312282,-14.399985,-12.41571,-9.732221,-7.6050353,-12.491246,-13.128857,-12.288868,-10.415445,-12.107793,-18.47249,-22.72043,-17.157238,-12.770485,-16.957127,-25.070297,-24.793081,-22.936138,-21.091898,-9.294947,-6.677537,-13.228169,-19.333977,-23.08714,-23.044508,-17.54278,-3.380685,2.5005379,2.9977713,2.7342308,1.9143772,0.9101125,-0.33458653,-0.7834128,-1.7049156,-2.0973186,-3.911414,-10.751968,-18.218422,-20.71175,-23.041534,-23.993624,-6.797562,-2.0825448,-5.3027353,-7.115737,-10.388328,-11.159743,-10.424624,-11.088749,-12.138065,-13.739292,-2.5311556,0.35069108,0.30639893,1.5224385,1.5412948,0.93951315,-0.2243695,-1.355576,1.1903533,1.2682647,4.256531,6.162596,5.7213287,3.7108147,1.8924361,-0.1959636,-0.95570564,-2.152426,-2.5952382,-3.890355,-4.6344185,-6.066375,-7.105294,-8.084749,-10.626736,-9.354377,-7.2710123,-3.9608684,-2.0477018,-4.327021,-6.3675885,-7.53758,-11.114378,-10.729652,-10.477558,-1.5708821,2.0268664,3.222031,2.2083201,0.53033906,-1.1409457,-3.137371,-4.534578,1.5299182,4.5914035,4.471657,-0.99718803,-8.645847,0.5451875,11.469063,16.330925,16.328947,15.186915,14.251643,12.37947,8.709236,5.878229,7.013774,5.428034,4.452241,4.3783445,2.5522053,2.1920116,2.1795778,-4.186142,-10.693549,-8.282608,-2.984077,-5.653525,-10.487557,-6.9826407,-5.087087,-10.215415,-10.762611,-10.748106,-11.195327,-10.964209,-7.7389383,-9.624464,-14.583628,-15.08181,-11.830963,-13.874081,-9.991371,0.044921838,1.6550058,-1.8974775,-1.5008335,1.2118517,1.144173,0.50647116,0.41059062,1.2663172,3.1797724,4.229074,3.6464086,4.2269816,4.21395,5.855631,6.0878534,2.5824478,3.166946,5.1790915,6.459465,3.75957,-4.0220375,2.4443226,5.317237,1.7602203,-1.0845072,0.7377788,-1.6712492,-4.727191,-3.7171934,-0.397733,4.3817406,3.8117921,-3.3785925,2.4762907,3.4144673,-0.23290597,-2.7003386,-4.199855,-5.3575377,-5.8621454,-8.215973,-4.5128865,0.8522374,0.46480897,-3.802462,-7.824148,-4.284864,-0.22669283,0.9669359,-0.7242816,-5.1993246,-7.785769,-2.059792,-0.15247294,-1.8156492,-2.7159176,11.778688,17.750404,18.883997,18.375896,17.470785,16.129066,14.291564,11.091457,6.237178,2.8292928,5.89483,2.3696494,-1.9857678,1.0429486,0.65801436,-0.48966014,-4.508563,-6.759348,-3.4056535,-3.3735218,-4.573229,-5.3943105,-7.8505726,-14.613533,-15.76119,-0.8459003,5.548892,2.0680022,-2.982565,-5.9015136,-11.752118,-11.18773,-10.7353,-13.258242,-5.1578546,-1.0729364,1.1256738,0.9926499,1.1116768,0.026058726,-2.9840107,-5.9015565,-3.6633227,-1.2122552,-1.1785434,0.6589481,1.9317831,-2.1849315,7.7566805,13.414411,16.276865,16.844227,16.0671,15.197292,13.855678,8.482071,-3.9257123,-2.81297,-2.1886165,7.1939516,8.643145,0.3086601,-6.4051867,-2.6529455,-2.2201345,-1.4962112,-0.9935638,0.053108282,1.937715,5.6712174,2.6403995,0.8609526,-0.61410004,-1.3138193,-3.1048467,-2.0730755,-0.4788891,-5.797787,-11.527649,-13.765464,-11.563213,-12.593874,-11.149977,-11.8117,-10.032636,-13.091465,-15.725735,-11.527146,-7.945812,-9.311569,-10.52319,-8.799522,-6.7908244,-9.275375,-15.270638,-17.09927,-14.793608,-13.569436,-17.222015,-15.255676,-14.270736,-16.249508,-16.1469,-15.715614,-19.68051,-20.040985,-9.388858,-4.8435745,-5.1943445,-4.7820787,-5.496218,-9.200424,-6.201742,-5.2016044,-2.6995487,-2.2274225,-3.873006,-4.472861,-6.071493,-12.676869,-11.821863,-12.990896,-13.972471,-10.831879,-11.869164,-13.730115,-17.519379,-16.401428,-13.185167,-14.938147,-11.792345,-7.768387,-7.9042263,-11.110877,-15.7147455,-15.179403,-10.817256,-8.309587,-7.8251905,-8.487859,-8.431972,-8.441845,-6.990614,-12.113583,-16.10316,-3.7261631,4.547534,7.883554,9.431337,10.219923,10.069512,8.8975115,5.7576394,-0.20518926,-4.697823,-5.733723,-4.653599,-2.0070145,-0.15270996,1.7523474,-0.002479289,-3.1229978,-9.1846285,-13.266895,-7.819683,-2.628517,4.588709,7.859854,4.429701,-0.2250772,-1.8229765,-2.8695989,-3.2790267,-4.087867,6.8524165,13.6791315,15.74574,15.8637705,15.36323,14.212276,12.175012,9.724299,5.5507236,3.2027717,2.1852524,-0.46612206,-2.862768,-5.6852217,-7.465822,-1.2646089,0.07857007,-1.080349,-1.8168933,-5.4275966,-9.928804,-13.844654,-10.561722,-9.091308,-11.69677,-9.571375,-6.9876184,-12.139567,-14.188421,-13.80484,-17.408112,-19.880064,-16.255405,-5.7066307,-1.5339065,0.391375,1.2269443,0.47426447,0.40902138,-0.48568967,-1.6072108,-1.7475564,-2.1290603,-2.2268794,-1.3667451,-0.923976,-0.59383047,-2.3003614,-4.2668242,-5.13208,-2.9563177,-5.1041822,-11.457506,-22.81237,-20.453588,-18.372845,-20.717327,-16.471975,-11.783157,-9.2688055,-7.8346148,-12.515941,-13.455526,-14.698774,-20.139118,-25.880539,-23.915646,-19.429647,-17.869646,-20.184475,-19.222925,-14.97929,-18.390394,-27.168808,-24.88716,-22.528942,-21.763378,-15.438177,-12.872272,-19.55113,-19.103268,-19.349827,-16.081602,-15.963696,-19.763447,-19.459366,-20.906666,-24.640842,-24.829605,-24.676867,-26.429089,-10.882916,1.5279031,3.708054,-1.0397458,-11.938962,-13.386631,-8.929602,-6.7896757,-5.276198,-10.94293,-20.139267,-21.980988,-19.381386,-19.599993,-24.451265,-14.317207,-8.288595,-8.406972,-2.9660914,-0.49720025,1.0981483,4.8153567,7.202702,8.22558,9.269337,10.240646,7.6445937,-0.9909311,-6.411422,-4.0734453,-4.7499557,-9.389957,-9.953902,-6.3343596,-6.280284,-10.531697,-11.021114,-16.195503,-18.256344,-12.365094,-8.343374,-8.984417,6.634414,12.986455,14.62096,14.650083,13.874097,11.482987,7.3901434,1.1250453,-3.8171844,-7.328809,-11.584577,-18.687012,-12.10267,-8.121824,-11.623405,-13.940468,-6.7497406,-0.9892973,1.1965402,1.0628579,-0.39055827,-1.4562523,-2.1568654,-2.1438198,-1.5206046,-2.4410675,-3.859615,-5.790885,-5.3238297,-5.134084,-4.4961696,-4.3311353,-4.402147,-4.5890374,-5.79197,-7.1517153,-7.8683863,-9.955124,-9.714847,-7.333194,-12.915609,-15.707325,-15.267011,-7.378392,-6.618979,-10.05175,-11.837238,-18.735966,-27.008919,-26.398808,-20.886705,-14.24451,-14.633584,-13.64214,-16.07479,-19.656015,-23.223267,-25.718386,-24.993402,-29.71622,-28.51367,-30.027431,-24.362164,-21.58164,-28.139322,-27.621832,-27.157974,-27.944021,-30.933496,-31.523684,-29.44525,-30.294514,-26.643833,-14.535948,-13.219538,-13.929527,-4.9921327,-0.13793816,-4.8679914,-12.643062,-16.64146,-16.87095,-15.028056,-1.8334675,13.832607,19.606798,21.06291,21.033794,20.22239,18.64085,17.114447,13.706699,11.597439,9.4211445,6.493096,3.2469866,-0.9314816,-1.6209068,-4.1243973,-7.958465,-7.15801,-4.8349104,-5.77497,-6.335113,-5.979108,-5.4235744,-6.9379215,-8.412581,-11.316589,-13.843706,-9.889206,-11.661028,-12.722549,-13.526379,-13.234654,-8.634285,-3.6649916,-6.208492,-7.8678617,-10.980944,-15.432321,-14.42885,-14.328648,-14.279133,-14.72035,-14.417939,-10.734892,-1.4936538,1.4004543,1.8279599,1.5954111,1.1178916,0.8112835,0.42851153,0.32465893,-1.044727,-6.6074104,-8.90859,-3.1083906,-3.9790354,-5.9458637,-13.283462,-19.877316,-12.691006,-6.59227,-6.632791,-8.389822,-7.156758,4.8452835,6.716984,7.4455338,7.0574803,8.316259,12.07523,16.815836,18.441374,18.382385,17.77044,16.929773,15.685242,14.005163,12.202357,10.886458,10.059585,9.566197,8.985745,8.020262,6.48078,3.8042662,-0.28268486,-4.914894,-5.859966,-5.450917,-6.008403,-8.88132,-11.774244,-11.140689,-12.393749,-10.845455,-9.445522,-7.60151,-7.159879,-6.4784565,-6.9775467,-10.362271,3.8198853,13.818103,15.684116,12.4135065,9.830865,13.113459,16.53722,17.539387,15.558903,12.107953,7.2501764,3.5246227,1.240217,2.2586205,3.943718,8.355054,12.2959795,13.535206,15.016757,15.581175,15.300156,15.341414,15.814328,16.099323,16.095356,16.29977,16.67874,16.859638,16.54369,15.792658,15.130943,15.216911,15.638385,15.904587,16.122118,16.55582,16.924099,17.170286,17.191853,16.842386,16.380512,16.2542,16.04657,15.766744,15.838939,15.950552,16.144806,16.445103,16.587862,16.527126,16.311642,16.07344,16.038273,15.983109,15.700968,15.485873,15.820304,16.040232,15.513536,15.651121,16.319506,16.798609,16.659945,15.718567,14.519372,12.7821045,8.90863,3.1945648,8.436536,14.0779705,16.231916,14.687243,9.847668,7.0249205,7.678063,7.713316,5.909788,4.1595864,3.1978493,1.3935727,-2.2814102,-8.724466,-4.3128533,-0.86633766,-1.392495,-7.3802705,-9.509321,-4.774647,-1.4162202,-0.48730272,-1.4755905,-4.878807,-9.762477,-6.2638273,-3.4580019,-3.7848642,-5.508766,-7.185492,-7.9863925,-5.24673,-4.308758,-4.4296117,-4.1534634,-4.7253623,-4.334779,-4.108748,-5.339388,-8.503603,-1.7670424,6.52653,4.7199383,-1.4194859,-3.8525712,-5.4235125,-5.113755,5.654909,8.0943165,7.0299854,5.369488,8.11134,6.644237,5.8222694,5.4373937,5.145422,3.948282,2.6742501,1.3981943,1.2999344,1.4279518,1.0172396,1.2685711,1.3917162,1.3748724,0.9455372,0.09050904,0.38947368,0.1627889,-0.50071555,-0.88187003,-1.8859452,-4.518197,-3.0957901,8.907423,14.7284355,16.415499,16.616102,16.293833,15.998861,15.532489,14.384861,12.442165,10.4897,8.902079,7.6868258,6.6930003,6.1811213,5.30613,3.816748,2.8608406,2.7665462,3.8244913,4.6922593,5.2222404,5.8441706,6.056456,5.541233,2.381144,-5.8593082,-6.6793175,-4.7230234,-5.2355556,-2.1996427,3.3044078,5.3790035,5.66036,5.361402,4.746112,4.2410464,3.4792924,2.2795665,0.50726956,-2.07988,-3.894572,-3.7697961,-3.3449175,-1.7413449,-3.4464333,-6.9264784,-7.2971153,-8.0532255,-9.142504,-10.097002,-9.575217,-2.9234853,-1.8578495,-2.6521716,1.668889,6.1690207,3.9094627,-2.5002122,-0.621574,7.923032,10.2903,12.6653385,15.263978,16.10442,15.898445,13.389675,6.802541,0.40832773,-2.6171138,-2.2729895,6.768022,11.317958,12.271358,12.134439,11.902028,9.664829,4.196145,0.5577712,0.53912723,0.5871549,-3.1168482,-7.828335,-4.9123397,-3.839497,0.060440045,4.316942,5.179183,3.7493582,0.04217813,-2.1431885,-3.82859,-9.994228,-4.400117,-5.866861,-7.774119,-5.077253,-3.030521,-1.9706728,-5.5152845,-7.9591937,-8.263996,-6.942624,-5.9562683,-7.5016365,-7.176489,-11.031642,-11.867007,-10.581299,-9.977383,1.9887409,9.986331,11.97833,12.489624,11.910051,8.722216,0.16895658,-4.0092716,-1.0320411,-2.6365588,-2.7107573,-2.4229786,-3.4232404,8.506092,14.531594,15.712582,14.773924,12.18335,8.921103,6.4127502,4.6326084,3.9902737,4.8130364,5.309766,6.44656,6.2276406,4.91155,1.2676901,-4.0545907,-4.108547,-1.8848132,-1.4681761,-0.20770109,1.8289683,2.7333546,2.5645566,-0.3008261,-3.1201534,-5.803095,-7.059491,-8.160118,-8.765893,-8.097883,-8.945968,-10.183651,-12.697686,-16.711136,-21.616594,-22.447254,-27.282503,-25.66927,-23.606922,-23.83583,-22.89426,-23.381063,-13.67301,-3.2153964,-4.1881514,-12.067533,-16.112194,-8.47117,-3.5495148,-4.8536096,-2.0945585,-3.1290567,-5.10361,-5.6477633,-7.1601105,-6.876539,-5.1728826,-6.0894012,-7.5118065,-8.170175,-7.7449465,-1.9942169,-4.5776815,-9.993389,-7.963886,-9.144735,-9.497022,-8.010512,-4.566334,-6.776362,-11.044956,-12.761471,-7.8132906,-4.932868,-5.224681,-10.315484,-12.367565,-12.353869,-3.1893096,-0.55559397,-1.5938282,-5.9832835,-13.019903,-17.314278,-16.393215,-0.7595586,3.9971545,4.756474,5.290236,4.816933,2.4089603,6.4761806,13.810564,16.286077,17.041124,16.73271,14.958583,13.370773,12.208362,11.5089855,10.037916,9.340257,8.961982,9.397847,8.772527,9.2501745,9.191676,7.3547583,5.0816603,3.0529537,1.9803845,2.0247092,2.8206527,2.4539113,2.222499,1.9534677,2.175828,1.4965785,0.8352475,0.56829137,0.8201158,0.6198154,3.4962754,5.164134,4.4318085,4.703088,4.8805256,5.244952,5.132765,3.5998325,0.58706534,-1.1614463,-1.4083468,-2.6983473,-6.665459,-12.089592,-16.361807,-21.929129,-24.649864,-24.090834,-19.123613,-7.4798174,-6.4000683,-14.33675,-19.840364,-20.275852,-14.309974,-13.304098,-9.564577,-10.965129,-15.745545,-15.180329,-13.233451,-13.367302,-14.64129,-16.626146,-14.288349,-14.493112,-16.850426,-16.55664,-15.284654,-13.934502,-13.29064,-11.509562,-7.377386,-9.823102,-10.646014,-10.139266,-11.447689,-11.947627,-10.895971,-9.368869,-9.540308,-13.10134,-10.862454,-9.355621,-9.53596,-11.127057,-13.523494,-15.259722,-18.397774,-21.108555,-22.959452,-25.697042,-27.06129,-27.253994,-25.191788,-17.5299,-18.71235,-17.16736,-9.186477,-11.101728,-12.389959,-13.05606,-18.90965,-15.80224,-6.9377637,-7.2879696,-14.4440565,-18.35395,-22.481392,-20.975067,-14.889173,-10.859575,-13.148075,-12.010368,-12.910018,-11.26849,-11.609005,-10.585703,-12.416662,-16.981644,-19.250904,-18.773506,-20.77341,-23.97087,-16.972998,-10.886879,-15.273932,-8.616733,-2.9122639,-3.8256705,-5.0602655,-6.8383317,-6.769475
-21.03924,-26.00857,-36.960316,-33.692764,-35.69359,-31.827389,-25.415983,-18.570938,-20.186388,-14.905159,-15.242043,-11.835671,-10.091666,-17.93031,-13.063606,-11.322775,-18.698357,-14.855634,-9.510841,-13.414687,-13.400944,-7.4190807,-11.22334,-16.117155,-13.299073,-7.761771,-12.664005,-17.971231,-16.42905,-16.699606,-25.88724,-28.685091,-28.944592,-31.15414,-30.329302,-25.026052,-22.351263,-22.355583,-22.858173,-19.12897,-22.202747,-20.558355,-22.438519,-25.01648,-24.41467,-19.910458,-13.540135,-16.816643,-20.527372,-21.458797,-24.788103,-16.775356,-14.731607,-11.894499,-7.9978933,-9.451131,-16.52899,-20.59861,-25.672367,-33.7041,-29.372808,-18.383535,-15.170734,8.044518,16.212494,18.688276,19.07461,18.382338,16.533676,13.211529,8.753925,4.6881337,2.3035965,-0.9140017,-2.82539,-5.703733,-7.569657,-6.3405986,-6.4466963,-5.4360514,-6.9308357,-10.67223,-11.891867,-13.499831,-13.553247,-14.002361,-13.108669,-6.2730575,-2.8303072,-7.307145,-14.840809,-15.497102,-15.5872345,-15.048492,-20.321081,-20.228197,-12.088131,-11.528154,-9.633742,-9.210928,-10.377512,-11.02636,-11.919299,-13.063804,-6.847098,0.29483798,0.20965666,-0.9364023,-1.0849984,-2.3064992,-3.3492303,-7.6048937,-12.272446,-5.2079477,-7.3811336,-14.175821,-16.640074,-20.688639,-19.691063,-14.726663,-17.040161,-2.1270795,2.1668215,-4.727906,-13.692396,-13.685145,-10.745562,-8.122873,-13.830918,-21.702152,-23.79678,-26.258251,-31.700804,-28.888027,-25.248892,-30.286507,-28.670223,-4.207185,-0.7526356,-9.082661,-19.365067,-19.279348,-21.769829,-17.08967,-8.125134,-6.318986,-9.616504,-9.163447,-10.178689,-11.577016,-12.046389,-11.437927,-13.229299,-11.856089,-12.01659,-19.288313,-28.331543,-26.916962,-23.737263,-28.436396,-15.739774,-12.025971,-15.553794,-17.440683,-22.134468,-19.958448,-22.457348,-21.85562,-15.421634,-14.05895,-11.372807,-10.2163515,-12.540426,-9.378114,-10.625938,-11.935955,-8.578124,-0.75702304,3.7708907,0.88748133,-3.2197049,-3.5396578,-2.489953,-3.378681,-1.7068475,-3.276322,-6.742308,-11.577051,-13.604468,-18.050323,-17.226234,-18.426456,-18.3875,-14.409012,-10.480711,-6.580228,-11.0253315,-17.8956,-14.400159,-16.13435,-19.336884,-19.369562,-24.923397,-14.007501,-7.081032,6.5404468,11.620326,12.80352,12.8436,12.512796,11.976147,10.955262,9.378492,9.01012,6.401969,5.4889393,8.117458,6.053794,5.504238,9.437366,11.754801,9.031436,9.9536085,10.39723,7.83984,5.7680345,5.508336,8.497459,13.863432,15.45566,15.198531,14.876482,13.433338,9.931656,6.4872313,4.6181397,2.6716363,2.4505982,3.9884796,1.584912,-0.6073188,-0.30270162,-1.0156839,-1.9781648,-3.08934,-3.6728263,-4.0883503,1.1039875,2.143803,-0.31319356,-2.919218,-5.5050344,-4.0861645,0.31205925,2.2432272,-3.4133868,-12.284242,-12.607245,-10.952641,-6.416072,5.1292825,8.986977,8.306148,3.1599019,-5.6783123,-10.936087,-5.714281,1.1478589,4.777092,2.9887905,-3.101087,-2.9541178,-0.7216623,-1.2324696,-0.49260938,-2.4578161,-1.7922534,-1.8480605,-1.6676999,-0.5308455,0.18386692,-1.5248187,-2.1010516,-3.857616,-5.734354,-1.0175806,0.51379615,-5.7551394,-5.1361427,-5.368925,-7.6707177,-9.967564,-12.2258,-9.894792,-9.186664,-6.9944816,-8.492657,-8.113844,-7.6461754,-8.32451,-7.9668326,-6.9871116,-5.8156877,-5.2207394,-5.613709,-6.3528605,-7.544927,-8.187923,-8.472459,-9.405439,-6.4212365,5.326667,5.086784,2.863244,1.0659473,0.14322685,-0.8734499,3.0640838,2.1813822,-3.8950105,-7.156584,-5.210638,-0.7042395,-3.1211443,-9.208195,-9.745502,-12.32451,-13.535273,-8.311136,-5.145624,-12.1235075,-18.05465,-15.119005,-17.241322,-22.59546,-19.353935,-7.9313984,-3.5513675,-4.708583,-8.853295,-12.427542,-13.791419,-23.020947,-23.864567,-17.663853,-11.098354,-12.356724,-10.186521,-8.491545,-9.134761,-10.684856,-14.435935,-17.068235,-12.86929,-9.831527,-12.010693,-4.3094625,-1.6483294,-5.37184,1.2802969,2.2107677,6.8965874,7.7401733,5.3076115,2.975789,5.463269,4.0623717,-3.3457801,-6.943367,0.45442137,8.670854,5.776007,-5.985075,-4.6218934,-2.7117267,-4.9099355,-5.045472,-7.202952,-8.749687,-1.0841111,8.809406,9.115759,4.7621617,1.6083473,-1.3096824,-6.498094,-8.686704,-5.2365046,-9.002564,-11.9648,-13.941502,-11.287842,-14.217775,-9.724865,-9.538642,-10.799808,-8.868689,-8.513404,-10.586142,-10.135799,-12.941696,-11.873795,-12.389508,-12.782203,-13.564597,-14.420613,-14.861697,-13.105501,-18.29573,-19.531538,-12.757807,-12.112857,-11.951752,-12.313775,-15.814678,-14.216757,-12.465178,-11.623865,-11.551161,-14.136932,-9.209333,-7.263804,-15.63912,-15.822364,-13.625264,-11.655135,-12.310449,-13.480426,-13.836398,-14.302815,-18.834286,-19.71849,-19.087408,-21.898758,-22.224684,-21.85257,-21.395367,-24.98883,-20.72569,-21.35668,-22.124044,-17.977098,-18.55542,-16.125713,-19.285582,-18.917915,-19.346596,-19.27409,-20.147415,-17.665524,-18.778545,-16.089766,-8.662061,-6.218485,-19.45729,-20.598295,-10.488343,-7.0613785,-7.2727413,-6.8469563,-7.8963966,-9.9362335,-13.815809,-12.585936,-9.469661,-9.316841,-15.385216,-16.142456,-11.901251,-10.285005,-9.952106,-15.098066,-16.009102,-16.611921,-21.488588,-19.819874,-15.80495,-6.500805,-4.89777,-6.7359076,-12.206131,-15.952866,-20.033566,-22.490128,-14.361122,-0.6811902,0.31762844,-0.5680088,-1.8769182,-2.6166608,-2.2397356,-4.2508535,-5.91078,-6.001705,-5.9797535,-8.675708,-11.487097,-12.758667,-14.783868,-16.565159,-14.333479,-7.74177,-8.045271,-12.727542,-20.346046,-24.325203,-23.451538,-23.172123,-22.792624,-13.213557,-5.411193,-5.8505173,-7.071359,-15.573252,-17.501476,-20.743652,-22.788345,-11.869497,-6.1664743,-10.263815,-10.848509,-11.224732,-11.479719,-12.238641,-12.432647,-13.65151,-14.624162,-14.932499,-14.704897,-12.745205,-9.3557205,-11.13842,-15.067977,-15.135269,-9.33302,-2.3036873,-6.1405888,-18.48353,-18.216475,-21.428871,-26.825657,-22.411064,-17.756664,-19.494326,-17.517277,-16.376492,-18.040342,-18.08707,-15.494642,-20.00968,-26.224222,-19.283415,-15.416041,-16.075193,-14.820691,-18.310646,-17.197851,-20.39597,-24.60785,-28.630392,-27.468029,-27.436127,-18.218748,-16.428062,-18.07246,-22.29268,-23.870838,-18.79131,-20.504478,-17.828764,-16.35161,-14.260425,-13.209677,-22.012758,-23.803694,-23.932697,-4.577895,3.0965948,3.969344,1.6945267,-5.8551545,-0.89693016,3.6973522,5.5182877,3.936446,-4.152072,-17.287214,-20.271748,-16.56388,-12.732498,-15.08993,-8.326449,-3.9764152,-3.4466765,3.6817443,6.2347755,3.899681,-5.227549,-11.775911,-8.708802,-5.526214,1.2352716,-1.0838904,-9.770233,-9.08616,-12.3175125,-14.115129,-16.723196,-17.070948,-2.3296568,-0.5830026,-7.5081677,-10.59992,-6.908098,-12.676502,-22.3189,-16.856283,-12.506776,2.3307126,2.705936,-0.4100656,-2.3179073,-1.2041935,-2.5709226,-5.4747434,-13.47107,-20.694939,-22.946224,-20.254402,-22.423727,-17.797018,-16.09949,-23.641947,-21.3124,-10.995914,-11.447569,-10.494708,-10.084838,-11.905403,-12.881756,-13.142591,-13.99199,-12.661186,-10.671415,-8.193292,-13.47106,-15.033683,-15.47,-14.347745,-15.23302,-14.906968,-15.092419,-17.30016,-21.259977,-21.635315,-15.10508,-8.362301,-10.41808,-11.686014,-9.410619,-14.096231,-6.320532,-2.9783354,-7.570203,-11.068822,-18.938894,-19.759136,-20.881178,-17.431875,-16.392662,-11.756006,-8.653184,-10.593309,-19.381298,-22.043743,-24.370968,-24.207672,-26.100899,-23.904741,-25.087585,-27.800285,-25.167028,-27.060467,-29.530502,-31.454763,-26.69094,-27.198439,-31.57377,-33.05613,-31.65344,-28.007841,-8.760473,-6.4182544,-12.01037,-7.494364,-5.7246594,-9.593721,-13.485611,-16.860645,-17.925274,-15.142347,-3.3945136,6.425647,7.0275,6.5981097,5.66228,5.179333,5.361578,16.821674,21.20712,22.13644,21.150091,18.643446,15.169624,10.836527,5.1737814,0.45155603,-2.495852,-0.41888154,4.999669,6.054418,5.8614063,5.8148885,5.321906,3.246395,1.2107698,-0.31164697,-1.4352624,-0.6954306,-1.3179281,-1.7512943,-1.3326526,-0.8281421,0.9863453,3.3524373,-0.57796323,-0.39875522,-3.2684948,-3.3992674,-2.7993834,-3.3671024,-3.642986,-3.0201004,-3.5352788,-6.6102366,-3.8518791,1.5135993,1.7121248,-1.3291757,-6.308663,-4.4978805,-0.73268247,0.86249363,-0.49645874,-6.608482,-0.34615266,4.3639,2.3063722,-3.413838,-8.42678,-16.544584,-10.621038,-3.8317113,0.5621778,-1.372977,-5.6176214,11.364609,17.693026,19.351791,19.474869,19.352707,18.373363,15.974755,12.845924,9.0487585,4.7289524,1.4291693,-0.8852828,-3.3894231,-4.1528015,-3.0940077,-3.3745263,-3.9199498,-4.149571,-4.7006407,-6.3645415,-9.29269,-10.547122,-11.4294,-13.316666,-15.893387,-15.894338,-15.932734,-17.020527,-20.298616,-18.998363,-17.956182,-20.167551,-17.245302,-15.164288,-19.524372,-23.306969,-27.975212,-0.41081014,4.380304,1.7496238,-4.7185903,-8.823507,-0.563697,3.4276035,6.261826,4.503483,1.1105206,6.9342337,11.898879,13.181379,13.320609,11.27791,6.287005,3.27851,3.356837,5.5550594,6.2153835,5.7721767,5.7989616,5.7735043,5.5777698,5.5846624,6.372318,7.0217395,7.4502974,7.3966436,7.308171,7.1712775,7.325091,7.4044685,7.249773,6.912394,7.244442,7.6118813,8.094539,8.177065,7.878084,7.428065,7.714589,8.1930685,8.031776,7.9813995,8.362857,8.576318,8.646365,8.68377,8.6456375,8.446144,8.074181,7.696044,7.324527,7.0256824,6.8928456,7.0690207,7.303796,7.495973,7.7342033,7.969208,7.7763157,7.470005,6.605418,4.8449936,1.5334345,1.1646035,4.3722773,1.2090234,1.0251603,-0.2690544,-1.3433375,-3.6617613,-6.35131,-8.9309635,-8.721401,-9.032392,-10.147008,-11.479217,-12.110811,-12.834903,-17.182243,-15.702185,-12.70388,-13.653032,-20.445988,-19.06273,-15.689854,-14.966389,-12.019177,-10.846309,-12.898536,-13.391163,-13.530344,-13.491201,-12.54086,-11.813951,-13.411132,-14.537762,-14.824003,-13.658924,-8.782129,-12.026868,-13.130686,-12.503351,-10.881143,-5.5981236,-7.014471,-1.3379483,7.161629,4.5972404,2.8423529,-0.70949984,-1.9824429,-3.05814,10.098676,16.76375,17.637884,15.553822,12.767223,9.899076,10.832028,11.028732,10.765669,10.548034,10.1875925,9.674825,9.669762,10.047386,10.879973,11.241146,10.881858,10.26883,9.655627,9.261375,9.415569,8.581866,7.5274653,7.8883543,5.7905188,0.5685466,-7.13872,-3.8133001,0.8714458,1.0798334,-1.0060939,-1.3549805,-0.24343826,-0.97551674,-1.8184828,-3.319502,-4.865331,-6.2176456,-7.76702,-9.283576,-9.399028,-9.254126,-10.150076,-11.921817,-11.961484,-8.078154,-8.564823,-9.655629,-6.7374296,-5.4420033,-5.2912545,-4.0631685,-6.1024003,-1.0821991,0.5707879,0.559973,0.7091862,0.8386373,0.48791945,0.5299207,0.21472946,-0.27550918,-0.47717398,-0.87596667,-1.0897589,-1.5546339,-2.647402,-3.524172,-3.8003678,-4.170786,-7.3417387,-7.6476483,-4.1132684,-5.5488944,-6.237164,-6.9339256,-8.85605,-10.128916,-8.621041,-7.044922,-6.2710614,-7.1206617,0.2711049,-1.2304378,-14.273664,-12.971466,1.6996063,11.645874,15.097985,16.226524,15.403546,12.85573,9.157301,9.238098,7.3736753,1.3047527,-3.2828493,-0.14394954,-3.9153433,-6.2971163,-7.409113,-5.0620847,-2.7746267,-8.460153,-12.757948,-13.663101,-11.582802,-16.91415,-16.647572,-9.736749,-9.549948,-8.610865,-1.4954627,4.241815,5.433879,4.3541856,1.3374382,-5.879235,-4.455923,0.48596874,-3.1446621,-13.620789,-13.54092,-9.555094,-6.2470026,-3.4202554,2.4668307,2.8460023,2.4697568,2.3778074,1.1406665,0.7535103,-0.7220477,-0.836536,-0.6246896,-0.61401325,-1.0018072,0.9242565,-2.420465,-4.477107,-3.805748,-3.5850182,-5.5222673,-10.406037,-13.732685,-17.757236,-19.952433,-18.443277,-5.432627,1.7671322,1.6993611,1.4229405,1.368292,-0.2421377,-2.6513836,-4.5696545,-6.999965,-9.449505,-11.026963,-13.687176,-11.970846,-14.991094,-12.742959,-13.881034,-20.088623,-19.813364,-15.996839,-16.153557,-14.93758,-13.229676,-14.145484,-11.2066555,-9.849854,-13.766184,-17.309574,-23.36377,-26.062412,-24.906021,-21.731863,-18.852638,-18.89354,-26.146488,-31.04822,-30.682507,-33.465103,-34.369133,-27.726791,-27.592472,-30.735619,-34.335396,-36.947273,-13.503432,-1.1387695,-1.8551778,-9.502598,-10.937918,-11.313818,-0.5105177,1.1678957,-4.2856593,-1.5573348,-0.2795313,-1.4073935,-0.38022238,0.7412244,-0.64514244,-1.5389247,0.63288814,0.11017871,-1.8582251,-0.9107741,-1.1729348,-5.779378,-9.269263,-8.28704,-10.620058,-2.6707695,2.4744298,-1.2932372,-5.8089924,-5.0281377,-5.367077,-2.2556982,-0.12834992,-2.4707081,-4.8220687,-2.8431284,2.301526,7.2029085,7.9950547,0.81492543,-3.2023187,-5.9041185,-6.7020826,3.3465137,12.95282,16.040134,16.590069,16.097893,14.326039,10.882077,7.736491,4.1843615,2.5140715,1.704703,-0.5412302,2.3005462,2.4750628,0.871996,-0.8431237,-0.82959205,-0.61402965,5.2579923,13.046215,16.161669,16.58604,15.07609,12.281712,9.169639,5.6409364,2.2627835,-0.024166953,-2.903849,-1.3043088,-2.333286,-3.8795872,-3.1389306,-1.5463705,-3.1743433,-4.623881,-3.4130006,0.70926934,-2.051915,-8.564809,-6.887481,-6.3427615,-6.8589306,-6.3657017,-6.079705,-6.8639894,-7.874699,-8.8098135,-12.480269,-15.639733,-14.809918,-22.127205,-30.041828,-26.313017,-22.999107,-20.986275,-12.50195,-11.776882,-13.620467,-18.565115,-26.040735,-18.917944,-20.672207,-19.23208,-19.93742,-22.367975,-26.632483,-23.768707,-25.450075,-28.16926,-30.685963,-24.553009,-24.735912,-26.685589,-26.863592,-27.325037,-27.675842,-27.739601,-21.319715,-13.13477,-16.41483,-19.429497,-20.138617,-23.522654,-27.164005,-21.48985,-15.038299,-6.961083,-10.491358,-18.976267,-19.193985,-20.012415,-20.057774,-31.13229,-26.127728,-28.08598,-29.865433,-27.386124,-28.872276,-28.673084,-23.171976,-23.465202,-23.393164,-26.978306,-21.890602,-15.357166,-17.080032,-20.982058,-20.008713,-20.536745,-19.373575,-12.05657,-13.529281,-15.2852545,-15.466185,-16.703093,-18.823883,-16.247684,-16.108625,-14.861083,-12.722088,-11.8381,-13.440611,-12.878531,-12.774433,-14.617213,-13.067337,-13.273552,-14.477392,-17.168114,-18.863968,-15.299412,-8.610925,-12.360798,-4.694694,4.32077,5.5400825,4.52705,4.48125,2.2489986
-23.100893,-19.109715,-17.208141,-18.512552,-18.736252,-19.093712,-16.799171,-12.641601,-14.91805,-17.403275,-15.556028,-13.3697605,-10.145836,-14.956288,-14.405555,-12.86973,-15.606545,-16.142303,-12.884115,-15.560501,-16.316515,-8.660481,-11.84847,-19.670399,-10.773319,-5.5488353,-10.514963,-20.688648,-17.44602,-18.136261,-25.177536,-26.857845,-24.849512,-30.462044,-33.53006,-27.99234,-29.486427,-28.990643,-30.79327,-26.427845,-30.959625,-37.09485,-31.885307,-27.303787,-21.25015,-15.110768,-16.202868,-22.804268,-23.905697,-25.75363,-28.571259,-25.446827,-25.606953,-21.160814,-13.586554,-11.539715,-9.401437,-13.097557,-20.502762,-23.835127,-22.0681,-19.638865,-17.483932,5.8838315,12.4739065,13.477403,13.556469,13.005036,11.66603,8.24344,3.5645983,0.71600133,-3.503828,-7.947495,-11.22629,-13.569429,-14.745319,-13.2601795,-12.889156,-12.871524,-13.815929,-16.138569,-15.512827,-16.192514,-20.814896,-19.293983,-21.650202,-6.60294,-0.6806203,-5.771045,-23.038681,-22.70136,-24.393185,-22.001734,-20.944904,-18.691505,-17.408533,-18.403698,-21.123226,-27.416506,-26.109941,-27.48613,-26.079697,-29.334394,-15.360742,-7.040425,-9.469765,-14.890256,-18.62933,-19.136637,-23.069012,-22.747208,-9.827595,0.28814468,-1.3304672,-14.4447,-14.789282,-21.35886,-18.935429,-16.768484,-15.719215,0.5748022,11.034161,12.721529,11.701454,10.3208885,8.712469,5.126775,-1.0493364,-7.1787925,-13.378485,-11.758981,-10.265332,-11.370793,-16.593521,-22.351074,-16.796873,1.005,9.273783,10.675093,10.595149,9.673812,9.029626,8.568572,7.8728924,7.308756,6.5757017,5.685435,4.176996,2.7198675,0.9048016,0.0043006353,-0.94201124,-3.3580706,-6.9576797,-8.96211,-14.290705,-14.341919,-13.202545,-16.692482,-19.64722,-18.294739,-15.937563,-15.913683,-13.755702,-15.869718,-21.568779,-20.319485,-11.929346,-9.532955,-11.687435,-12.5439,-10.805526,-10.700751,-14.386353,-10.417501,-7.7977114,-2.2430036,-0.5995638,-2.0353858,-6.8871827,-8.683474,-9.543561,-10.852176,-11.045502,-9.825304,-10.205051,-13.612188,-16.791632,-17.522303,-16.704517,-14.807166,-13.446314,-12.644003,-10.774132,-5.420585,-9.467848,-21.599556,-19.219343,-22.15565,-26.778679,-27.330935,-23.835941,-11.219753,-6.1323643,3.349079,6.105502,6.363057,6.6998386,7.2541656,7.385614,7.370052,5.9652495,2.4860435,-4.055842,-2.2891698,4.8355126,5.288657,5.278451,6.9103403,5.960929,2.4690578,5.551176,7.6121635,2.5028791,-1.7710958,0.8558499,2.7178617,9.526791,10.478313,8.977365,10.250835,9.273586,6.5698647,2.9678,3.6506195,4.0368705,-1.4583585,-1.1755207,-3.1509159,-5.6889677,-7.9796004,-6.32858,-4.1591105,-7.7886696,-9.293827,-7.831869,-1.9279208,-1.9290291,-4.1253767,-5.205846,-4.6209116,-3.2492602,-2.9148364,-5.3568053,-8.372385,-12.717381,-17.51719,-17.006826,-13.216721,-1.5329098,2.1732385,0.5757613,-2.7253027,-11.390071,-16.696766,-14.1491995,-3.3654265,-0.42523187,-2.5482776,-7.025681,-8.819276,-8.2927265,-9.217375,-8.700526,-8.003098,-8.694581,-7.8665276,-6.6047044,-6.078845,-5.999408,-5.9632163,-6.5602946,-8.230218,-9.203696,-7.6038814,-9.517172,-13.3590145,-12.942348,-12.933393,-13.619927,-12.884312,-14.373676,-16.36265,-15.307798,-5.028014,-4.6377525,-14.231023,-17.31105,-14.514034,-12.606982,-11.971951,-11.433555,-11.546203,-11.638319,-12.205427,-12.582081,-14.089678,-14.234333,-14.401608,-9.496382,-1.6071433,-3.675256,-9.053978,-13.30247,-16.044104,-7.783685,8.509485,14.516268,15.014392,14.465229,15.069985,13.413711,7.015998,-3.7145853,-3.999948,-7.832622,-7.9647536,-2.4502287,-2.9357123,-3.086648,-6.296148,-10.319376,-9.974368,-13.201966,-12.24656,-4.5849495,-2.7656386,-5.3496065,-6.3440113,-12.620421,-12.720234,-14.057002,-9.999231,-3.9145646,-3.4339652,-5.1321497,-3.400277,-4.7533007,-6.700428,-9.954442,-8.628179,-3.7401316,6.4421563,12.121168,14.482775,13.939252,7.8042054,-6.755009,-4.3545885,-4.661189,-5.352186,-7.3958817,-7.7530456,-10.38047,-1.4056618,9.421648,13.363651,13.677935,15.335953,14.4291935,4.8558397,-2.925775,-9.101351,-4.362136,1.0259817,3.415637,-0.383996,-8.033458,-3.4624507,6.385456,12.665831,15.141066,16.272518,16.240189,15.092816,13.926533,13.571859,14.373303,14.898285,14.602221,14.038272,13.87208,13.366909,12.900094,12.795418,12.496423,12.235252,11.57843,11.642827,11.667658,10.756208,10.188637,10.708218,10.666417,10.960455,11.663627,11.281949,11.20776,11.0966835,10.282894,9.810487,9.888159,9.764815,9.082878,9.037108,9.602951,9.955931,9.873775,10.030765,10.093836,9.887741,10.209083,10.27656,9.908556,9.225899,9.312565,8.937066,8.377379,8.803368,9.451378,9.056058,8.715017,9.144946,9.308452,9.157204,9.276352,9.390243,8.856603,8.663875,8.979865,9.100226,9.102699,9.3540945,9.715975,9.301407,9.264891,9.15233,9.046592,9.222691,9.80602,10.803831,10.978088,6.2599235,0.5224021,-1.018047,-2.5538018,-3.5454493,-3.6772,-2.3665652,-2.5910654,-3.703811,-4.6995616,-5.733313,-5.0928574,-7.876463,-6.9060907,-7.415643,-5.39063,-4.8917975,-5.9810824,-5.0708,-5.2248745,-5.117171,-5.407309,-7.7085166,-9.787675,-7.4875264,-6.2410493,-6.7752337,-7.343775,-10.219391,-12.509981,-11.529292,-10.878778,-3.4541793,-4.214472,-9.467495,-12.016817,-12.153188,-13.310196,-12.213225,-10.8105545,-8.880524,-7.0292544,-12.789368,-17.094929,-17.095297,-20.405495,-19.299566,-19.123318,-11.59099,-8.157027,-15.157291,-17.04596,-17.212671,-17.052242,-23.471527,-23.712364,-13.169279,-7.2311335,-4.665088,-7.6085796,-15.1518345,-20.945414,-25.057514,-16.1901,-10.773771,-2.4238646,1.8016281,1.1184429,-1.217806,-1.2984205,0.10520205,1.3639034,0.7595218,-0.66411877,-2.5079978,-5.216873,-6.066822,-4.610589,-3.7241151,-3.9079971,-5.471239,-8.066605,-4.039894,-6.8241496,-11.182896,-10.149932,-10.333134,-13.40906,-14.337742,-7.3912835,-1.825435,-2.1867595,-2.003408,-0.84006006,-2.000213,-3.0910006,-4.277182,-4.5388255,-4.5616455,-5.967066,-10.3465185,-10.221312,-10.556475,-7.291382,-12.241468,-21.683462,-22.518805,-26.140331,-23.652391,-19.156767,-17.982683,-17.122559,-22.57692,-19.674728,-17.397734,-13.362707,-10.158876,-2.4251,2.7630029,-0.25957766,-8.33366,-10.575855,-9.215756,0.859924,1.6563,-0.102601185,-1.494012,-2.3677704,0.2261171,0.7953657,1.2258103,-0.2482439,-5.551285,-9.885748,-17.890469,-15.451672,-12.0286255,-5.126967,-1.9196498,-0.23502153,0.53257084,0.10234499,-0.4526833,-1.1681209,-6.5553246,-10.467811,-8.234868,-5.8086586,6.5578213,10.13188,9.085718,5.895092,-2.0584538,-7.793184,-11.048127,-10.315882,4.5737653,12.199773,12.804317,11.620344,8.725751,1.4311788,-3.2680738,-4.9940696,-1.8877019,4.2478757,0.7065774,-10.192123,-12.500341,-6.1702576,-5.3873897,-13.792219,-14.35935,-18.711727,-23.770369,-25.21343,-26.226454,-20.904772,-18.014923,-22.151087,-24.980194,-19.386787,-14.409719,-13.489866,-19.260366,-22.605663,-26.861176,-26.600018,-20.371876,-19.578615,-10.292114,-7.5331993,-14.5555315,-22.979261,-27.760813,-25.370943,-27.504707,-25.385592,-21.072807,-22.67525,-21.347157,-19.609282,-10.300468,-6.647769,-11.878858,-17.612337,-12.684992,-13.5294075,-10.790749,-8.555728,-9.501198,-5.839095,-4.3824854,-0.05897258,1.3929238,-1.4303424,-3.165994,-0.86129904,-2.1740386,-11.70636,-19.437016,-21.449087,-20.461199,-22.103516,-25.596273,-22.036753,-20.09623,-19.73232,-20.554222,-20.374508,-22.745438,-22.645824,-20.474545,-17.038437,-17.1502,-19.346426,-20.678791,-20.352837,-3.9747958,3.4919477,3.0806067,1.0915493,-2.1354804,-4.8317604,-12.668764,-14.8616085,-7.2133403,-8.712791,-9.053371,-0.5055683,-2.6602087,-9.421168,-6.410067,-4.220032,2.0184526,14.039483,16.717648,16.723478,16.143898,13.828102,10.313296,8.112679,4.901259,-3.0732405,-4.2731075,-2.6119318,0.50372946,1.2027156,0.8348972,0.6961179,0.19551186,-2.378801,-4.8884983,-5.3966517,-6.148451,-6.01441,-7.0360355,-6.9372487,-6.2830186,-5.7613974,1.5688193,7.339204,3.7139044,-2.9907582,-3.3943133,-5.670536,-7.314853,-8.7720785,-9.750492,-7.9380107,-8.3819685,-6.844842,-5.280899,0.26641992,-1.9035482,-5.7331886,-7.717229,-7.4869547,-4.803173,-2.8845277,-3.7129683,-5.4694405,-2.0506716,-0.8466109,-0.27889168,-0.8982536,-5.2306776,-16.104033,-7.323552,-1.8352355,7.3253584,10.517355,9.735836,12.99594,14.239745,14.581491,14.512013,14.28111,13.11429,10.751477,7.221959,3.7765446,-1.1555063,-8.280793,-11.573297,-13.217831,-11.037068,-9.289379,-10.134279,-11.981526,-13.2248125,-13.500021,-15.290125,-17.4976,-20.842445,-20.620983,-19.208439,-20.618881,-25.223507,-22.541344,-22.52417,-23.767914,-17.925304,-14.858655,-18.732882,-19.860954,-21.181372,-19.174358,-22.790024,-24.295578,-7.554596,-3.7626882,-8.699745,-10.23006,-14.042407,-13.284643,-16.062073,-19.057653,-11.4105015,-2.268828,6.946852,10.345297,10.902035,10.63363,7.877174,0.7306297,-10.113699,-9.244448,-6.2225904,-4.2998013,-4.4077125,-5.1183157,-7.10491,-10.780105,-12.060656,-13.656072,-13.830428,-13.199576,-13.097157,-13.304956,-13.815862,-17.262167,-19.468554,-18.880733,-13.614611,-12.547751,-13.79138,-14.947263,-19.879887,-19.211105,-17.909397,-5.853816,2.7573225,4.8878584,1.4307119,-1.1563544,-2.8848064,-3.9387016,-2.9672508,-1.2245966,-0.37298793,-3.5146618,-7.1284647,-6.467684,-11.576651,-15.732289,-14.864702,-15.181867,-16.27638,-11.595162,-12.656402,-17.2808,-16.064114,-16.479235,-19.768772,-15.019913,-8.69434,-3.7125983,-5.997504,-10.994045,-18.83045,-12.955295,-11.491122,-16.674587,-20.369757,-22.244608,-24.307312,-23.092155,-24.995363,-25.983686,-26.908264,-29.088583,-27.9745,-27.83518,-28.05394,-26.760366,-24.345592,-26.447573,-31.226961,-23.208818,-21.595741,-22.470425,-21.921255,-22.116055,-26.845446,-25.692041,-27.88976,-29.896605,-31.900406,-26.009092,-13.803701,-4.288452,-0.6757725,-2.8850346,-5.594094,-4.2208953,-3.7130222,-9.149583,1.7656095,14.360832,16.783737,15.041033,13.717723,11.541609,7.8999796,6.683772,11.211954,12.039776,9.963809,7.0249214,2.2821817,4.6334724,5.758212,6.0220723,5.7156105,5.064285,4.6635284,4.777796,5.170411,5.9873004,5.93885,5.3849955,4.734449,4.116712,3.7604163,3.8413393,3.6734235,2.0400436,2.7921162,1.0457447,-2.370589,-9.538929,-10.901033,-6.398339,-9.221757,-15.597111,-21.654722,-16.931541,-18.278973,-16.992908,-16.340704,-21.616322,-22.987288,-22.292364,-22.659948,-23.466957,-19.472591,-9.852383,-8.189262,-9.728092,-8.20185,-7.792847,-8.332018,-6.1614,-7.497383,-12.374879,-11.020803,-8.446878,-3.7571654,-3.5762997,-5.1324363,-5.0104218,-5.3389034,-6.130618,-6.009974,-6.1425037,-6.666164,-6.9434266,-7.502886,-7.992952,-8.544012,-9.501346,-10.206389,-10.433834,-10.234076,-5.4294596,-2.706525,-6.278684,-11.876868,-11.953029,-12.519735,-16.07223,-14.630964,-16.091536,-13.71873,-12.672789,-13.927515,-8.399612,-7.816826,-15.249596,-19.100283,-1.3860755,8.320684,10.30252,10.464372,10.400198,8.253609,5.36196,3.208562,0.72818184,-4.778276,-8.263682,-9.858827,-14.7508545,-18.513634,-14.738941,-13.443466,-12.780813,-8.759316,-12.547431,-16.985981,-18.963245,-27.05624,-20.942963,-15.439982,-13.195444,-12.024354,-15.801355,-10.9552765,-1.9786073,7.6091676,11.2402935,11.939251,10.70093,4.556629,-3.0952368,-10.837614,-7.550679,2.9305575,4.517725,0.79154384,1.3244221,0.7883244,1.3571488,0.5344143,0.053870756,0.27436298,-1.7960578,-3.317915,-2.564998,-4.1780834,-3.8500679,-4.4402733,-8.019593,-9.292263,-9.5671215,-9.881219,-8.112839,-9.734919,-17.424694,-20.813238,-24.47665,-22.043268,-11.013732,-6.948635,-9.8249445,-12.897283,-17.839767,-19.747967,-18.772661,-15.555471,-17.60487,-22.855404,-27.850096,-15.664274,-13.872709,-18.534435,-18.355267,-18.706331,-25.847063,-23.520863,-21.858334,-22.156069,-21.850746,-25.812744,-22.5065,-19.08949,-18.182323,-16.622534,-14.786304,-16.437838,-16.537111,-21.275993,-28.083838,-25.13969,-24.842234,-24.703125,-27.178118,-29.344322,-32.30716,-27.072527,-22.533789,-23.629534,-27.843779,-31.59376,-26.763721,-13.323992,-0.5620824,-0.2755613,-10.220332,-11.393203,-14.527857,-5.6930075,-2.2104917,-4.984626,-5.773611,-6.865488,-7.486785,-4.989401,-4.064967,-3.6619375,-4.487048,-3.2531097,-4.2217793,-7.0639687,-3.3471525,-0.5909464,-6.891579,-13.478834,-12.932015,-16.908224,-3.9376304,2.2516117,-2.5112653,-10.339804,-7.3008275,-6.978774,-0.9113772,1.7011033,-4.545044,-9.209295,-7.3612947,-2.6844094,9.548408,17.0197,17.277657,15.980276,14.194108,10.320116,5.8025055,10.567972,10.891013,10.9866705,10.737539,9.7022505,6.949274,2.5838313,-1.7332755,-6.425352,-8.051433,-9.510044,-7.107746,-3.244928,-5.3139634,-8.154835,-7.5324054,-6.915718,1.0621188,9.122417,10.818968,11.212745,10.413464,7.618547,4.900008,1.8317419,-3.6847358,-2.7958117,-4.716428,-4.6796975,-5.981885,-6.8699255,-8.716172,-6.063546,-8.179076,-9.180454,-6.9892035,-2.2629611,-5.1715617,-9.584361,-9.9409685,-10.606793,-12.76718,-13.000254,-13.43631,-12.297014,-14.130844,-12.20331,-13.405267,-15.129831,-15.000754,-21.090065,-25.863762,-21.652384,-21.581573,-25.684309,-20.047024,-12.304997,-14.844282,-19.220406,-23.482273,-21.418518,-18.031382,-18.875084,-24.497673,-23.837603,-24.7286,-28.964546,-28.16732,-32.436234,-38.0841,-29.76294,-26.47308,-24.947483,-26.138935,-30.186262,-34.95337,-30.53705,-25.498755,-17.662935,-16.167763,-21.724628,-24.739828,-27.336418,-28.783216,-18.825815,-12.070217,0.32188213,3.5760095,3.90234,3.7755158,3.3691044,3.153386,2.8709435,1.9730867,1.1966966,0.023734586,-1.1732287,-1.3784087,-1.9973229,-3.7498534,-6.5309067,-11.740898,-15.368471,-16.115887,-17.057526,-16.497997,-20.856083,-22.979643,-23.28693,-23.43321,-19.367159,-19.604979,-17.991285,-21.297579,-21.98601,-24.943596,-27.116413,-22.81066,-15.544133,-13.065597,-15.996719,-21.607988,-21.727558,-19.030748,-19.986328,-19.391705,-22.154028,-23.588223,-25.474514,-27.49153,-15.469537,-8.042613,-10.825719,-7.4628406,0.22091687,0.06320387,-1.883346,0.34666294,-0.09410067
-14.152078,-14.568063,-15.038661,-15.746564,-16.628143,-17.291115,-16.844435,-16.561798,-19.771425,-19.385069,-22.100737,-19.872452,-15.961601,-17.244759,-18.072107,-16.886856,-14.294836,-19.780046,-22.363585,-20.523487,-17.445744,-14.550672,-16.16043,-23.592318,-14.198184,-10.72482,-13.4864235,-17.495167,-13.088491,-10.458077,-18.431423,-26.666595,-25.30832,-24.339108,-26.426317,-30.274754,-28.65926,-28.90334,-27.501003,-22.85389,-25.736477,-31.301353,-27.704014,-26.385805,-18.2234,-16.101582,-19.530283,-22.128307,-21.624249,-25.331831,-27.84731,-24.523136,-25.484402,-26.740837,-27.361282,-16.0173,-9.277532,-8.814591,-10.994273,-17.650515,-18.490396,-19.024591,-19.215136,-4.5515738,-3.3621445,-10.814742,-13.407612,-21.337822,-14.940225,-10.394353,-12.298621,-11.6720295,-9.756071,-11.964466,-11.589405,-13.779173,-14.659012,-12.026429,-14.497814,-14.048624,-12.945642,-15.246311,-13.8354025,-12.346343,-14.099653,-14.120441,-14.994983,-7.061133,-1.0370518,1.3477268,0.8895037,1.1448402,-1.1361167,-1.4424071,-1.5288894,-4.841887,-4.970915,-6.819923,-12.440233,-11.985116,-17.566422,-14.033379,-13.704871,-19.894941,-21.744385,-13.57876,-13.475296,-13.683142,-10.951261,-12.3987255,-17.449963,-18.753054,-5.57966,1.8008353,3.888087,2.3328729,-0.19373786,-0.21701513,-1.7507155,-5.222687,-7.17729,0.18604693,10.055146,13.491311,12.861307,11.585517,10.104289,6.4285107,0.043642715,-6.325904,-14.547385,-13.063292,-12.448761,-11.994171,-14.638967,-15.615992,-14.205513,-1.2523128,8.188514,11.848927,12.124533,11.597408,10.840541,10.213901,9.626358,9.157703,8.168181,6.7764196,5.6741943,4.524208,3.3112998,2.0368204,0.49565867,-1.6343367,-4.287742,-6.816636,-8.379263,-9.563001,-10.631324,-13.938658,-20.71518,-16.065891,-14.7900095,-7.241356,-4.0748386,-8.337184,-15.46633,-20.783993,-14.519733,-6.0859995,-3.5692148,-3.6749122,-5.0154686,-1.2610167,-0.104710154,-1.0161078,-5.578592,-7.175715,-5.6378326,-4.304408,-4.2792263,-5.6429725,-6.864271,-7.93284,-10.91077,-12.568949,-9.413958,-11.620064,-15.597629,-13.787728,-12.86394,-11.774599,-11.498993,-13.691941,-10.113678,-5.314069,-3.062638,-4.031447,-4.6830378,-5.52264,-7.0719757,-9.482953,-12.448557,-10.824717,-7.1869206,-10.285118,-11.029528,-11.818114,-13.3918705,-18.04197,-20.462357,-18.446209,-19.27438,-21.98845,-24.919874,-20.308681,-15.6438875,-15.234805,-9.788093,-7.84669,-12.549487,-14.441705,-10.236204,-9.154737,-13.83473,-15.98073,-17.70203,-7.853364,-6.094863,-10.614358,-11.720249,-18.082191,-20.822563,-20.766088,-17.797398,-5.2047687,-2.8256657,-4.0672736,-8.621007,-10.320299,-10.6000595,-10.6671295,-11.781173,-10.779392,-10.833444,-13.878,-11.255987,-13.029572,-15.846172,-19.387821,-18.934423,-17.588028,-19.438488,-18.123806,-20.852646,-23.003757,-20.286968,-19.70035,-19.94984,-19.645248,-20.122543,-19.264568,-18.920118,-13.9966955,-17.09946,-18.765064,-21.37487,-18.109531,-14.24171,-16.82102,-15.3802595,-16.652163,-16.710861,-23.183813,-30.948887,-24.726208,-22.026733,-25.038086,-26.255306,-28.388128,-27.084953,-20.805237,-11.62858,-9.439404,-12.119816,-13.606186,-13.162722,-14.21183,-14.553299,-14.866515,-14.671117,-13.887568,-13.012209,-12.98312,-15.448822,-9.062543,-6.518769,-6.6124325,-12.769221,-13.944057,-14.990776,-16.157299,-17.49812,-18.248598,-19.803795,-21.678333,-24.71819,-31.144125,-19.675983,-16.014309,-14.158722,-7.7862425,-7.325672,-12.4795265,-14.821768,-16.613764,-8.803297,4.1286573,12.449757,17.456404,19.60667,20.551508,18.597525,10.053101,7.8478093,8.761477,2.2180355,-2.892498,1.3076748,5.821539,2.2980855,-1.3339137,-2.4506059,-4.765664,-7.8712506,-9.153845,-9.325748,-11.146088,-6.4878035,-6.539355,-7.7105036,-6.980512,-6.4170027,-3.3117545,1.2332814,1.5431454,0.90354294,8.565792,12.426794,9.003855,4.182663,4.0253778,8.861392,14.884436,16.807877,16.71781,16.002468,10.759715,-2.8160093,-6.377502,-3.4218946,-2.9009511,-5.9059114,-5.5290985,-6.7641664,-5.7300463,8.807215,14.5501795,17.27739,17.37142,13.082016,1.5916897,-4.088811,-7.5771813,-8.910865,-6.402542,-2.7882383,-2.5095682,-2.0859392,-0.75530595,-0.20191027,1.9668345,7.1878104,10.119129,12.214032,14.747399,15.791103,16.32425,16.840189,17.035349,16.38072,15.419751,14.583692,14.374283,14.708409,14.728628,14.4333935,14.112909,13.707934,13.468439,13.104521,12.727138,13.079814,13.558148,13.656229,13.880583,14.101658,13.827978,13.670158,13.636398,13.265793,12.80662,12.889581,12.827204,12.763461,12.645072,13.161712,13.178488,13.04097,12.997298,12.949709,12.699994,12.807717,12.667616,12.666433,12.5384,12.592617,12.286538,12.095295,12.278361,12.289736,11.911427,11.687985,11.981653,12.106144,12.0003605,11.926731,11.860947,11.743764,11.784514,12.052837,12.26364,12.309874,12.52633,12.7232065,12.700001,12.540928,12.560274,12.278499,12.435742,12.504014,12.796286,12.425084,9.664683,3.7648902,1.3993734,0.35013562,-0.61922455,-0.63513094,0.12529638,0.19880883,-1.0040156,-1.9391925,-2.2945392,-4.159954,-5.00675,-4.5240316,-4.514019,-2.2363656,-2.8753443,-2.559017,-2.7594156,-2.5685287,-2.331657,-2.956684,-4.7920604,-6.295003,-6.56846,-3.7053342,-4.969223,-8.396623,-8.4598465,-8.765291,-8.910179,-8.712547,-4.62831,-2.954225,-7.744645,-10.340841,-9.962598,-11.393345,-10.045544,-8.192851,-9.669562,-7.259268,-5.450485,-8.630326,-13.42166,-14.54565,-15.410913,-17.497948,-14.81233,-12.497855,-14.358916,-14.55423,-14.663256,-15.410723,-17.734486,-20.812445,-10.02068,-4.574752,-6.7204,-14.516689,-20.564707,-24.683765,-22.092066,-13.924705,-10.661701,-4.037779,1.9276412,2.742705,1.5918041,1.5399902,1.828656,1.9494936,1.6876341,0.38922325,-1.2489984,-3.0563173,-3.958504,-2.6639078,-2.6871421,-3.231409,-5.436049,-6.9440675,-7.878141,-11.0302105,-8.63559,-10.627012,-10.302917,-13.345591,-13.651327,-6.234985,1.3745742,2.1107047,1.9150906,1.6776556,1.6732644,0.49827164,-0.26278415,-1.9313322,-2.05157,-7.017856,-17.206245,-14.972809,-2.1501317,5.6649346,4.250632,-1.0518649,-5.522127,-12.047038,-10.0463295,-6.5964723,-6.5473413,-10.973865,-10.997276,-8.361822,-9.481219,-6.8797874,-6.3320646,4.2383204,7.5665245,4.343893,-2.7817101,-6.2139015,-4.1803885,2.6266408,0.23692153,-6.081465,-4.6827803,-10.883837,-9.742204,-10.031664,-14.438061,-8.752881,2.344882,3.3726141,2.486253,1.8453751,2.939218,5.239275,5.87662,3.4334242,-4.1327734,-8.551324,-4.58195,-3.5559363,-5.2058687,-8.142985,-5.802953,-6.8081408,3.3618784,9.526599,9.942305,5.907002,5.490321,5.959816,3.7855458,3.1446996,5.6458116,12.062769,14.1596775,12.642541,9.32905,3.1503675,-2.5475607,-5.522244,-2.8910086,7.1899295,6.5373206,0.8598285,0.018620186,4.4601374,3.0913215,-9.616066,-10.202444,-14.222993,-16.94323,-14.329325,-16.99435,-15.36271,-12.028177,-18.08903,-20.773947,-15.496822,-7.3496385,-6.283265,-9.762535,-7.078987,-7.5385995,-8.939587,-11.41952,-15.991745,-13.545503,-10.069777,-13.563341,-17.39019,-18.900032,-17.088848,-9.260618,-3.2974381,-3.4157717,-6.9062924,-7.941897,-9.038106,-6.176307,-10.702751,-19.474972,-19.285593,-19.504393,-18.62027,-19.038345,-13.591158,-14.782428,-7.9824014,-3.129791,-0.2746396,2.3594365,3.2036834,2.8178954,1.9137429,-1.3429275,-10.201708,-14.927837,-17.560337,-17.418917,-17.844656,-19.443014,-20.223644,-17.447042,-15.119449,-16.685038,-18.514,-18.75807,-17.000381,-16.894314,-15.173485,-14.534883,-15.60528,-18.346693,-17.679916,-5.645314,2.8854775,4.5478764,1.0784035,-1.3237906,-4.9314065,-12.218142,-5.0930624,6.7582326,8.460831,2.7558553,-2.8005555,-5.616928,-16.02978,0.5443061,1.2668897,-4.956558,1.226887,-1.9700128,-11.775495,-8.70859,-9.121767,-12.157797,0.9995901,2.5818338,1.2690498,-2.0654287,-2.9251287,-5.5239296,-5.0354385,-5.2893667,-5.4466968,-8.178087,-12.452713,-13.96283,-13.344242,-13.183335,-12.513182,-15.729626,-16.444424,-16.02697,-21.34611,0.4806202,5.8104877,6.525941,4.3310876,2.77156,-3.6393812,-7.0807557,-4.4948425,-7.768345,-11.49343,-10.783934,-5.8708425,-7.791356,-9.984859,-12.1110525,-0.31096953,3.9582243,2.6784396,-3.5934064,-10.405647,-6.8663783,-1.0679771,-1.026359,-7.0500426,-3.725629,-3.87102,-1.4498712,-3.4421105,-9.649618,-9.134302,3.108573,9.948736,10.739632,10.211334,9.088664,5.2252502,-3.2208493,-6.007504,-6.5278006,-8.675947,-11.58307,-14.618338,-18.311264,-15.119282,-15.256775,-18.062126,-15.136904,-14.353515,-17.005999,-17.357147,-22.210594,-23.371143,-22.895508,-22.261517,-22.458523,-22.762955,-23.146685,-23.156311,-22.018147,-25.858017,-23.770458,-23.397793,-18.64041,-12.1688,-13.662077,-20.485672,-20.03189,-16.111715,-19.912317,-24.734203,-12.219478,-7.5094485,-11.896638,-16.525553,-16.284807,-20.830906,-23.868656,-20.476402,-20.107872,-12.206181,-7.9148364,-9.745512,-15.501424,-15.925039,-14.602091,-11.43553,-11.052817,-4.6858625,-3.6176143,-6.3668704,-7.4726696,-7.1566873,-7.2931957,-8.123766,-9.6482,-10.278812,-10.428945,-10.933771,-11.113353,-11.734771,-13.182844,-12.356325,-14.033611,-20.572456,-26.501139,-32.8115,-30.48998,-25.180557,-22.881353,-18.242083,-18.08322,-4.1120806,5.832843,7.6094766,4.7576647,2.9590414,1.9982182,1.5693519,2.0201654,2.9410295,2.911325,-0.016418107,-4.907983,-7.4816504,-10.4135895,-14.308976,-12.278095,-15.680484,-20.919409,-17.225746,-14.710007,-14.402592,-12.078636,-13.266526,-17.529232,-23.480602,-20.272438,-15.820121,-15.994166,-13.874582,-17.635069,-17.78792,-12.522833,-16.68413,-18.977564,-21.608074,-24.71294,-26.33106,-28.48236,-28.216927,-31.537823,-33.02318,-29.096575,-31.293123,-32.093956,-32.705513,-31.578018,-33.467564,-34.634502,-30.784725,-27.470425,-24.442776,-22.916412,-25.10365,-15.247585,-12.631046,-15.953857,-18.015722,-16.77119,-16.864012,-11.443525,-1.4696805,1.9429011,-0.6466004,-3.1628532,-6.3305063,-9.40651,-11.946639,2.1551583,12.932114,17.219978,16.847944,14.98776,12.958404,8.073095,-2.236094,-9.335907,-5.1919737,-1.9190353,-1.594987,-6.5500727,-9.490515,-8.6459465,-9.790464,-10.710691,-10.729483,-11.796905,-13.696438,-15.216082,-17.12879,-16.285313,-15.524441,-16.287058,-15.9960375,-15.33621,-15.223046,-14.264926,-17.545734,-15.574129,-15.753384,-14.539856,-13.947457,-8.623534,-9.118519,-13.589812,-19.308285,-25.064247,-23.50264,-22.479393,-13.575739,-11.339427,-16.241945,-20.666807,-20.723572,-26.102833,-25.963577,-24.98806,-10.543546,-5.8768406,-4.408759,-4.836218,-3.6542928,-4.2975874,-6.0266285,-10.679424,-15.969927,-16.798475,-14.208059,-15.048618,-17.788979,-20.432404,-19.475859,-19.286345,-20.292698,-24.009495,-25.273172,-25.934044,-28.992737,-31.760962,-30.086323,-27.985035,-26.536016,-27.694256,-27.359724,-22.666939,-12.325411,-8.17865,-11.965877,-20.452509,-22.949846,-24.701605,-22.206545,-21.898815,-23.269785,-23.60385,-21.02013,-19.353107,-19.126255,-19.690485,-27.70996,-31.703232,-8.46713,-5.3236575,-11.735583,-17.26608,-15.684814,-14.290133,-19.149462,-19.072067,-13.49451,-13.0874,-15.955311,-15.879165,-14.727479,-17.99152,-17.799316,-16.946764,-16.500164,-13.516869,-15.860697,-21.003521,-25.708927,-28.440485,-25.334932,-25.183384,-28.83604,-24.89392,-20.709557,-21.640303,-4.863026,1.1489911,7.5216556,11.261202,11.873892,11.630479,11.066293,10.900452,10.91033,9.838841,7.791441,6.1256905,3.353469,1.6824975,3.8217769,1.8860847,2.2585857,3.5220785,0.5304298,-2.1306632,-3.822621,-8.403207,-9.057456,-14.2503605,-12.338722,-17.245213,-15.222301,-16.814322,-15.420265,-15.869266,-21.908056,-21.25226,-21.77443,-19.161736,-19.913342,-18.726393,-11.74713,-10.38927,-18.071918,-17.4957,-16.84032,-16.346529,-13.519855,-17.227247,-19.949707,-15.857492,-18.862291,-19.037392,-19.193253,-17.044863,-18.770208,-19.043743,-19.133154,-19.957691,-22.892134,-18.943895,-15.513638,-18.061998,-18.329575,-9.948531,-9.388891,-13.942982,-15.200482,-20.658508,-20.724876,-21.387821,-24.42483,-26.329468,-30.491896,-28.620667,-27.807545,-17.379524,-13.658718,-19.916779,-23.731693,-26.664972,-24.95291,-13.533966,-6.077295,-6.1625714,-8.502918,-12.666589,-19.15661,-14.44202,-10.37387,-11.54675,-11.552906,-8.966063,-11.097392,-12.048931,-13.717717,-8.601455,-7.2895722,-7.4581504,-11.533928,-7.4499106,-0.49936965,-0.19342172,-7.2056417,-7.93987,-7.258249,-3.8026407,-4.1373134,-5.2401967,-6.2244425,-9.687218,-2.6337883,4.0803156,4.111822,1.1118788,-0.28459817,-2.3077528,-2.397388,-4.0193806,6.588614,16.050285,18.347315,17.130684,15.064964,10.490007,4.656782,1.9538715,-2.5326145,-5.1992207,-9.309284,-9.165757,-7.0159235,-6.246793,-7.883194,-9.603277,-9.204949,-9.541538,-9.142228,-9.016687,-16.695564,-18.522633,-18.068521,-16.372889,-9.724993,-6.551108,-12.593021,-13.987967,-13.26922,-15.050579,-12.025202,-8.500122,-8.197514,1.659357,8.775277,7.8280187,1.6310216,-4.7464685,-10.8313675,-18.208677,-14.757466,-15.4966545,-14.299562,-5.688122,-5.4739404,-5.5451202,-8.619565,-8.820127,-12.465227,-15.03559,-17.754597,-10.581159,-9.570377,-12.985635,-16.59304,-16.268131,-17.0025,-19.259853,-18.92784,-19.630875,-20.851887,-20.81173,-15.1406975,-11.374923,-17.716448,-22.694763,-22.702541,-22.958307,-22.214272,-21.092205,-23.850262,-22.257233,-23.064375,-29.474129,-26.308565,-27.576817,-28.578959,-26.286015,-28.409767,-33.48125,-35.449326,-30.4199,-30.10256,-29.917566,-23.631184,-16.90541,-16.191395,-19.322708,-26.83462,-27.503263,-25.777092,-20.47907,-12.768613,-1.1124874,4.4519334,5.800869,5.661321,5.223029,4.912265,4.3891144,3.4903054,2.5167766,1.1628891,-0.07164812,0.065897614,-0.35081184,-2.0562875,-4.1726036,-8.499477,-11.807795,-11.234186,-12.49937,-13.647375,-16.3539,-19.907116,-21.351631,-18.178743,-16.110098,-15.784786,-21.985083,-20.666367,-20.091335,-23.657928,-25.44777,-20.041088,-18.953037,-14.6701145,-17.973831,-21.569878,-19.646742,-18.277805,-17.233608,-16.985712,-18.02908,-19.773672,-21.15035,-21.849556,-17.671036,-14.105573,-15.104114,-16.767385,-11.910645,-9.816582,-13.298061,-16.06989,-8.186627
-16.662046,-22.224215,-33.99093,-33.95331,-33.42005,-36.07976,-33.403008,-28.42456,-23.617657,-17.632269,-19.284912,-12.693276,-12.390803,-14.856459,-16.021273,-16.309511,-14.907083,-18.49213,-16.05853,-13.857346,-13.807717,-13.578185,-11.59379,-12.041361,-8.787781,-5.6970506,-9.514429,-14.066023,-10.532009,-8.980015,-18.491034,-26.903315,-24.011477,-20.868378,-22.50063,-23.049835,-27.004702,-28.895622,-27.383242,-21.422234,-25.466496,-22.768724,-20.043865,-24.496471,-17.320763,-17.411686,-23.422146,-22.120523,-22.037088,-21.351936,-26.77045,-29.14272,-28.146841,-30.400066,-28.913246,-22.957117,-23.482948,-15.474521,-12.937241,-17.992245,-20.661884,-24.280125,-24.14912,-16.226116,-15.749807,-15.436429,-17.417952,-21.159348,-19.919792,-12.331038,-7.9003754,-4.599078,-6.7828093,-10.11032,-6.229742,-9.310811,-10.988511,-7.424174,-10.758443,-10.4877,-8.035576,-12.945208,-10.927587,-8.333218,-12.593013,-11.695059,-10.452181,-2.237788,8.519422,12.407724,12.863825,12.334629,11.123007,10.142525,9.149667,8.2147045,7.8615756,6.4026737,3.9117274,2.3059452,-0.83793944,-4.052805,-10.380264,-11.5662365,-13.737139,-14.109261,-14.3007555,-5.2047276,2.2068481,1.0748439,-7.987571,-12.12715,-4.4350443,9.990849,14.785854,14.136028,12.24072,11.702494,10.390653,6.440464,0.2552933,1.7682886,2.7146957,-0.7654586,-9.548579,-8.613025,-7.1143146,-8.731138,-14.009464,-17.451727,-16.468527,-15.306516,-15.393256,-16.213285,-17.674105,-14.017696,-10.353713,-4.047543,-2.0198283,-3.6893935,-6.7916203,-7.895499,-9.283073,-12.88992,-14.57882,-12.2504425,-12.447079,-15.74112,-14.64765,-11.688467,-10.069071,-9.595746,-11.267453,-17.303383,-20.08881,-5.879203,0.7262384,-2.070413,-12.613354,-15.84454,-22.711504,-20.632107,-7.1462564,2.5730681,2.6238456,-0.8627019,-8.9838705,-15.1205635,-12.25604,0.397941,5.9756727,7.423973,6.096046,3.1038177,1.0288296,-3.9674866,-8.942944,-7.149766,-6.0252705,-8.273448,-11.303665,-12.026648,-10.966341,-10.027299,-10.954859,-11.125007,-9.922573,-8.490349,-13.147766,-12.960241,-13.482645,-13.680954,-13.350977,-16.4761,-6.6420646,4.0520077,7.7071805,7.9015517,7.306801,6.338697,5.30564,4.2504697,3.1795642,3.4563522,1.8390208,-5.0228314,-4.572445,-4.19271,-4.4637375,-5.46248,-5.503154,-5.0263143,-7.8308506,-14.034233,-17.687456,-20.229668,-21.209717,-15.902262,-11.181627,-7.0872016,-5.829588,-4.8727207,-6.2108316,-8.280475,-8.398844,-9.086147,-9.8704605,-10.551695,-11.84116,-13.231644,-11.574806,-12.994503,-15.650934,-16.475998,-13.861389,-2.1383243,5.062913,4.830133,1.3626474,0.81966186,1.4713283,1.2482772,0.07310856,-2.609663,-2.0462618,-2.0488138,-4.381926,-8.651212,-12.997503,-15.318718,-15.810377,-11.498835,-15.329919,-15.369688,-14.613989,-14.948637,-15.111932,-16.740913,-15.674209,-14.4104185,-12.799835,-13.036461,-17.906887,-15.253472,-17.46782,-24.905193,-26.986448,-16.099827,-9.936397,-10.62313,-10.024358,-11.958281,-8.993285,-7.5059376,-7.610489,-6.602295,-5.91607,-5.807275,-5.663911,-6.112501,-6.5407844,-7.4546537,-9.426273,-8.022389,-8.123173,-9.428694,-10.158986,-12.183702,-16.18137,-23.415379,-23.239716,-25.739002,-23.339308,-14.466698,-9.7710285,-6.7724376,0.5055584,1.5410261,-0.6812538,-1.8951197,-4.093035,-6.874276,-7.875419,-7.008342,-6.977146,-8.927159,-13.96892,-19.31554,-16.101086,-16.920372,-15.182404,-13.173157,-11.845047,-8.720426,-10.56625,-13.4620285,-12.42312,-4.496813,-1.337455,1.5718728,5.4964967,8.169683,10.011452,6.3013716,12.100363,17.844984,18.709621,17.717922,16.293337,10.417501,1.3233461,-2.969205,-4.5336304,-5.890893,-5.8227563,-2.7183697,0.3029886,-1.772599,-8.635317,-13.704997,-8.694764,-8.555586,-2.6009445,-0.054547902,-1.4559214,-2.9533048,-0.6073688,9.996918,15.341731,17.971485,18.638885,18.188873,16.571247,12.587099,4.8821683,-1.3612872,3.5533056,2.4329357,-3.509078,-7.9904656,-7.188141,-1.3738248,-2.775459,-9.051748,-8.004182,-4.667091,1.8162316,2.3612072,2.8292508,1.9981842,-1.4689245,-6.596697,-14.865794,-16.240911,-11.456137,-8.720644,-10.709315,-8.797773,1.6925882,6.3236814,6.250581,2.5630138,-4.89169,-10.197214,-7.8846874,-9.046945,-5.364937,-1.6968842,-3.2600572,-3.8360329,-7.4974775,-9.766565,-16.447481,-12.747035,-7.9996543,-8.849986,-8.9517355,-8.512088,-8.951948,-10.576736,-11.500087,-11.411432,-7.572277,-6.4050474,-6.7372103,-6.6047597,-6.9382644,-8.012628,-8.413898,-7.58045,-6.616583,-8.03264,-6.6912136,-7.0958467,-3.4392178,-2.9551113,-2.7353888,-3.7968185,-5.7155375,-6.5497723,-2.9248514,0.18881576,0.10243702,-4.6561475,-6.6129255,-4.9845843,-4.4579334,-5.401163,-4.443451,-5.063566,-6.8015757,-8.197462,-9.265758,-7.915578,-8.224722,-8.506924,-9.387972,-9.847091,-8.831073,-8.315723,-7.586447,-7.251406,-7.045574,-6.3338065,-5.9067307,-4.574224,-6.278725,-5.44663,-7.564533,-5.7894235,-7.05857,-8.411712,-5.1465364,-2.4369528,-11.590443,-16.240952,-16.44293,-21.080986,-19.052216,-17.287748,-17.793568,-22.122044,-22.87984,-16.762033,-16.605831,-16.288334,-19.061188,-22.211292,-7.533676,-3.1851597,-4.8095765,-7.1156387,-9.453236,-9.078548,-8.687505,-10.270575,-12.474834,-14.691762,-12.102758,-9.823426,-13.796802,-14.518425,-17.102177,-17.386919,-15.253539,-8.655193,-9.764351,-14.70133,-17.706976,-18.558369,-18.916424,-19.364925,-13.8627825,-3.2859707,3.8380165,4.6344886,1.2767107,-4.171982,-15.177435,-15.811459,-11.470631,-7.228226,-7.736595,-8.596561,-9.145855,-10.935054,-15.52905,-21.56504,-23.529129,-12.28909,-7.374983,-5.434873,-9.868442,-21.522524,-25.438076,-20.673912,-20.022331,-19.496967,-13.992266,-8.964273,-10.331011,-10.412518,-8.366443,-10.060135,-10.164889,-9.280595,-11.282588,-14.007815,-17.136202,-20.097256,-18.32375,-16.085924,-14.881256,-14.674242,-12.292753,-7.7425947,-9.31867,-10.6484585,-18.164766,-20.543383,-18.066404,-14.826799,-5.6289587,-5.3118057,-6.0087605,-4.269122,-8.287313,-8.917988,-7.28434,-10.479448,-15.22389,-14.323843,-17.645693,-21.194859,-20.101698,0.5316443,9.428092,12.234086,12.319117,11.391098,9.568781,8.716585,8.811912,8.43567,5.801062,4.415906,5.924044,4.137671,-2.0747192,2.2288408,6.9686556,5.585036,5.196988,4.1336613,-2.572317,0.42544127,-0.39548397,-6.3975344,-6.0017943,-3.9535701,-9.381111,-14.019784,-8.728717,-8.560204,-2.4309273,5.3727508,7.2732763,8.034797,7.846918,6.752527,3.5602677,-0.0684897,-2.914876,-14.44973,-16.519339,-9.963624,-9.505877,-11.991058,-14.363908,-10.196029,-8.62344,-7.0876884,-6.8910813,-6.9162207,-0.90134966,5.1600795,9.427921,11.466107,11.089238,7.6565337,1.2601458,-2.4212618,-7.54681,-7.735,-9.179094,-8.201142,-7.441507,-6.1839333,5.5652,7.291272,5.2840357,8.301527,8.828834,5.936849,-2.8724117,-4.1152544,-4.9056616,-9.540811,-11.020612,-10.112285,-12.662549,-13.8467865,-17.343899,-15.042597,-4.2967577,-0.69570494,-3.1516054,-0.5083838,5.0525465,6.820503,5.3635445,0.1920445,-7.6475787,-3.5812316,-2.0085068,-4.8634014,-3.0354075,-3.9139833,-3.2187395,1.2273494,4.936524,6.7028875,6.3393326,3.4074264,-2.095807,-7.894862,-11.99778,-13.046819,-11.6540575,-14.148737,-17.457483,-14.491314,-11.0383215,-14.946285,-23.953838,-21.266808,-21.676952,-15.313242,-10.566157,-8.013073,-4.3970995,-3.7636156,-4.0069156,-4.0025535,-5.342126,-5.7246733,-6.051147,-6.4474583,-6.5372415,-6.173842,-6.0832887,-6.850247,-6.9031897,-6.968129,-7.484206,-8.413965,-9.091728,-9.340712,-9.28259,-9.948664,-10.524622,-8.768796,-8.138298,-8.546394,-7.4732943,-2.209636,0.20154533,-2.8908525,-1.5066633,8.918884,14.538821,15.998664,14.657736,14.963324,15.787506,14.111849,6.7852354,-0.09370336,-3.6794627,-6.6067452,-5.1688313,-4.785706,-6.802738,-8.749489,4.704819,11.78258,12.167719,10.468593,9.835459,7.21315,5.7458477,7.4389563,7.9569983,6.328309,-1.057488,-6.2252054,-2.7102814,-2.1593692,-4.8910613,-9.119946,-5.881007,-6.019969,-12.288661,2.6717186,13.817119,16.52222,14.214534,10.555119,8.063775,8.086025,8.958768,7.3260455,4.949891,5.6572304,6.933524,4.0010257,-1.738001,-5.783721,1.3164561,3.5887516,5.504477,5.737676,-1.476037,-3.976561,-2.1579728,-2.2336657,-7.8490353,0.07569441,5.4195204,6.6835403,2.7568676,-4.991353,-8.95889,-5.0818543,-2.1492743,-2.8105786,-5.698879,-6.2549467,-6.999384,-10.414676,-9.763147,-7.8403544,-9.916539,-8.195783,-7.476769,-7.8772764,-11.138292,-14.563845,-12.042517,-7.888982,-6.6263714,-6.910336,-8.375069,-11.938513,-17.207699,-21.0354,-14.608322,-11.138914,-9.774753,-9.476596,-10.501015,-11.853075,-15.162443,-16.58937,-13.6769495,-8.958887,-2.0326595,-0.2358881,-3.447855,-9.268554,-15.514813,-15.073786,-15.392355,-13.321752,-14.597807,-14.656392,-16.74375,-15.981017,-17.701977,-22.885492,-16.47702,-10.699656,-5.2511926,-2.4984283,-3.9283962,-4.8005958,-5.292493,-6.2451916,-5.5775137,-9.309708,-10.068619,-12.17408,-16.882303,-14.444471,-14.077372,-13.849047,-15.119276,-19.131176,-18.788048,-18.434582,-19.261667,-20.80281,-22.36949,-28.094635,-14.756992,-10.732563,-11.659075,-17.419926,-24.525682,-24.763523,-29.651321,-23.677242,-19.101583,-18.133083,-11.363667,-4.599467,-6.7652125,-13.481508,-13.596641,-13.198706,-12.760612,-13.217098,-13.159327,-12.979252,-12.969341,-18.36674,-29.314882,-24.790508,-25.163975,-19.960773,-22.823755,-22.00772,-17.891043,-18.858212,-20.666018,-25.223492,-26.853617,-26.49659,-22.162937,-18.007933,-18.43502,-18.304644,-13.831444,-17.781555,-17.41984,-14.026312,-17.398594,-23.145405,-29.198854,-25.051815,-22.162836,-22.830055,-26.197674,-33.406853,-31.633818,-29.410797,-32.34845,-31.882341,-32.765465,-33.821198,-35.644424,-30.600506,-29.118084,-23.909111,-17.72082,-13.764566,-12.74103,-8.417819,-6.9345613,-12.1254835,-13.37563,-10.898214,-14.728176,-14.641279,-7.3359485,-8.818692,-16.79453,-21.628944,-16.819693,-15.491382,-11.040262,-3.6435447,-2.1995168,-0.65830296,-3.669249,-10.890102,-6.4620104,-8.903321,-5.941291,-1.7366046,-4.6969633,-3.9313517,-0.6133687,1.5459785,1.8711138,-1.0191823,-8.143927,-6.979911,-1.9736637,-0.54066056,-0.5249212,-2.2606845,-7.677958,-8.137659,-3.465009,-1.8373923,-1.6999085,-3.0890062,-7.778288,-12.568724,-7.381663,-4.458246,-2.8532956,-1.7213697,-2.632492,-5.846498,-8.829888,-7.8234105,-14.027872,-17.726522,-14.074562,-15.275212,-17.69433,-18.260578,-23.720585,-27.829407,-24.499054,-21.14108,-20.97761,-21.576698,-20.462324,-20.605862,-10.508219,-1.7704158,-0.4419479,-3.3210895,-3.9289548,-5.306461,-6.2422066,-6.1069202,-8.379147,-11.063079,-10.000161,-10.793852,-11.43573,-12.4884405,-12.749796,-14.854136,-17.147034,-17.92762,-18.957022,-21.376627,-20.716703,-19.098919,-18.219397,-18.321825,-18.181652,-17.441551,-14.269821,-15.428486,-11.961794,-11.482797,-12.218128,-13.504639,-14.138251,-13.640169,-12.69711,-12.310061,-11.704124,-12.735362,-17.882744,-20.861095,-23.844612,-25.256886,-18.450426,-18.958265,-17.723583,-15.803832,-15.234193,-13.809171,-16.723732,-14.366017,-8.693246,-9.163097,-14.627455,-15.668759,-17.001131,-18.498434,-15.657026,-17.302519,-10.234724,-7.8893094,-11.849252,-15.921222,-25.033262,-31.15753,-29.456024,-28.068142,-23.485111,-21.998299,-18.430927,-22.1807,-10.694395,-1.8564879,-3.8781383,-12.838044,-2.9494774,9.21532,13.790101,15.282601,15.3716545,13.25698,10.031065,5.437583,2.324427,-6.0750103,-5.2414417,-3.9023943,-1.9191117,1.2590343,-3.3524365,-11.101689,-12.9084635,-11.851261,-13.209908,-14.292703,-11.179543,-13.990012,-16.496592,-12.226687,-13.392291,-23.649511,-21.139906,-21.78991,-22.867134,-18.677725,-18.074162,-14.10797,-7.970982,-6.184177,-10.126105,-9.22105,-10.069893,-10.013998,-8.268136,-12.454716,-15.140627,-11.986156,-14.827763,-11.904441,-11.312965,-14.178251,-12.324116,-14.874071,-12.305989,-11.354343,-16.631603,-22.577227,-19.805187,-17.777683,-11.1589,-4.3871036,-4.2948904,-9.102379,-11.372618,-13.137772,-12.230104,-9.406423,-13.17932,-20.205278,-21.841057,-22.03487,-20.575413,-6.939058,-3.9883301,-9.970423,-18.25063,-21.635475,-31.63116,-12.756092,-3.033338,-2.8883743,-1.2962475,-4.067647,-6.6586094,-6.2058425,-3.0542068,0.062225632,0.18193406,1.0036159,0.45025033,-0.81851685,-2.8424146,-5.204468,0.9068999,1.7208798,-2.5838299,-3.0830393,5.3026237,7.409139,4.97405,5.2135253,5.8365946,6.7943316,6.4499526,2.3797474,-2.5619392,-3.719327,0.77752256,4.023426,8.636035,11.033512,8.910324,6.2254105,5.039637,2.044779,-0.53232414,2.4236603,0.915125,-4.425024,-4.093909,-2.0676599,-3.1159008,-3.759305,-5.3589373,-5.273694,-3.86198,-3.2964382,-8.00052,-9.424135,-8.260127,-8.833508,-7.5587482,-8.922184,-9.146155,-15.915456,-21.544235,-24.332191,-26.317009,-24.752441,-21.738546,-16.827166,-18.462994,-22.078392,-18.91193,-19.87313,-11.367407,-1.6474147,0.94345546,8.558067,16.06926,18.087227,17.428959,13.521103,10.268859,2.1849408,-7.843601,-7.5861187,-7.264993,-5.5542355,-3.3362937,-3.1268473,-8.559598,-12.6303,-9.451252,-8.29348,-9.571473,-5.8106976,-5.4603148,-7.8536053,-7.8636065,-14.277433,-17.443926,-14.138579,-11.687231,-11.541385,-10.485291,-10.916431,-10.152763,-11.176479,-18.50103,-19.081003,-13.57573,-14.305053,-18.825783,-15.838929,-12.506632,-17.424725,-17.876358,-14.862332,-17.300594,-18.715414,-20.484602,-17.790688,-21.04849,-23.652458,-19.556463,-21.947496,-24.86343,-18.17304,-17.918818,-17.509184,-12.161341,-15.523429,-20.614567,-20.472805,-20.54808,-20.249083,-13.607993,-12.916221,-13.472204,-16.660597,-17.937561,-18.505049,-14.328836,-14.153658,-18.152302,-18.279621,-22.690323,-23.027863,-19.17172,-20.49431,-25.837355,-22.770363,-18.668085,-17.42286,-16.64075,-15.447125,-15.685274,-14.743992,-13.703552,-12.395364,-9.453015,-9.312046,-7.0731134,-7.243075,-7.625651,-9.047967,-11.271845,-13.2841625,-15.024355,-14.186381,-12.674734,-14.048757,-13.545811,-10.716091,-9.048701,-7.797781,-7.288912,-7.5911913,-9.102142,-11.137531,-13.098508,-11.826238,-8.434998,-13.202299,-15.495702,-6.295454,-1.6213953,-6.2744493,-11.287996,-5.7451587
-23.36569,-24.945744,-28.45459,-31.982166,-31.580551,-28.893543,-31.351727,-30.988373,-23.50256,-13.687259,-14.318436,-11.094671,-6.2241373,-8.036646,-5.3387756,-6.1742134,-12.448052,-11.512182,-9.912165,-6.9610653,-8.429264,-6.154126,-4.548575,-7.3595343,-4.726587,4.3761396,4.5284185,0.11651576,-2.9816442,-7.308449,-8.101016,-6.532788,-6.9337683,-7.531781,-8.739254,-7.598698,-7.3747597,-7.741518,-7.131053,-5.3482,-6.369037,-8.3671,-9.580773,-9.554191,-9.149996,-10.149654,-18.351246,-12.734437,-9.251927,-7.0610385,-5.385167,-4.96278,-5.6416945,-6.571375,-7.0741854,-7.1933417,-7.7399774,-6.0177417,-5.777195,-10.226851,-14.042833,-18.038866,-19.673027,-18.034046,-14.505665,-17.116497,-22.013416,-24.477516,-22.784653,-15.032029,-10.059837,-6.5962954,-5.4235983,-6.023226,-7.739418,-8.810868,-9.359686,-9.245912,-9.525837,-9.637154,-8.956788,-10.0399885,-10.109549,-11.235882,-12.615466,-13.8729105,-14.453362,-2.7716193,6.0955276,7.1760454,6.6778045,5.640732,4.936554,3.6396794,2.2267225,2.6037228,2.3024247,1.4877367,0.21549314,-1.4412159,-4.026937,1.407087,3.5248492,-1.7055056,-14.33609,-11.860266,-12.552931,-0.045731157,3.3512044,2.8627815,0.5494509,-10.881356,-5.0368767,9.044881,11.365272,8.30918,5.8700233,5.4833584,5.0977745,1.8291988,-6.5584607,-3.8276384,-0.9705392,-5.257847,-11.028672,-8.027557,-11.044432,-13.612558,-19.473322,-18.541462,-16.464897,-18.438786,-19.161112,-18.375809,-22.339174,-17.186663,-13.467504,-8.518922,-6.1688375,-9.5868225,-12.810162,-14.255156,-15.797807,-14.146377,-13.156054,-16.358131,-15.911133,-18.501041,-18.160202,-15.811776,-16.254503,-15.531817,-15.446758,-19.805828,-19.41995,-1.6256256,3.6075053,0.8682236,-4.111432,-15.356085,-17.602755,-12.745013,-3.2175555,5.954135,5.0896397,1.033875,-4.431718,-9.26091,-9.10056,-1.3298535,1.2840527,3.1077454,1.7319002,-2.9066844,-9.593891,-8.088976,-9.527834,-11.145681,-9.851278,-9.486195,-12.079104,-15.153693,-13.793362,-13.729572,-12.973467,-13.02972,-9.278751,-12.362829,-14.065534,-14.875649,-16.503431,-16.851252,-15.175596,-18.558613,-7.274372,1.1556491,1.8421957,1.6119868,1.0892854,-0.107026815,-0.7877172,-1.0869788,-0.93725026,4.0423098,2.620516,-9.138173,-8.225582,-8.924113,-9.73447,-9.907044,-9.629559,-7.5153055,-7.98954,-12.771474,-15.887202,-16.988886,-19.021605,-15.991116,-12.639046,-13.382745,-10.477173,-10.610336,-12.672615,-14.991641,-14.796755,-16.313192,-17.348179,-15.224151,-11.509591,-16.483667,-18.25024,-18.940342,-20.303604,-22.340023,-17.863468,-2.5170436,2.6815715,-0.9690845,-5.3301067,-5.8121758,-4.575199,-4.8453054,-4.5776453,0.30028582,3.290341,0.037144966,-1.3417388,-0.98548734,-7.083665,-14.171749,-11.860533,-7.7239842,-13.774832,-22.379934,-22.211727,-20.956743,-17.026516,-17.329655,-18.759396,-16.998333,-11.754265,-13.8430195,-17.70572,-22.139214,-27.329844,-28.0637,-30.044596,-19.88176,-10.8899355,-10.6650505,-15.236178,-17.72372,-11.566218,-8.519634,-8.302645,-8.191874,-7.735387,-7.9633865,-7.9660406,-7.935712,-8.279798,-9.183603,-10.863417,-7.2853,-8.653077,-11.685077,-11.705565,-13.023348,-16.540468,-16.887276,-15.24033,-21.58241,-22.409569,-19.173693,-12.109719,-5.571315,-1.8283405,-4.944435,-6.5795355,-6.9937105,-9.648947,-14.307012,-14.825943,-12.875708,-11.664196,-13.029806,-17.509478,-22.451836,-21.891247,-24.173138,-21.486183,-18.450085,-13.091368,-14.467785,-16.040823,-19.970604,-15.478949,-10.297699,-12.631236,-21.617308,-17.967173,-15.060388,-14.89194,-2.6474051,8.568981,12.636475,16.732105,18.403585,18.020775,13.528442,3.6912441,-1.2669677,-0.32189128,-5.5126185,-4.8830934,-2.2732368,5.966621,9.138609,5.4000435,-0.21089858,-0.8910209,-0.21944425,0.95393264,-0.5864841,-2.0671299,-3.6478753,-4.381991,1.9046357,5.008609,12.047741,14.229116,13.757151,11.720591,4.0748734,-3.1123796,-7.1719856,-8.936813,-7.292326,-9.460474,-12.469234,-10.760808,-9.475788,-10.353998,-13.582891,-12.467412,-8.368834,-5.0296903,-3.9081573,-2.8606563,-3.9965491,-8.816738,-8.093725,-11.485506,-13.368712,-9.607039,-7.263899,-6.1194534,-5.815823,-3.296938,1.3205223,0.94913244,-0.063662335,-3.1994417,-8.147948,-9.630066,-10.71315,-8.224261,2.3444626,4.050526,0.6149093,-3.1029754,-7.7804546,-12.972521,-10.497861,-9.701616,-12.180352,-9.431446,-5.7810826,-4.570308,-6.888838,-10.343585,-14.566401,-12.478975,-8.289294,-9.473188,-12.269374,-12.055862,-9.815516,-8.515226,-10.2699585,-10.531329,-8.476616,-9.356487,-9.19706,-7.970267,-7.5224586,-8.461569,-9.401496,-9.431203,-4.387954,-2.5333652,-0.98914707,-1.2684474,-0.96919715,-0.28931904,-2.2992043,-5.2119136,-8.490599,-6.119199,-3.847262,-3.754597,-5.1146674,-8.873697,-15.359846,-11.724248,-7.4023113,-7.8680334,-12.226004,-15.5710125,-15.273006,-14.020428,-13.323908,-13.485554,-13.128227,-16.384012,-11.975096,-9.044295,-9.034834,-9.101224,-8.212679,-8.000195,-8.414685,-9.600372,-12.03679,-13.426648,-12.274906,-15.190444,-17.96777,-18.20888,-16.520016,-16.795177,-20.401405,-27.196892,-27.549454,-27.529325,-23.782017,-21.86782,-20.441525,-11.082117,-7.606413,-6.210244,-5.45829,-7.139105,-7.408743,-6.3442125,-7.31137,-7.983717,-7.8089786,-5.8180275,-8.931474,-4.052433,-2.0879512,-5.942283,-7.5761867,-5.275411,1.3433785,1.4319409,-4.931535,-10.862797,-12.682051,-12.459038,-11.335025,-11.385195,-5.9103727,0.39027914,-1.0899655,-4.26918,-7.392745,-11.827985,-13.761643,-12.421304,-8.453411,-6.2257476,-12.596983,-13.19976,-14.358916,-16.295921,-22.273655,-26.831036,-11.807196,-7.138729,-9.658111,-15.353853,-21.543072,-25.109123,-23.285,-22.01027,-21.599487,-11.929808,-7.548716,-10.664551,-13.646928,-11.210675,-11.794301,-11.761745,-14.851337,-16.617676,-18.487494,-22.99328,-23.425167,-21.230146,-20.33942,-19.26744,-21.480213,-11.653385,-3.212242,-5.380965,-17.464214,-23.674881,-25.092657,-22.545118,-14.416664,-10.18487,-10.961579,-12.019902,-10.024075,-13.740021,-16.248087,-11.900592,-12.456848,-23.048481,-22.291904,-23.779491,-18.18108,-16.19981,-4.0719028,0.4398119,4.766514,7.167385,8.215593,7.4014444,5.624128,4.395074,4.730544,3.796953,0.43487084,2.31568,3.5461688,0.9187723,-1.4609498,-0.24367152,-3.6584818,2.4098487,5.190322,0.019554693,-5.902124,-9.412123,-12.410122,-8.429585,-4.8825026,-10.287808,-13.280921,-13.319592,-12.467413,-7.828421,-2.0963123,-4.3786483,-3.176857,-3.1873133,-4.8769436,-5.881846,-7.890341,-14.447908,-18.870941,-21.570108,-14.605466,-13.600908,-19.0465,-19.082226,-18.365864,-16.103512,-12.720667,-11.872207,-17.223513,-10.2361145,-6.440639,-1.5779866,3.0240428,3.805406,1.5710053,0.046172917,-7.0515575,-13.464059,-15.768526,-16.40369,-15.698018,-14.4454155,-9.805934,-2.3186076,0.6257919,-0.48877645,1.2669557,-1.5903784,-1.9616914,-7.5200105,-8.656929,-9.739207,-11.666428,-12.69161,-14.885979,-18.216518,-17.57383,-16.983562,-12.751523,-7.0523953,-4.554045,-11.504487,-6.40359,0.4324931,2.6457498,1.9532948,-3.3115032,-11.617841,-5.875221,-5.5698247,-5.2201433,-3.4164784,-4.8688827,-7.5055275,-5.1631694,-3.462745,0.22348753,1.5685852,-0.88903636,-5.57643,-13.482668,-21.861813,-19.03851,-14.226797,-18.967106,-23.821524,-16.509575,-15.5833,-18.669622,-22.182343,-24.656319,-25.37811,-22.77212,-21.065493,-14.021692,-7.9529243,-8.536194,-9.600953,-9.626395,-10.528629,-10.905452,-11.295847,-11.346443,-10.950153,-10.9198,-11.268881,-12.38126,-11.650959,-11.868618,-13.490544,-14.33103,-14.526826,-14.396784,-14.487529,-15.65472,-15.226035,-13.2860565,-13.843516,-11.039495,-6.5640635,-6.771217,-6.747784,-8.227212,-7.029779,-0.43759882,7.302619,13.292676,16.54758,17.623045,17.210165,15.510173,10.628902,1.8162261,-4.79646,-5.658154,-8.736574,-8.983114,-11.047253,-14.50389,2.7981079,9.799683,7.1718745,4.691052,4.990672,2.3171272,-1.1388476,3.5864005,7.2180185,10.918113,5.3495226,-6.092978,-3.5642672,-3.9605653,-4.091651,3.2170744,4.007235,-3.5624819,-12.283268,1.746816,12.644424,12.676735,7.4059277,4.7884245,6.7666874,6.022799,5.974869,3.3455129,1.2280409,1.6987333,4.5980716,3.1884906,-1.5891857,-4.4566526,-7.472754,-3.9162936,2.5293345,3.5415902,-2.1650603,-7.1860976,-11.139915,-8.691628,-9.378901,0.8432652,3.6620708,2.8726578,-4.1985865,-8.2357435,-10.658348,-9.76588,-7.4722815,-6.2170167,-6.3960648,-8.678976,-8.567517,-10.346746,-15.15214,-14.050463,-17.207146,-12.946729,-11.051278,-12.299311,-16.209543,-20.018642,-15.796963,-12.79786,-11.381491,-12.321922,-12.916546,-14.273842,-18.527916,-21.62698,-19.052948,-15.6982,-14.218252,-14.099659,-15.665268,-16.736643,-16.916965,-17.720491,-16.735615,-8.687179,-2.6225972,-2.6347132,-5.396898,-10.027132,-16.009268,-21.380627,-22.818754,-19.023417,-17.627228,-19.242374,-19.097616,-19.110434,-21.63233,-25.359177,-12.086525,-8.582061,-7.2963357,-7.2020383,-7.500866,-8.183144,-7.7276063,-10.144019,-11.110803,-13.329565,-14.640476,-13.013545,-13.383343,-11.753263,-11.463276,-11.56604,-12.809208,-13.065264,-13.141167,-13.193958,-13.525666,-13.731936,-14.127363,-15.149273,-12.460551,-11.77032,-11.215125,-7.938351,-6.8355627,-7.8102846,-12.779727,-14.939433,-15.428633,-15.199227,-16.02523,-15.908558,-20.11789,-17.33023,-21.01995,-21.333963,-21.148767,-22.904694,-23.601732,-23.730993,-22.747658,-25.643055,-25.750196,-25.246628,-24.94289,-17.620747,-19.30674,-20.057404,-14.377494,-15.438374,-22.924864,-25.541672,-28.832561,-30.395555,-25.713531,-20.497898,-18.659367,-15.132384,-16.357355,-22.961397,-24.606121,-20.002954,-24.126152,-31.961164,-31.620922,-30.914845,-30.804071,-32.231236,-37.406513,-40.25441,-37.939217,-37.8656,-41.600525,-40.792843,-32.697105,-31.976357,-30.684216,-23.918633,-22.024395,-19.495865,-15.659776,-14.475483,-13.725232,-13.388177,-13.656713,-18.410725,-19.462746,-19.508202,-22.126194,-15.785831,-8.112094,-8.373285,-12.346391,-22.733559,-25.53397,-17.15346,-7.5869675,-0.89594495,-4.1281533,-11.906571,-9.541056,-9.409602,-10.311421,-9.386998,-1.8647411,-1.5985435,-6.737144,-7.3902397,-7.5262833,-2.2523727,-1.7093482,-5.0403504,-9.673734,-7.525028,-4.9312153,-4.9249473,-5.2059927,-5.697174,-8.4460745,-9.171985,-7.0781746,-6.267206,-6.394548,-6.888823,-10.570242,-10.317507,-10.702612,-9.863964,-7.767335,-6.1869836,-6.855226,-6.055395,-5.6076484,-10.543484,-17.857712,-17.85012,-15.849592,-16.573286,-21.310556,-28.031788,-28.406984,-30.262436,-25.62437,-25.6431,-26.824776,-24.285671,-23.206503,-29.588116,-16.19392,-7.97243,-6.550047,-8.930559,-9.8611965,-11.096111,-12.243183,-10.64046,-11.011104,-10.938684,-10.150834,-13.2820215,-18.000366,-19.398567,-20.150091,-21.871405,-24.38089,-24.943592,-23.399086,-26.602577,-27.026371,-26.59252,-24.980877,-24.72413,-25.544928,-20.247868,-8.621253,-7.5305653,-12.586243,-16.450226,-15.459246,-16.071133,-18.379446,-19.043964,-17.63646,-17.86804,-17.936375,-21.36691,-22.155931,-26.029594,-27.240551,-26.675947,-24.956326,-16.960934,-15.873843,-21.591202,-19.286497,-15.233004,-14.889349,-12.516046,-5.9693546,-3.646552,-9.336859,-20.0268,-18.464893,-18.354876,-16.090849,-10.280372,-4.301814,1.3999574,1.7579143,-3.1149623,-7.591772,-8.30887,-6.546606,-5.359545,-6.961973,-12.55691,-12.700327,-14.318942,-14.086088,-7.951213,-10.868715,-10.078766,-7.7645926,-2.9611268,0.50012964,2.6158433,3.2700381,4.7532387,10.99009,14.813552,14.77327,12.226478,10.173516,8.942883,12.112698,13.159499,7.6951118,-0.016334958,-3.4031672,-6.4052353,-10.614229,-16.094639,-10.827566,-10.367037,-12.833374,-7.440503,-9.084665,-13.426923,-10.777545,-10.134134,-13.0376425,-9.695226,-9.858207,-10.034318,-11.56701,-12.912316,-13.004428,-13.411142,-13.758077,-9.756243,-8.668629,-9.046564,-12.19901,-15.06763,-14.174601,-14.830409,-14.16706,-14.177782,-15.278827,-15.361194,-17.00591,-15.979886,-19.255907,-18.492924,-12.06015,-8.864302,-6.681845,-2.1459339,-1.2461795,-2.5177627,-3.4084284,-7.095368,-0.90080297,3.376987,-1.721957,-7.605115,-8.838417,-6.276927,-5.8770123,-1.6258674,-0.6651589,-2.3203607,-7.101062,-9.295698,-10.61894,-8.062671,2.3830507,3.6272562,-2.9949803,-5.121925,-9.590466,-7.811351,-4.0901737,-0.032154698,-3.197954,-5.430643,-6.03611,-7.381588,-8.31707,-4.749987,-0.5818532,-3.2354977,-4.1232142,-4.708658,2.6861594,4.1586595,0.71117413,0.15926583,0.19472882,-0.034616407,5.9567647,12.077108,11.893567,6.8874245,-0.12280793,-4.071355,3.1827571,7.36989,4.3597536,-1.5141354,-3.0820212,-5.763789,-7.6896615,-4.2386184,-3.037302,-5.867861,-7.8645525,-6.6180935,-8.969797,-9.2986355,-12.203141,-12.423316,-5.560169,-1.7706959,-1.8681495,-3.326449,-4.7970667,-3.7207546,-4.108832,-3.1152675,-6.1656313,-8.858247,-10.343652,-14.834157,-18.348774,-21.927654,-20.204872,-14.248512,-18.088196,-26.258785,-23.432673,-24.524824,-12.573372,-3.7158146,-4.4233103,6.01104,11.047937,14.015492,21.141184,24.20448,22.589882,14.9081335,10.630377,4.8468933,1.9324244,2.3124924,-0.97660214,-6.0485287,-6.0386553,-1.283912,-1.0253103,-7.6778264,-1.0769598,2.6191392,-2.325781,-1.5147231,-0.014694669,-6.374668,-10.476263,-6.041298,-7.519251,-10.866127,-5.605993,-2.1687517,-2.5176349,-6.883539,-8.42559,-8.321011,-11.837463,-9.275636,-10.505669,-7.793589,-5.715356,-6.424281,-1.1944166,-2.0726583,-8.340271,-11.588329,-11.816196,-13.908696,-12.080732,-9.420522,-8.293696,-5.4642563,-8.652949,-6.779155,-5.7742686,-9.358361,-7.492247,-5.463858,-7.1457624,-6.1669307,-7.0664024,-10.203888,-12.253547,-8.915906,-7.12522,-5.6251645,-6.019998,-4.763467,-1.2187161,-1.2811162,-4.923217,-9.595262,-13.052729,-19.161512,-19.253029,-21.723198,-26.344421,-20.17817,-17.348482,-21.853882,-21.763721,-21.54309,-19.530384,-20.834017,-20.602856,-19.09637,-11.37149,-6.575989,-6.0412903,-8.125948,-9.708591,-6.951155,-5.5407553,-4.2739353,-4.450255,-5.2102976,-8.712313,-16.518898,-13.697176,-8.448126,-6.440687,-5.800041,-6.6143923,-8.376606,-11.419035,-15.515392,-16.033327,-8.165095,-2.5201652,-6.2977915,-10.236616,-7.556778,0.21283641,-2.8184807,-9.539916,-6.4936657
-17.411274,-18.214918,-23.79546,-34.13345,-35.812435,-27.700682,-27.59591,-23.678772,-20.73797,-15.192501,-14.679913,-14.136272,-10.312401,-8.250605,-5.039931,-4.3402214,-8.779755,-8.985005,-10.510668,-8.451339,-7.218506,-4.379811,-4.0216823,-4.0453415,-2.466235,3.7950783,5.1718273,3.0434856,-0.7563198,-1.9014276,-2.2445107,-1.6697435,-2.000825,-2.560812,-2.4193547,-2.7026143,-2.3186932,-2.4486308,-2.3441627,-1.195791,-3.4026265,-5.5741425,-6.8658333,-7.2600365,-8.245127,-8.724283,-12.024165,-10.608149,-6.071101,-3.2952962,-2.0758584,-2.3502417,-1.8803357,-2.3040693,-2.631701,-2.8976357,-3.3240082,-2.9068975,-2.505433,-5.765261,-9.257798,-10.792627,-14.383048,-14.767503,-15.719212,-13.12189,-17.17692,-21.134233,-22.060127,-19.205359,-9.802827,-3.6815305,-2.2966275,-2.329154,-4.059389,-5.530055,-5.6899686,-5.9106665,-5.878665,-6.029184,-6.3611174,-7.0450807,-7.468499,-8.050425,-9.082366,-10.803739,-10.794228,-10.714754,-9.8655615,-8.037359,-7.4132547,-8.917381,-13.122468,-16.516891,-17.090202,-14.956313,-19.19218,-16.363916,-17.038486,-22.720547,-9.734359,0.87167495,3.0358694,-2.4918625,-13.11562,-14.527527,-8.814628,0.021493686,-0.5008039,0.5737685,-2.1024122,-13.319748,-11.612118,-2.9796524,-0.43291745,-5.1741033,-12.92226,-17.87725,-13.226829,-16.2454,-22.715294,-20.997177,-12.80754,-13.258634,-22.124655,-21.529915,-21.182991,-25.284084,-23.70958,-24.775904,-28.414562,-23.181133,-22.048698,-21.682394,-22.720676,-20.845772,-17.3302,-17.232874,-15.304255,-18.89116,-19.726606,-21.370413,-17.697893,-9.659768,-8.360502,-8.258412,-11.471738,-14.567557,-17.605436,-20.708424,-15.198439,-15.640803,-20.476133,-15.980272,-16.656572,-2.935436,-0.6507213,-2.3156147,-6.133342,-17.434042,-16.0739,-11.0804615,-0.79145753,3.39615,-0.6680614,-4.3379745,-7.7663965,-7.5775003,-8.191413,-7.2867966,-5.298065,-9.166899,-16.460335,-12.92845,-14.964195,-13.825292,-13.994512,-18.134155,-21.215351,-23.224453,-22.88478,-27.267796,-34.909245,-32.731766,-26.081211,-15.0395355,-8.800984,-12.488905,-18.015162,-25.702667,-27.010597,-25.47498,-22.94713,-24.748821,-14.455842,-10.968472,-11.699766,-21.521603,-19.168495,-18.416409,-15.870162,-7.884865,2.5567067,4.104699,-3.775638,-13.451221,-12.691579,-13.77565,-14.6221485,-17.833204,-17.587906,-17.33581,-11.62445,-6.685107,-8.013181,-10.276948,-10.434723,-10.537839,-11.088104,-14.8164835,-12.854908,-11.082159,-17.962156,-22.82892,-26.612902,-28.169725,-24.953049,-23.387749,-15.400583,-16.329128,-25.297432,-25.618416,-26.333054,-23.18797,-19.551123,-13.361195,-8.766631,-9.557858,-15.203131,-24.76484,-27.770847,-20.405886,-14.899578,-0.22417706,2.8868434,0.9968451,-0.5526637,-0.1108204,-3.410239,-12.87689,-15.219518,-10.518267,-16.8497,-25.380585,-22.483988,-21.783602,-23.53395,-23.639061,-28.583242,-16.588503,-14.006433,-19.633837,-20.234707,-19.66461,-20.84921,-18.918108,-19.32865,-21.623774,-16.454073,-16.935823,-21.392286,-20.945093,-18.757513,-22.050016,-25.125511,-36.37485,-32.225708,-28.55157,-30.341782,-33.484272,-30.653524,-26.129261,-13.324367,-7.5975475,-10.168218,-12.9614315,-13.930072,-13.777777,-13.845785,-10.901339,-11.994624,-14.678583,-14.698732,-19.713495,-19.97999,-15.74751,-12.238059,-13.61329,-20.946121,-22.174736,-25.659025,-30.481846,-30.650105,-31.709835,-29.958937,-29.870255,-31.545242,-36.07903,-34.410233,-35.06773,-37.110626,-21.577883,-17.482048,-22.628471,-23.817005,-23.87745,-25.58342,-19.42458,-17.08842,-15.027074,-15.233468,-16.164854,-17.211613,-4.510192,5.339277,4.043676,-6.2249384,-9.639688,1.2787448,4.9259834,6.743407,11.93922,8.248589,-2.8617444,-7.238321,-0.7234874,4.4963975,8.540744,6.763563,2.257594,1.1367571,0.53846097,-0.39713985,-4.9423103,-6.929515,-9.148804,-8.681565,1.201765,-0.58207995,-7.4267845,-11.95459,-8.522922,1.5006521,0.27277923,-10.555521,-8.078393,-8.859434,-17.521614,-18.966816,-16.781557,-7.0689015,-7.4661236,-16.397026,-18.256027,-16.868883,-13.561851,-15.692646,-17.35638,-9.952588,-7.2222905,-8.840746,-10.814019,-16.072935,-11.127695,-8.064214,-6.018429,-3.7841532,-2.5320191,-2.309387,-0.5068228,-0.11904537,-2.188258,-2.3126929,-5.6138487,-8.952158,-9.38322,-5.9847536,2.5120277,4.4664793,3.2759337,0.56042486,-2.301462,-6.5512867,-6.036257,-6.821778,-7.553195,-4.588904,-2.5431182,-1.9590147,-3.4223282,-5.851025,-8.710081,-9.988651,-8.3468,-7.8877907,-9.769085,-8.408085,-5.5938807,-4.8069773,-6.0518017,-6.2179823,-4.7608047,-4.957391,-4.982515,-3.9893742,-4.116909,-4.9777727,-6.942534,-7.413802,0.4608169,0.6614878,-2.8024921,2.0702646,4.4699435,5.172179,3.4917731,-0.79659235,-7.010264,-1.0367523,2.488425,2.8408961,1.1330436,-2.5253441,-9.31971,-5.962364,-1.6371763,-1.8728392,-7.556061,-10.484395,-11.092936,-10.571316,-8.673531,-9.476532,-9.120807,-11.337552,-4.345702,-2.1228962,-1.9320434,-1.8777349,-1.9212003,-1.619584,-1.9887547,-3.2690537,-5.074124,-5.772703,-5.887596,-9.481956,-18.040247,-15.035085,-13.176788,-12.679546,-15.242003,-25.47137,-29.683887,-25.953365,-21.091747,-11.819192,-10.150221,-11.350831,-9.508065,-8.174903,-2.049662,-1.036271,-8.113635,-8.433274,-7.361537,-6.1572886,-6.1265807,-2.3540132,-2.7672272,-1.9871701,0.8973458,-3.2590318,-6.8751106,-4.4084344,1.7486274,0.4772429,-5.529384,-8.833302,-11.174392,-13.775396,-11.997838,-12.312696,-14.282536,-14.962481,-14.993733,-13.252917,-14.907406,-16.536661,-14.698554,-9.053109,-6.3820176,-8.772966,-19.254824,-23.44755,-21.470562,-18.884245,-22.03995,-26.334307,-12.162682,-10.398113,-13.223722,-16.485933,-21.508633,-24.505375,-27.613483,-26.414602,-19.579908,-9.073087,-7.639716,-15.100531,-19.293955,-15.667621,-9.555225,-12.909776,-19.789488,-22.197262,-27.255438,-28.780935,-24.464993,-23.254803,-23.591793,-25.356453,-29.461224,-10.762886,-4.475302,-9.697839,-24.49717,-31.34137,-27.75546,-24.057808,-14.355131,-12.719658,-13.879288,-13.051807,-11.578778,-16.88628,-20.26148,-14.095463,-12.752411,-17.552488,-18.21497,-15.853805,-10.321831,-10.571475,-13.194496,-9.4881935,-10.425056,-18.653688,-25.142555,-26.519672,-22.575058,-19.2985,-14.280053,-19.977814,-20.070808,-18.34965,-10.360089,-8.57188,-12.663172,-13.295151,-14.143656,-9.035998,-6.796933,-13.182823,-21.868841,-20.252918,-24.902735,-15.270319,-11.121722,-11.073317,-20.145966,-26.88604,-28.345072,-14.652209,-8.381897,-11.480743,-21.531126,-22.60287,-12.176619,-11.159197,-22.519974,-18.45022,-16.076029,-17.767836,-25.122202,-28.825033,-26.310528,-29.48078,-28.985872,-27.40793,-22.437798,-18.507717,-21.568758,-17.453888,-13.967419,-13.125878,-18.85696,-10.760868,0.5264224,-1.3743935,-7.189393,-14.021048,-16.698975,-21.405361,-14.747278,-12.259484,-10.257217,-9.359373,-7.9263043,-9.5253,-12.692643,-10.428944,-8.540048,-9.605602,-12.155584,-17.791273,-20.13237,-20.865833,-19.006783,-18.831198,-22.44666,-16.544292,-13.471016,-14.783026,-11.936729,-12.034431,-21.595917,-25.833433,-25.726068,-25.176498,-24.196722,-22.479704,-9.963955,-9.071036,-19.85373,-18.059864,-16.040121,-21.02694,-26.721525,-27.04936,-23.952824,-23.048016,-24.781,-21.325045,-19.861902,-22.12343,-18.451427,-18.3763,-20.265575,-24.76818,-16.839334,-14.092736,-19.45298,-23.21593,-20.46104,-21.713121,-22.862606,-20.60357,-18.85944,-19.117939,-17.735338,-20.20412,-30.92947,-34.882004,-33.77832,-36.03359,-40.557335,-36.072765,-33.842297,-38.614765,-34.15131,-31.744204,-34.49981,-37.93344,-38.606,-35.110535,-34.192944,-34.76051,-37.871063,-38.502407,-30.714407,-19.621204,-18.269432,-13.260803,-8.442478,-12.696842,-22.462364,-12.620756,-2.8368,-4.9671183,-9.470109,-2.9853916,-4.2936325,-10.766973,-1.0215989,2.6054869,-4.846606,-8.34449,-7.9942083,-13.319883,-14.242588,-17.728128,-18.42747,-7.8981676,-1.6206739,-2.3184898,-13.799606,-23.441332,-16.708506,-13.91734,-9.892272,8.675767,10.987974,5.223136,-2.443836,-10.279922,-7.8613873,-2.4238746,6.3715677,5.302112,0.46725693,-9.872809,-4.9746304,0.7772169,5.7034063,0.8876823,-5.7467723,-2.960291,-2.7276387,-4.5666494,-8.846131,-15.074435,-13.234639,-3.89387,-1.6331254,-6.6357446,-11.942129,-11.702634,-12.374617,-13.474998,-12.222078,-12.609756,-12.731758,-13.267836,-13.557644,-13.703812,-6.2918167,-5.2768545,-5.109603,-9.9669895,-15.009726,-16.363,-15.925221,-11.850164,-7.928978,-6.0860877,-10.196485,-8.8492985,-9.859721,-17.209005,-18.35643,-17.904915,-16.289127,-16.785315,-27.82125,-25.493599,-19.73864,-20.900578,-22.534315,-27.492699,-30.061821,-28.590078,-24.031698,-24.634369,-29.82279,-26.74238,-27.87904,-29.936966,-25.573275,-27.33731,-27.802122,-23.988646,-22.606916,-23.329355,-20.44359,-13.474379,-15.393294,-24.394894,-22.223053,-23.31646,-20.63175,-22.15351,-18.961456,-14.610138,-17.293783,-22.172672,-21.873932,-24.838915,-27.696812,-15.933814,-10.227828,-11.360186,-19.486588,-21.844435,-22.211998,-28.86208,-31.322325,-20.790928,-11.908021,-10.003105,-12.474259,-11.608227,-9.459299,-8.845538,-9.248187,-9.384453,-9.75237,-9.920189,-10.36954,-10.511341,-10.588615,-11.278952,-11.350813,-10.550766,-11.085367,-10.032372,-4.9793296,-2.8128319,-4.467181,-9.608154,-11.719772,-13.610752,-14.364814,-17.701183,-20.338078,-16.963295,-16.693329,-20.726107,-19.962017,-17.93165,-19.050728,-21.173132,-18.655983,-19.104347,-22.342007,-24.044212,-20.611828,-18.95136,-11.885229,-12.519045,-15.851188,-16.251528,-20.930128,-23.157598,-24.525482,-23.046806,-21.264305,-18.009212,-19.962141,-12.326365,-13.70413,-19.767378,-27.211712,-26.238571,-23.122484,-27.417915,-29.036896,-26.81999,-26.056358,-28.92297,-31.91458,-36.472,-33.604824,-32.990017,-35.629536,-36.84042,-34.119495,-29.895765,-28.7623,-23.843548,-21.38639,-19.335836,-13.63386,-14.573259,-15.405182,-14.584787,-14.346069,-13.307996,-15.418503,-17.65219,-18.247627,-19.031841,-3.1410093,3.2008874,2.011754,-8.954212,-15.859409,-21.741999,-8.667207,-0.21124206,-0.35224414,-3.4984522,-6.9566765,-3.0255127,-1.7461531,-1.3349284,-0.9297327,-3.356351,-6.3457923,-7.080045,-6.756032,-11.706343,-16.674885,-17.88102,-16.652761,-18.717043,-20.257912,-20.251257,-24.220839,-23.836737,-20.492077,-21.647432,-22.08347,-13.270653,-9.926682,-15.837515,-20.347149,-13.566928,-11.233579,-12.099914,-23.035452,-30.65295,-31.166302,-19.52632,-8.371489,-6.483898,-13.046489,-23.189342,-24.882833,-28.401573,-34.350983,-29.15337,-27.216389,-24.322468,-25.539284,-25.864218,-26.209179,-28.30884,-24.635265,-19.09301,-23.074457,-24.142048,-18.164146,-19.67354,-28.115723,-21.33002,-21.458202,-22.55718,-20.3858,-9.831732,-8.594749,-10.782118,-12.347034,-12.699856,-15.605937,-15.496403,-15.823489,-14.525014,-15.231581,-16.494766,-20.402325,-19.966702,-17.123917,-15.726724,-19.621838,-19.504562,-12.9979315,-1.244678,-2.2708764,-13.839024,-12.608815,-11.80848,-13.904656,-14.073668,-19.483824,-26.85977,-23.750408,-21.664145,-23.775024,-28.26452,-27.639557,-23.1127,-29.044302,-26.481518,-17.53962,-17.34175,-21.57139,-14.78318,-7.9178977,-11.68466,-18.136757,-3.1514976,-2.872932,-11.786905,-19.447237,-13.569368,-8.864289,-12.380291,-5.960244,-4.2692475,0.15265152,2.2733588,0.6057536,-1.3764288,-1.7442871,-1.0213763,-0.677685,-3.17333,-8.8107195,-8.755094,-8.962519,-13.574665,-11.72489,-9.307665,-6.7954826,-5.2851715,-3.3115134,-5.5075827,-11.096782,-11.146397,-4.379328,2.6572146,10.5961895,16.201145,17.952473,17.29815,16.378744,16.26872,14.134323,7.7098365,4.1000423,0.029992776,-7.489353,-7.7918873,-9.528172,-7.737799,-7.170091,-9.305448,-8.89196,-15.614419,-10.064263,-6.362134,-6.6866393,-12.582659,-8.060666,-8.348566,-12.640287,-12.658013,-17.477821,-19.350903,-14.71978,-15.893011,-10.63231,-6.9964437,-6.403494,-10.484066,-17.974422,-13.237228,-10.482097,-12.060527,-10.282688,-11.658844,-14.0710535,-17.925812,-17.622856,-18.950077,-15.781884,-0.74481237,3.534329,0.3643359,2.1371953,3.1874933,3.4435697,2.7982578,2.6606417,2.862382,5.2586803,2.6561432,-0.1288352,-1.9402014,-0.8656125,1.0860629,1.5322803,2.0180902,0.8005085,-1.724084,-3.574107,-4.17965,-2.0373816,5.6918173,3.1726794,-5.1266766,-13.34174,-4.288477,-3.5067353,-4.7941837,-4.801641,-11.111112,-13.956314,-12.981274,-16.153557,-19.79361,-16.054848,-12.134561,-13.127293,-14.172143,-5.161272,4.2051764,3.0430217,-5.375564,-9.344501,-5.5657334,-4.275903,2.3647637,11.7408695,12.264867,9.319189,4.3947473,-0.62776077,-4.6280365,0.2672588,0.42648464,-6.954464,-17.463139,-11.931357,-10.942349,-5.8583174,-4.726911,-9.575325,-14.59939,-18.782148,-23.438599,-14.610502,-12.341937,-13.092907,-12.83745,-1.6845324,1.7443457,0.5817657,-2.3326488,-4.333131,-3.9774432,-2.0785913,-0.7337024,-2.9152284,-8.081261,-12.17341,-14.517664,-16.857153,-19.61488,-18.502102,-20.431648,-25.665585,-22.425827,-24.25309,-21.180496,-17.449053,-15.769817,-2.2683432,0.85573727,-0.73083234,9.912016,17.787273,21.40877,20.614443,18.852356,16.604668,15.333587,12.335062,11.632324,10.363712,10.052486,8.651234,7.3602076,3.5384388,3.1087425,4.383822,1.9122047,1.1519978,-0.21497631,-4.1429467,-3.0469375,-7.5160265,-4.317469,-2.5844035,-7.6042004,-4.52602,-4.044075,-7.366439,-4.0133753,-2.6670346,-9.595119,-4.5221786,-6.687524,-2.882463,-3.9180467,-4.3585243,1.4405751,1.4406326,-1.6760306,-5.6572933,-9.604348,-8.277173,-5.9930296,-7.3102627,-5.151682,-2.5891113,-4.2815595,-6.384442,-7.553912,-8.848496,-4.9185934,-3.4613843,-3.7374017,-3.7672184,-5.6531076,-9.226137,-9.431221,-6.6636887,-3.692967,-1.4025033,-0.72110534,-0.27506706,2.5029442,1.5793245,-2.4951973,-5.3752418,-9.401177,-14.101849,-14.985558,-17.36208,-16.79715,-16.190145,-17.376812,-19.91097,-19.585817,-21.017754,-20.931587,-21.323265,-21.0178,-20.633547,-12.8230095,-2.6787844,-0.8878198,-4.230878,-5.126504,-1.2085004,0.67419654,1.9617246,1.7536509,-0.0077462913,-3.1179345,-9.053292,-7.289755,-2.605368,-0.74539316,-0.77909255,-1.6311743,-2.685897,-5.3265266,-8.29066,-8.619217,-3.1915927,1.3098052,-3.7645566,-6.2029986,-6.2404943,-1.9665589,-0.9794681,-2.732818,0.1529784
-8.7104025,-10.735045,-15.847892,-25.039785,-27.963057,-23.941088,-22.147694,-12.187547,-7.9291177,-9.849378,-13.110111,-13.366415,-15.044589,-19.885988,-15.309745,-7.6995964,1.5183133,0.6545919,-3.0462394,-7.0189466,-5.0712337,8.60985,13.518112,13.863146,11.71032,7.2806306,-0.3222481,-7.9642353,-3.1089735,-2.543705,-3.9533257,-4.8476667,-6.6273317,-5.8034286,-4.037803,-8.239831,-7.7482176,-9.746722,-6.6151266,-0.22477186,-2.950582,-12.487181,-16.159306,-15.519316,-17.413866,-10.817696,-7.9886436,-7.4958916,-8.176179,-8.78433,-12.108379,-11.51154,-5.2589064,-7.002129,-13.956158,-15.321556,-13.546045,-13.306255,-12.223192,-12.022139,-13.98312,-7.8826327,-4.107956,-4.5487866,-5.4677715,-3.5351026,1.4190751,-1.2544558,-8.834732,-7.8597813,-7.599697,-5.6731396,-7.432311,-7.249695,-8.885312,-10.908166,-13.38307,-12.880445,-11.4688835,-12.39204,-12.416888,-12.8725605,-13.651932,-15.626468,-15.107513,-12.30452,-11.301475,-12.363283,-17.798464,-5.1367645,4.8601203,8.207658,7.0714164,5.255726,5.6963177,6.5615344,6.288639,4.8164854,-0.18052068,-8.697165,-10.854229,-6.6402245,-2.2840278,2.153686,-0.5599669,-5.9212804,-1.0316072,1.3848835,-4.156628,-0.49688858,4.5036273,1.7043779,-7.351379,-9.860549,-9.151798,-10.018469,-17.74365,-15.802665,-15.029747,-14.940777,-11.023374,-9.864431,-7.241802,-9.022322,-11.304484,-13.6082115,-13.503648,-12.82259,-15.320385,-18.057829,-21.331081,-20.631618,-17.71735,-15.300034,-16.753248,-15.235222,-13.180775,-16.547962,-16.837502,-18.314249,-12.136328,-10.2484665,-11.527763,-1.3252567,6.3375707,10.239154,11.573818,10.845332,7.636879,3.5379953,4.2013135,6.88391,6.0543785,0.49499446,-6.8431377,-5.991058,-6.940769,-2.3686547,-0.42194033,-5.4946427,-6.8219333,-8.033283,-1.4920162,-0.730716,-9.536491,-2.4045517,-0.5128493,-6.678564,-10.396082,-14.212492,-19.953636,-19.300343,-20.123585,-13.484641,-15.845183,-18.8043,-13.077402,-14.268703,-14.167446,-15.524287,-15.888218,-19.971163,-22.405233,-20.379705,-20.219793,-12.971721,-2.6442778,0.91478026,-0.79624474,-2.2400556,-2.3702352,-2.586632,-4.6361322,-5.2238607,-6.087711,-8.16151,-12.905258,-18.124063,-10.629292,-6.6461997,2.2165837,8.038622,10.100904,5.856013,-7.782664,-10.195016,-9.350272,-6.126421,-1.6837606,0.35091028,-0.72609955,-1.0013208,-3.984985,-10.783977,-12.518286,-15.231547,-15.372736,-13.090851,-12.963447,-17.072166,-16.271416,-13.36852,-15.153251,-12.940129,-12.63886,-11.747992,-12.632778,-12.328537,-10.849564,-12.978529,-15.869444,-17.018208,-16.411043,-17.28657,-12.540532,-10.184292,-13.640059,-20.39581,-18.545338,-20.85857,-21.064806,-13.72109,-13.198246,-4.8928604,-6.312235,-14.893244,-18.299486,-13.9185,-13.965625,-19.071653,-18.242529,-11.060691,-13.505921,-22.711094,-29.501747,-22.8638,-20.906853,-25.93731,-22.83522,-15.657841,-8.60196,-9.129172,-10.901012,-12.692783,-12.343622,-12.030836,-17.054287,-20.517466,-20.760437,-18.186419,-17.678112,-20.33058,-20.327757,-21.234238,-24.859304,-31.899824,-31.668844,-27.78875,-32.449226,-31.695776,-31.983665,-23.308517,-15.208754,-12.040349,-16.388468,-18.46946,-22.042473,-21.078854,-17.64642,-10.467137,-13.61566,-20.539219,-16.686195,-17.983332,-19.999718,-15.500287,-11.32616,-9.988633,-13.423166,-15.621832,-18.409225,-22.822132,-24.435276,-25.679485,-29.541853,-27.836897,-27.616188,-33.05543,-25.515348,-24.96565,-30.840958,-21.332298,-15.157608,-17.39201,-22.540741,-25.525167,-27.28487,-18.555151,-10.248689,-7.832199,-6.6967983,-6.0107064,-11.05938,-6.8672724,1.3366635,-2.1487703,-10.014837,-15.550595,-15.383219,-9.059249,10.2751255,17.16854,19.177532,19.134487,16.806599,14.761097,11.951216,3.6967592,5.0829773,1.8078246,-6.2682743,-4.404508,-1.7832136,2.8937504,0.6914526,-8.488739,-3.8968124,2.203194,-0.33878243,-7.843864,-8.982683,-5.7397194,-3.4214673,-6.9919443,-5.6335588,-3.6026816,-8.859488,-18.000381,-16.920412,-10.825159,-4.940565,-5.9965878,-11.601619,-14.599658,-13.153081,-11.726934,-8.940104,-8.513778,-10.376156,-10.617442,-5.2838655,1.0374954,0.083440706,-1.376928,0.79634297,-1.2778533,-5.382866,-6.864808,-8.420448,-8.433715,-3.047574,-4.3775077,-7.592245,-8.089783,-9.1369915,-10.656412,-5.758986,-0.64106935,-7.083267,-12.662006,-13.196031,-10.162182,-11.2645445,-13.025396,-12.672171,-12.329349,-9.539535,-8.275787,-8.830891,-7.1258254,-7.169567,-9.128785,-9.704607,-9.568091,-9.782466,-10.897253,-11.17875,-13.045332,-17.011,-18.328594,-18.862783,-16.966095,-16.865519,-18.000973,-15.212662,-15.614046,-15.542603,-15.329429,-11.658264,-5.8298845,-6.75143,-8.752534,-7.733306,-6.1890717,-5.538128,-6.762688,-10.169225,-12.491832,-10.228261,-6.92764,-6.798232,-8.918997,-11.239637,-14.913549,-14.379471,-11.453233,-8.84912,-13.124825,-20.522522,-23.635025,-22.619026,-18.92186,-17.345934,-10.346957,-4.9594264,-2.6960888,-3.7353504,-6.403558,-8.54397,-7.922266,-8.4229,-8.819773,-9.146742,-10.892267,-12.65459,-13.2218075,-13.386755,-15.986683,-18.971392,-19.883533,-17.931847,-17.16328,-13.305872,-11.156004,-12.433863,-15.347629,-2.4039032,2.7701812,0.8234818,-5.510153,-1.0382082,2.5046816,2.5125918,0.24640845,-2.9813645,-8.563351,-9.68206,-3.8064284,-0.83349556,-0.97979414,-4.592927,-4.3526306,-6.4988194,-13.300327,-6.3803473,-5.437946,-14.028391,-9.680315,-4.749774,-9.204015,-14.209606,-7.842789,-5.70908,-7.4524326,-9.321914,-8.137247,-8.846081,-9.393077,-9.924557,-9.729899,-9.45191,-5.4108043,-5.7860556,-13.436122,-23.052357,-22.915907,-23.098812,-26.08121,-29.723915,-12.936705,-10.007259,-13.535232,-18.711082,-27.31274,-23.624857,-24.296616,-16.920923,-3.8398023,-2.845279,-5.761366,-7.163069,-8.345867,-4.007258,-1.7608325,-3.1139402,-2.2767076,-7.588522,-6.2093744,-3.6239994,-4.369578,-6.672283,-8.7145,-11.502079,-8.626819,-8.713134,-6.031112,-11.449546,-16.953527,-15.992353,-17.762669,-18.329908,-14.718187,-11.635262,-6.5056515,-7.8666644,-12.4727,-17.590956,-7.87136,3.0244727,8.145643,8.39228,7.7856803,9.475771,10.554942,6.529352,-0.9219987,-4.17953,-3.581603,-2.8429615,-4.0255337,-5.1328506,-7.475727,-12.356136,-13.314201,-9.93733,-7.551389,-7.5595074,-8.843879,-6.8061914,-10.254764,-10.082742,-7.7696223,-5.536117,-4.1398163,-4.239506,-4.932322,-6.17015,-7.6918783,-7.450902,-4.743163,-8.535924,-16.975363,-18.881987,-19.361816,-14.802258,-11.242161,-13.292073,-17.816978,-17.781626,-10.331162,-10.521584,-15.614943,-12.677883,-9.36072,-6.400033,-6.0781536,-6.0891895,-7.979542,-8.4828415,-9.150359,-12.025883,-16.355392,-21.822628,-22.99458,-20.416357,-14.3956995,-14.485956,-18.755438,-12.920721,7.9597425,15.0055275,16.520725,16.082079,15.266478,14.329362,13.1761055,9.96678,2.859099,-2.6758628,-5.336041,-14.79822,-16.543915,-16.771685,-12.74741,-13.766649,-12.42552,-3.974109,-1.5786487,-3.08496,-3.111814,-5.802553,-12.002743,-19.404781,-11.638251,-9.2350445,-9.734846,-11.68755,-14.524082,-19.429794,-26.701351,-32.561653,-20.791224,-16.156124,-11.128331,-11.500197,-19.849455,-21.83755,-22.733665,-25.084263,-26.820332,-24.297817,-25.03599,-30.940702,-29.51807,-19.19013,-15.339565,-18.34266,-14.958476,-16.180403,-22.82891,-24.614792,-20.231363,-20.206793,-15.056395,-14.663498,-18.537514,-18.371693,-22.865623,-28.280945,-19.77915,-14.604052,-14.368294,-14.693697,-20.501032,-22.12248,-22.114056,-23.192957,-22.030909,-21.79511,-21.301825,-19.689816,-18.352577,-20.007677,-19.257866,-19.522003,-18.606342,-18.101599,-18.099531,-18.442108,-18.62734,-17.898144,-17.471764,-15.578154,-16.476973,-12.545728,-9.600103,-14.877753,-17.477304,-15.8534,-10.556765,-12.30596,-15.764766,-12.266594,-13.45148,-16.25353,-16.521646,-15.847776,-19.578854,-11.613533,-11.187439,-7.7989316,-5.308564,-10.5749655,-15.878334,-15.469683,-9.227968,-12.776735,-16.487291,-20.274609,-11.719944,-8.382512,-11.047251,6.8218956,14.248439,13.244055,4.174737,-2.4863205,-4.0331416,1.6738799,11.267549,15.493173,15.39962,14.03302,13.564324,12.798413,12.251264,6.4828463,-6.979102,-3.6048248,-0.42301792,-2.8726058,-8.348125,-9.508388,-2.7767506,-0.61419666,-1.6983593,-5.1888638,-6.570917,-7.222005,-3.4521084,-3.8737297,-4.970319,-2.935872,-3.3398044,-8.488306,-11.3320265,-9.407255,-10.441164,-15.406266,-17.71221,-12.891954,-9.879215,-11.501136,-9.795629,-12.699234,-11.319637,-11.046962,-7.779384,-11.501297,-5.1804357,-1.2089795,-3.68712,-7.981494,-7.0100613,-4.2068453,-4.2544394,-5.479294,-6.417398,-5.7513375,-9.23808,-11.462136,-8.655299,-6.164393,-5.7590475,-10.003971,-10.789269,-9.586509,-10.655318,-12.310978,-11.501017,-8.621382,-9.665634,-11.998148,-16.251585,-15.4579735,-12.43095,-12.033709,-10.856148,-10.481605,-9.588152,-11.918753,-15.944108,-21.113216,-18.68335,-15.05106,-19.36996,-23.756824,-28.289148,-31.223993,-27.75692,-20.268734,-16.24087,-18.330416,-21.155014,-19.902515,-24.682068,-30.05682,-29.800272,-26.245419,-16.774149,-10.543774,-11.054285,-9.991567,-10.425767,-13.127447,-12.783657,-14.966003,-18.320107,-19.254234,-20.273085,-19.037537,-18.344248,-18.071228,-19.190561,-20.519806,-23.333426,-20.266588,-16.207539,-14.879236,-12.807279,-9.633857,-11.377286,-13.357314,-14.131137,-16.353062,-14.12692,-8.985504,-9.516155,-10.414157,-11.228107,-12.92879,-13.037442,-13.65538,-15.998308,-17.231781,-20.892277,-19.90061,-21.891396,-22.970755,-9.304879,-3.0033379,-2.9100075,-3.5870252,-5.959764,-7.686684,-9.294841,-11.707263,-15.045334,-10.674053,-5.8332305,0.31526172,3.120663,0.96610546,-2.1671634,-5.8856544,-8.03867,-8.488433,-7.931867,-6.2423463,-4.9863157,-4.6087475,-5.5813694,-7.380364,-10.902709,-14.772935,-15.322716,-15.724281,-17.06867,-14.544395,-12.751301,-11.416621,-13.606249,-14.636343,-7.565515,-0.98698556,1.5630105,5.249773,5.8761473,3.429243,4.330681,5.594129,2.5311656,-4.5562024,0.31135812,7.1855474,7.505171,9.308547,7.702326,5.5794783,4.1292996,3.3361528,4.1499057,5.3213744,3.667178,-0.4097094,-5.827997,-5.9841657,-4.0456953,1.4731641,5.309856,4.1626635,2.896337,1.5046161,0.72143924,-0.52466995,-7.2661686,-10.178776,-11.960224,-13.960767,-12.439793,-14.332935,-15.655938,-14.246744,-7.1427183,3.0571342,5.14092,-0.7432313,-8.84371,-13.821823,-5.9391108,-4.630179,-13.242092,-15.698513,-18.304043,-22.914686,-18.400343,-17.033709,-12.755523,-12.680844,-15.833331,-18.809511,-20.031832,-17.595728,-14.637182,-18.603487,-21.51242,-22.766056,-26.152937,-26.333939,-21.186012,-14.44842,-17.254448,-19.275848,-20.199158,-23.836037,-27.06793,-21.731216,-18.781027,-20.574265,-23.469341,-6.3702626,2.1066668,6.741947,7.2236195,3.545587,2.4358008,6.245682,7.5166416,5.8718233,0.21889804,-4.007837,-0.29282308,-1.2864877,-3.836945,-3.3896363,-3.2354438,-3.8182127,-5.6158113,1.7453909,9.89102,12.8293915,13.02437,10.815254,6.522916,1.8427695,1.8356452,1.1129395,-0.566689,-3.6426902,-8.420611,-6.765499,-7.0623403,-11.300391,-13.390257,-12.579595,-12.80319,-19.256117,-19.237143,-11.248894,0.61249816,3.1717987,2.6170797,3.8760862,11.8881,14.7600155,14.816695,14.046675,11.680765,6.22359,-2.570003,-5.52836,-0.9468731,-4.218784,-9.585107,-10.805217,-9.586726,-9.086923,-9.116793,-9.877867,-11.4084425,-13.3910885,-15.589537,-18.079975,-12.937207,-7.8300056,-8.768744,-12.444071,-10.883225,-12.925016,-15.588854,-9.910472,-3.9320776,0.60968494,1.2757503,3.7523627,7.301808,7.725244,6.9825273,4.7304826,1.5927112,-2.8488848,-8.151128,-10.595317,-15.405902,-15.775326,-18.25056,-17.99414,-11.663414,-7.316636,-6.9445744,-8.949538,-8.102078,-9.288643,-10.361451,-15.925209,-9.591856,-5.189354,-6.1729455,-6.1606226,-5.259651,-4.4980063,-5.5421805,-6.395607,-7.408949,-7.896229,-8.728922,-8.863334,-5.8827906,0.11732715,5.7212734,6.64073,5.846155,6.1738467,6.8076077,6.1097164,3.2047155,-0.7392347,-1.885319,3.852767,4.073432,1.4907194,2.908637,-0.59707797,-1.8920547,-1.2046375,2.7055922,-0.6413001,-2.7368402,-1.3757683,-4.1518984,-7.880786,-8.936279,-4.218059,-4.608365,-4.6379704,-0.37666714,-1.6765084,-9.322077,-10.172372,-4.6016827,13.540073,20.591537,22.13781,21.678432,20.357754,16.196344,7.4387937,-4.2666955,-2.9505043,-5.432644,-3.2322721,-6.1002197,-13.345339,-13.462548,-17.446795,-12.134318,-7.809916,-4.866578,11.476718,19.103882,21.077782,20.895145,19.500198,15.6141,8.740631,6.5713997,3.2055411,0.72484493,-1.8567479,-4.057669,-6.9816446,-5.430799,-6.614993,-7.8362894,-7.7945194,-7.5181036,-10.183973,-7.95613,-7.25353,-10.277242,-12.183506,-15.398341,-17.446533,-20.09983,-17.094643,-11.453313,-10.95985,-8.758081,-9.486217,-10.819723,-6.768667,-5.827835,-7.7263365,-7.1890135,-3.6368165,-3.16224,-1.9345357,-0.76782334,-1.1614026,-2.6360106,-4.4516277,-4.3958335,-4.747333,-5.5927463,-6.2549944,-8.015312,-11.429125,-13.722776,-12.839552,-10.916534,-9.526264,-8.673803,-0.65027213,9.82559,14.669752,15.663853,14.857873,15.331069,15.089748,15.333178,15.908054,17.105104,18.09559,18.72134,19.481304,19.833242,20.108797,19.988796,18.222408,15.567446,17.53168,18.756624,17.392126,17.335426,18.811779,18.710772,17.881067,16.905117,16.572226,16.809265,17.03473,17.28489,17.145079,15.957398,16.179249,16.218758,17.124424,17.600052,17.623554,18.19994,18.772816,19.147573,19.176163,18.410688,17.591377,16.150337,14.443054,11.956715,9.518857,9.877743,12.168775,12.987596,13.236169,14.982657,16.475948,16.425686,14.492868,12.251711,12.035861,13.689918,15.534786,15.76281,15.844742,15.704856,12.899032,6.8933005,7.0989795,4.4548793,4.556411,4.8045835,2.997322,2.141263,2.95038,0.94770086,-1.060055,-3.9758482,-8.120245,-17.211988,-14.053391,-5.3775053,-1.0784863,0.3641783,-0.50620383,-4.6706448,-5.0313478,-7.1932034,-11.179916,-10.243131,-8.628625,-6.066106,-6.094609,-6.320228,-7.7276063,-9.752014,-9.187618,-8.784922,-9.582916,-11.676319,-12.19804,-11.349846,-12.410942,-13.78251,-11.5276985,-5.0258074,7.883478,12.475513,12.357387,8.198099,2.5005686,-5.2263904,-5.5862927,-1.1749656
-10.296026,-12.574989,-13.400791,-14.306296,-15.289238,-16.48851,-16.837318,-10.231932,-7.719877,-13.672843,-20.150898,-19.970535,-17.22094,-17.637077,-15.088732,-5.340024,13.161859,19.104412,18.33959,11.271694,4.418829,8.747881,14.035027,13.86685,11.68391,6.9771724,-0.7566208,-7.1446395,1.7977152,4.9792666,0.3364308,-1.3690449,-2.4617336,-2.629249,-0.85761833,-2.656249,-5.4309535,-7.146335,-4.579773,2.886398,0.5513651,-6.6792555,-4.6989202,-6.616497,-9.513863,-11.126293,-7.7567253,-4.4734473,-3.716763,-5.6214547,-14.487808,-12.49601,-5.856933,-6.0322495,-9.570481,-15.688959,-15.518283,-6.9950523,1.2146677,2.247277,-5.099415,-9.488591,-3.7282214,-3.9581265,-3.9382675,4.542652,10.449242,6.8138227,-6.4953094,-7.956288,-6.766112,-5.8656926,-4.4561157,-0.772168,-5.9697037,-9.294704,-12.649956,-11.863558,-8.808485,-9.253333,-10.44674,-11.149803,-13.816323,-15.3384285,-14.790845,-11.18619,-3.9936137,-3.3978117,-3.2124043,4.3166165,7.176961,6.640969,6.8146725,5.283468,4.866518,5.8701415,5.707943,4.277624,2.0311542,-2.7122748,-10.684021,-14.851292,-6.4850636,2.0046058,0.90535057,-4.868786,-4.117173,-1.75101,-4.117342,-0.9791386,5.58532,4.0924363,-5.798564,-7.770795,-5.2927346,-7.3388047,-15.454777,-15.299653,-11.714529,-6.51722,-6.347625,-7.928789,-7.8864946,-8.482752,-10.828182,-12.615786,-12.67359,-11.762087,-12.980362,-15.628005,-20.342194,-19.079964,-17.21132,-14.347077,-15.826777,-16.849592,-11.410356,-8.297377,-8.415145,-7.4575577,-9.646551,-13.419524,-14.168863,-3.9034386,5.032119,7.402604,10.142116,10.647413,8.529594,3.3266997,0.8317517,6.156377,7.654202,4.7133145,-1.2142514,-7.4639206,-11.343597,-2.335912,2.8944902,0.3082497,-4.1723475,-7.3859305,-4.1297674,-6.3640046,-14.06499,-5.227869,-0.78967905,-4.2172756,-10.385646,-16.862791,-21.760403,-18.455242,-18.845661,-10.5332775,-11.13398,-19.330637,-18.801044,-17.271776,-15.475632,-14.030763,-13.934397,-20.703968,-25.561972,-20.903605,-20.476282,-19.35003,-7.5968447,-1.9462276,-1.5013112,-2.4101439,-2.736657,-2.755752,-5.0196433,-2.9851227,-2.213608,-7.759754,-19.6531,-14.200632,-6.483654,-1.0410639,3.6465735,5.7827244,3.8574605,-1.2191356,-10.203159,-15.167957,-10.202925,-4.3671913,2.4738743,4.0559444,2.7861855,1.6301285,-1.8244748,-12.904917,-14.411964,-14.860085,-16.76352,-15.006419,-12.400204,-15.818635,-21.683636,-22.154358,-13.374534,-8.637938,-8.16435,-7.5944395,-8.719593,-8.728617,-7.1705203,-8.500982,-10.588438,-11.756743,-12.347774,-15.086474,-15.925908,-13.625783,-13.192063,-17.879555,-20.272322,-21.201424,-16.778305,-12.4762745,-17.15136,-10.347939,-10.682896,-15.560764,-18.11899,-20.20185,-20.882929,-20.566833,-17.606623,-13.710242,-17.644514,-19.517908,-24.24648,-24.585331,-14.199785,-9.113996,-11.537565,-16.63844,-13.078231,-16.138798,-16.958937,-17.918308,-18.671795,-18.940905,-24.548523,-19.027498,-15.853095,-14.375905,-15.423569,-20.585325,-21.02659,-23.230587,-24.140343,-24.424421,-20.584543,-15.215725,-17.847496,-23.65141,-27.043306,-13.35196,-3.9898982,-4.748016,-12.382594,-11.671707,-17.313517,-20.906,-14.998978,-5.9463816,-7.0181656,-16.778204,-21.831928,-20.060558,-18.81058,-18.111828,-14.6550455,-12.77441,-18.293488,-22.488846,-23.866749,-22.587431,-24.257713,-23.67913,-23.320366,-27.176332,-29.902372,-30.595901,-21.496807,-18.518206,-23.064281,-15.047081,-11.146611,-14.072995,-19.592728,-25.941477,-28.424694,-17.073376,-12.941922,-13.849125,-10.824339,-7.7888584,-11.659947,-12.875782,-4.0734377,-6.983532,-11.094647,-15.677166,-17.832588,-8.247982,6.5310135,8.332002,14.850384,20.105091,21.42811,21.01361,16.414864,7.7138824,6.358454,5.1580553,-3.005427,-4.281255,0.88975006,5.699734,2.0371487,-5.4188495,-7.5205855,-3.3039963,-3.4892435,-3.7189274,-6.614451,-4.9399114,-8.316165,-8.295145,-5.0037575,-4.684382,-9.679166,-13.525927,-9.013857,-8.217027,-9.927047,-7.746646,-14.263635,-19.366278,-15.232931,-10.185537,-8.398955,-7.9248714,-7.205239,-6.411393,1.967396,5.851419,2.9698925,1.551337,4.808331,2.1401255,-2.023789,-3.271686,-4.252398,-5.408268,-5.0070786,-5.2945476,-4.6590023,-5.6008854,-6.306085,-7.4636974,-8.415055,-5.046669,-8.238546,-18.731615,-18.397394,-15.258798,-16.988016,-17.738289,-18.895273,-14.227586,-5.654334,-3.029318,-4.06414,-3.37786,-3.5854983,-4.6920877,-4.5811143,-4.0862103,-4.745564,-6.523491,-8.660861,-12.502891,-15.283611,-16.861122,-17.703398,-15.973906,-17.252857,-20.557993,-22.996597,-19.504288,-19.999264,-16.741163,-15.898478,-19.403076,-11.619658,-12.147101,-18.50628,-24.935446,-27.570478,-23.231192,-19.109688,-18.996868,-21.888323,-28.04089,-25.923244,-25.223684,-27.431429,-27.78269,-25.73393,-27.339964,-18.67082,-21.348059,-33.71055,-30.93555,-26.000671,-20.369389,-13.676676,-10.479407,-11.603949,-14.296354,-10.572344,-13.670853,-17.757036,-15.841398,-19.920578,-18.243605,-18.250387,-20.002363,-20.608585,-21.141914,-22.07087,-23.075293,-24.582703,-26.852356,-24.601398,-15.131856,-12.140108,-11.605862,-11.833231,-8.142082,-5.565531,0.42335424,3.7367983,1.907482,-1.0471842,-5.3176713,-8.886167,-1.642411,-1.2930336,-3.299115,0.054987885,1.8786721,-1.2756262,-10.165044,-8.30994,-5.842511,-1.3453512,-0.90084916,-4.2438655,-11.395632,-15.098726,-13.311115,-3.1430614,-1.2424114,-5.563764,-9.821442,-8.476993,-6.109356,-9.046028,-8.7407875,-7.703724,-8.906474,-9.170762,-10.77723,-16.550417,-11.632972,-12.742167,-17.089148,-17.09613,-20.097582,-22.081978,-24.287777,-27.341764,-10.395075,-7.413277,-11.27565,-15.267038,-23.807642,-31.144754,-23.349955,-8.521129,8.536939,12.903564,10.067868,4.2439246,2.905335,8.020883,6.252846,-3.2226787,0.2152946,-3.9036117,-3.6534328,-1.5139531,0.29416555,-2.7126849,-5.891185,-5.9178963,-6.533918,-6.152148,-3.5129368,-8.729559,-11.349191,-9.343862,-11.6223345,-13.747349,-2.832072,2.9301407,4.1452737,0.23152612,-0.6111133,-3.0028515,5.6735663,10.428823,10.635937,11.266608,11.329594,11.379562,11.439735,7.8630977,0.34721118,-0.6344661,-0.23666328,1.0414288,-0.63473547,-2.7120223,-4.675271,-9.918789,-12.289078,-12.126446,-6.9783525,-7.305712,-8.11252,-5.022792,-4.524129,-6.221075,-5.847778,-3.3131871,-2.2112608,-3.0936873,-5.176542,-6.1877227,-6.6460176,-7.59457,-4.8180904,-7.933416,-16.316692,-19.862255,-15.751086,-9.207367,-9.921399,-14.618866,-15.280681,-16.804365,-13.944851,-9.523297,-10.897961,-13.435731,-10.5981245,-4.143646,-4.3361225,-4.6213875,-5.049744,-6.795001,-8.532304,-13.004161,-17.027748,-13.418373,-13.270445,-22.39853,-21.004986,-18.478361,-22.114182,-14.128795,7.2120457,14.565247,16.198332,15.949298,15.10023,13.667899,12.778407,10.3946495,3.804515,-1.0377315,-7.022712,-12.2194805,-18.14905,-17.765167,-15.30954,-14.866815,-8.245534,-1.5586518,1.5407908,2.3049266,2.0776072,0.36174345,-7.0629873,-14.822892,-10.898312,-8.417367,-9.419891,-9.842026,-12.709502,-16.272873,-20.946218,-26.33416,-19.567635,-17.113207,-10.227304,-9.782007,-9.718427,-10.588127,-12.0873375,-12.952139,-14.57847,-20.438368,-23.532013,-23.212965,-27.689505,-19.35883,-16.15426,-11.203652,-6.954067,-12.01503,-20.074158,-24.907364,-17.699194,-11.783888,-7.2765946,-7.9430127,-17.248919,-17.618277,-20.571573,-19.292997,-14.082867,-13.418113,-9.588365,-12.029732,-18.751575,-19.65945,-19.551352,-21.159515,-19.753883,-19.844387,-20.112972,-19.124283,-16.927626,-17.997751,-17.998325,-18.813112,-17.365877,-16.793491,-16.770416,-17.145006,-17.075493,-16.02807,-14.747237,-13.058912,-11.461715,-12.984284,-12.450283,-13.776823,-15.547528,-18.975962,-21.390467,-15.509026,-14.49375,-14.697423,-13.663307,-15.035109,-11.741678,-14.4909725,-18.695477,-13.015554,-10.779675,-5.8026657,-5.6060724,-11.175287,-14.923306,-14.133063,-8.509012,-9.755772,-16.606634,-19.568245,-4.7501225,-3.1198022,-9.397114,-0.6975025,11.873003,16.7427,14.464654,7.015443,-2.4931903,3.1174066,9.200079,11.181592,11.864723,13.484889,13.353462,10.1262245,7.103381,3.651061,-9.540717,-5.4059095,-5.608818,-8.665509,-12.398959,-9.323201,-4.1904655,-3.9370096,-4.1755977,-5.8264647,-9.838723,-10.306574,-4.271201,-3.6456356,-4.9282403,-5.631189,-9.276191,-14.447617,-16.150326,-11.300438,-13.032965,-16.345196,-16.659168,-13.068557,-11.693691,-8.671569,-8.3702345,-12.569035,-13.54228,-10.730802,-8.764327,-14.457956,-6.3358984,-1.4766217,-2.6415756,-4.9243584,-4.257378,-3.0109034,-2.652143,-3.633307,-4.146047,-4.740013,-6.894334,-7.471707,-5.700629,-4.8549523,-5.0044465,-7.2721934,-8.424989,-8.107475,-8.455366,-10.034026,-9.568089,-8.461012,-9.029103,-11.250533,-12.992506,-14.262411,-12.172859,-10.478581,-10.218773,-9.11338,-9.791876,-11.221332,-15.110203,-24.349634,-18.729546,-11.773506,-16.0881,-23.451548,-31.397703,-32.655655,-28.390093,-16.733095,-12.3983965,-16.643444,-20.53694,-19.919682,-21.739016,-27.723524,-27.228542,-26.904636,-23.62506,-16.291126,-11.867884,-10.067369,-10.538015,-11.658216,-14.253506,-16.432049,-21.23886,-21.826637,-21.337679,-20.387444,-18.795427,-19.520216,-19.807796,-21.449968,-23.612232,-25.190823,-22.880957,-22.139313,-20.850342,-12.342232,-11.012794,-12.585435,-12.107311,-15.487417,-13.029513,-11.005693,-8.421212,-9.303696,-10.129472,-11.8224125,-11.958563,-12.657739,-14.427784,-17.570316,-20.96546,-20.878994,-22.469833,-25.077648,-15.061995,-6.2470703,-4.0796666,-4.2789526,-5.397573,-8.116337,-9.233945,-12.397398,-14.820257,-11.508514,-8.10525,0.33530417,4.469158,2.9150977,0.12707362,-2.6849344,-4.556446,-5.1715984,-5.5259633,-4.622567,-3.7221098,-3.740547,-4.257376,-5.824395,-8.442719,-10.8614235,-12.161942,-12.781838,-14.213877,-13.95258,-14.522762,-4.547435,-2.7256546,0.10188684,3.8607306,4.7538414,5.467115,6.4110603,6.3521266,5.7869873,4.7000723,5.384112,5.00476,0.61880535,-1.8453294,6.123513,10.055413,11.860357,11.085323,8.343834,6.4528913,2.8893995,-1.6194708,2.0310578,6.051507,4.0133996,-2.0323563,-7.0833015,-9.531472,-2.8030088,2.3305914,6.345626,8.644641,7.469062,6.4240813,6.3139505,4.4109664,0.12456095,-4.302464,-4.897053,-5.943744,-6.2731647,-7.320303,-6.6553645,-2.2648797,3.6081257,6.0752,3.1747212,-0.90645605,-0.9201218,-1.1020856,-2.4418283,-8.774175,-10.445355,-15.7035885,-17.448328,-13.031261,-13.606989,-12.109905,-9.346849,-10.578871,-14.011925,-16.798615,-14.305832,-14.468861,-16.957972,-21.464846,-29.358843,-30.760204,-27.165146,-17.85065,-13.9289665,-18.0911,-21.69608,-20.829666,-21.722195,-23.545609,-20.156393,-21.561823,-21.493814,-18.052315,-8.729149,-0.9214635,4.8545303,5.8833213,3.89032,3.2285647,4.8140516,5.51629,4.0204153,0.13783558,-2.5020466,-1.192882,-4.1763754,-11.679975,-10.325296,-8.478991,-9.044544,-11.954337,-1.1171657,7.6990194,12.195397,12.816206,11.216535,7.8324537,4.428225,2.2406569,0.9661075,-0.78843296,-2.8594217,-5.055195,-5.6793556,-6.142671,-9.846247,-12.587584,-14.4305935,-17.263443,-20.451796,-18.787876,-10.676498,0.6933609,4.439245,4.1126785,6.585203,12.195152,14.393121,14.510519,13.629805,11.193895,6.9449325,0.21597593,-3.1648662,-2.1271174,-5.234417,-11.009796,-13.014784,-12.991737,-11.873981,-11.859435,-12.906851,-11.800264,-11.41865,-14.972612,-15.340758,-11.7549305,-8.341047,-8.378302,-13.089706,-17.37661,-16.331348,-14.028257,-13.197201,-3.1325102,1.6564269,-0.79872715,-9.199955,-10.675623,-12.880302,-8.100482,-9.176224,-8.506667,-7.8454137,-13.156044,-18.491676,-20.123291,-20.182085,-23.58178,-25.298203,-19.93355,-16.358126,-14.299908,-16.612144,-17.796963,-17.82083,-16.340425,-18.244326,-9.474568,-4.650688,-4.757859,-3.4064322,-3.376861,-3.5138986,-4.1929874,-4.936653,-6.131547,-4.7598715,-2.201022,-2.9912143,2.5390553,4.43379,4.0350738,5.94239,5.771833,5.976591,5.9645085,6.252258,4.787512,1.608213,-0.5824041,-1.2853907,-5.518631,-0.62231964,2.711148,0.16075382,-3.3101516,-3.5620646,-3.2578876,-7.18755,-3.9893646,0.44703332,-1.5832593,-5.0695567,-9.35533,-14.109856,-13.409061,-9.426207,-0.3515674,0.23129688,-5.7123966,-8.211315,-6.8329506,12.643685,20.38584,22.057526,21.112217,19.60608,15.847328,7.654316,2.5429778,4.4875193,3.6685877,3.1618142,0.76792294,-3.6309347,-4.8478303,-2.478951,-1.7021849,-0.87637687,-3.200798,10.156078,18.014513,20.220652,19.7088,18.38198,14.530102,7.01264,3.5305955,2.8382049,-1.6097901,-5.229044,-7.163494,-10.717206,-9.843968,-11.557903,-9.658455,-9.065681,-10.318842,-10.500087,-12.981845,-11.609186,-9.255963,-11.564568,-13.763137,-14.108866,-20.030228,-15.92659,-10.077721,-12.81558,-12.777668,-15.226716,-16.81134,-10.355026,-4.213007,-4.3555875,-5.3387284,-5.068192,-4.4977183,-3.845898,-2.9687905,-3.1021056,-5.5019426,-8.631571,-8.227052,-8.340743,-8.802863,-8.591352,-9.516155,-10.922159,-11.39428,-13.269306,-15.208081,-9.624518,-10.213413,-3.2899175,8.12958,12.542714,12.70932,11.297617,6.8468122,0.40629473,1.1419604,1.9692885,5.0574136,7.0704308,9.522399,12.9327,14.956186,16.546354,17.606544,17.197865,16.569313,17.750132,18.544231,18.079254,18.046944,18.672234,19.076248,18.695108,17.715555,17.265974,17.227757,17.245787,17.505327,17.817152,17.843777,18.125408,18.134527,18.323162,19.316746,19.915947,20.348948,20.391182,20.494593,20.505589,20.073107,19.17744,18.452644,17.57027,16.133493,15.055446,15.515591,17.056322,17.824947,18.315155,19.292402,19.850645,19.590076,18.62325,17.76322,17.821472,19.171383,20.766573,21.141312,20.687544,19.739798,16.98481,11.68931,9.271648,8.695027,8.647144,7.0559783,6.4632516,5.916202,5.2482996,4.1249847,0.8316555,-1.5554863,-4.3016553,-8.683739,-8.433589,-1.9015248,1.8764938,2.8672624,1.9319689,-0.7236225,-2.6852078,-5.520994,-11.504345,-13.528567,-11.434053,-7.3735685,-6.4007387,-5.129728,-6.748089,-8.383409,-9.571961,-9.383986,-12.4260845,-15.756077,-14.856563,-15.3458,-13.291073,-13.100243,-10.644336,-6.6013155,6.3475513,11.475603,11.621257,8.408575,3.608306,-0.54190147,3.7306018,2.6497986
-3.794911,-2.3120255,-2.4358206,-3.2023978,-4.1160936,-5.3638835,-6.179547,-8.700553,-14.689964,-14.182118,-17.628685,-13.536978,-9.755513,-14.893616,-11.062709,-3.4628356,14.213935,21.354664,23.472576,22.969,19.570114,11.645165,3.7411203,2.9735298,2.7830374,0.5738061,-2.088921,-4.209537,6.0338507,7.2731524,-2.552349,-6.29527,-7.5528803,3.8925745,8.056039,3.1703198,-4.336986,-9.177384,-2.6493082,3.705528,-0.73124254,0.5950819,4.3236966,-1.5554135,-3.0752656,-6.7146654,-8.493548,-8.93411,-9.224897,-3.8367333,-5.430894,-7.691766,-7.5891495,-6.172958,-2.713409,-7.7199345,-14.10666,-0.48891032,8.86497,9.608833,1.5275884,-14.146776,-14.239268,-9.483673,-3.5691836,7.5540133,9.160615,5.1610017,-8.396323,-20.883009,-19.840698,-15.226827,-1.2354152,3.937721,-2.0740645,-11.906067,-17.48486,-14.484381,-13.617745,-10.755148,-6.910889,-4.440264,-8.236786,-13.334194,-13.418173,-16.91658,-2.5080242,7.2862663,10.16487,9.095792,1.7924864,-4.972139,-11.005516,-18.613907,-11.950676,-9.3326025,-11.528763,-13.216612,-12.396697,-10.23985,-15.595011,-15.696093,-9.098789,-6.47326,-9.948917,-15.692197,-20.043001,-19.24204,-16.066805,-11.951352,-6.435511,-5.7614512,-8.135546,-3.635135,3.4485593,0.8329015,-9.451576,-12.758609,-8.373816,-0.049329907,-1.4078463,-8.275049,-16.401413,-12.357992,-9.083421,-9.810492,-8.934043,-8.963598,-8.485089,-10.243902,-16.828663,-15.786716,-11.686066,-8.360142,-10.776821,-16.302017,-9.304624,-3.7245526,-7.652273,-6.593743,-4.4029446,-5.7644086,-7.156801,-1.1014454,-1.4532601,-6.6581907,-10.552788,-15.602237,-12.225456,-11.790524,-13.146697,-14.426351,-9.058641,-7.425338,-10.909687,-16.888044,-18.539259,-8.272325,-3.6260338,-10.039324,-18.239685,-19.819067,-16.761793,-15.954718,-19.955267,-15.455391,-13.546564,-8.241746,-10.877671,-17.909575,-21.660862,-21.486038,-23.553764,-15.280437,-13.998121,-21.936413,-25.980839,-22.670671,-19.675077,-20.138685,-19.656599,-21.257732,-27.427694,-29.370825,-25.355427,-19.982344,-14.443645,-10.78815,-9.223543,-14.261889,-21.803005,-12.410862,-6.1720614,-10.246925,-9.930111,-9.16197,-14.718858,-11.776388,-7.1098127,-8.657003,-13.042767,-15.260421,-17.648508,-19.910332,-20.007355,-22.641392,-18.233112,-11.202022,-8.450494,-9.723282,-13.948381,-10.839336,-4.7763243,-5.222167,-5.396089,-8.0324,-9.4929085,-8.769856,-7.496624,-8.455786,-9.886381,-13.978601,-15.046683,-15.894201,-19.748148,-21.572433,-19.539383,-8.733855,-6.5180626,-13.453311,-22.33006,-21.133852,-16.668362,-7.857009,-9.874536,-20.64744,-20.48773,-23.403093,-25.779781,-32.03447,-15.485121,-11.146674,-17.746237,-15.42088,-17.328905,-16.507109,-19.300774,-24.67946,-26.144447,-26.339361,-13.755231,-5.810298,-8.341159,-16.343893,-19.069502,-8.6002655,-0.19680455,1.5352268,-4.849414,-10.083943,-8.079682,-12.703226,-13.643041,-11.932616,-13.296365,-17.609873,-18.02107,-10.853727,-8.771284,-7.6740212,-11.685853,-11.537163,-9.722702,-10.395011,-12.740482,-16.830135,-13.025848,-4.634919,-6.0026255,-12.546035,-16.006163,-8.137234,-0.20228207,-1.7749696,-5.835777,-4.118946,-7.8216095,-8.635154,-9.60005,-5.958126,-5.0909467,-9.686259,-14.117728,-13.310662,-10.09226,-9.203449,-12.138219,-11.055891,-12.785262,-16.359669,-18.209373,-21.839767,-21.779682,-16.825638,-13.986608,-16.336796,-19.64501,-24.134178,-25.500948,-21.909163,-22.570248,-11.80375,-10.66958,-18.892769,-21.405952,-22.02325,-24.042305,-16.40824,-18.659958,-20.594805,-13.948572,-4.742871,0.6920571,-0.24512398,-4.075077,-2.2566464,-2.9206276,-1.8461193,-2.239276,-5.2576084,3.3804102,3.2678607,-2.735829,2.5673285,7.3552876,11.315681,10.077353,4.938821,9.7388315,6.24069,-3.358942,-3.3250856,4.603613,2.5479298,-14.032439,-13.261867,-8.735985,-5.2480645,-4.6346993,-4.382971,-5.8518248,-4.8747053,-8.151787,-4.683734,-4.437217,-5.0443053,-5.166967,-5.110149,-7.7210193,-8.164003,-11.275135,-13.145887,-17.044342,-20.614584,-16.411219,-5.9344215,-4.7402744,-12.38098,-17.349184,-15.0383005,-2.2650006,-0.09082571,-2.6287317,-1.9408363,1.2613381,-4.612213,-13.816724,-15.149616,-17.734322,-13.878277,-7.7071548,-10.620603,-17.904537,-18.449753,-22.217022,-17.09267,-11.599702,-11.59436,-16.450829,-18.898872,-22.43644,-20.979542,-18.361858,-19.305363,-17.869724,-14.382078,-10.917377,-12.34707,-16.610395,-16.647156,-19.46375,-19.595106,-18.294424,-16.618526,-16.997465,-19.892471,-22.518585,-23.184723,-24.791847,-26.97927,-24.894554,-16.239164,-18.20422,-23.964651,-23.13232,-24.224756,-28.767715,-26.488644,-21.941803,-18.376635,-15.042999,-17.56168,-23.681614,-24.385014,-22.8421,-29.482994,-29.538443,-25.01713,-25.406477,-28.449469,-21.250908,-19.367083,-18.63447,-18.156164,-16.751408,-17.635572,-17.044079,-20.821777,-21.21178,-20.3834,-23.863262,-24.858803,-20.16655,-20.157616,-25.657734,-23.752094,-15.091663,-13.039422,-13.643008,-16.664215,-18.657166,-17.815535,-18.201868,-22.339474,-21.079937,-22.211658,-20.680145,-23.974579,-21.643188,-24.271421,-24.699066,-20.980375,-23.349703,-15.267305,-10.209889,-9.801022,-13.232464,-13.152964,-2.8991053,-2.4097497,-11.915854,-21.032318,-18.131062,-12.770422,-15.881884,-12.464209,-4.524028,-5.140968,-8.955495,-17.613083,-12.649263,-10.387648,-2.9266105,-3.182259,-9.3255625,-12.966194,-20.051048,-18.62924,-8.891354,-5.8916163,-9.886078,-16.063164,-16.779627,-15.839757,-15.348202,-21.071663,-20.94416,-24.075697,-28.709522,-24.849798,-19.088453,-7.782147,-5.7595725,-11.956083,-16.107718,-19.564232,-24.48633,-28.090212,-27.95515,-9.080872,-2.9496357,-7.3117404,-18.29518,-23.128273,-26.593872,-22.834274,-3.3479981,12.018366,17.538454,17.978107,18.219755,18.43267,17.042366,11.049618,-1.5719157,-8.146752,-8.79424,-8.388703,-5.6030416,-7.456621,-6.642585,-4.842706,-6.880232,-14.248885,-4.9278936,4.124769,3.6882937,-3.1662288,-8.220246,-8.664198,-10.993792,-2.5763237,3.726789,9.829527,13.982049,15.270022,15.27465,14.868782,10.358835,-2.7805238,-5.220292,-4.4892583,-10.91017,-3.2933316,1.5459745,-4.075217,-8.33134,-7.0466113,-5.56168,-4.9153605,-4.5422645,-6.7950244,-11.734741,-16.559084,-18.395395,-15.7643585,-12.313143,-7.9143376,-8.782521,-13.751763,-17.987339,-20.447014,-17.912746,-11.188802,-12.955324,-15.6796,-14.221575,-17.149723,-15.436349,-10.7217045,-15.13637,-17.715609,-14.846346,-14.629598,-13.9642725,-14.7681055,-23.258188,-17.973362,-16.27279,-18.89104,-18.63768,-19.291155,-12.207469,-9.137576,-11.290081,-17.612888,-14.1003895,-16.105356,-20.766083,-22.277029,-21.860836,-17.622986,-7.3806543,-7.048627,-13.682294,-20.358374,-27.57806,-23.10852,-15.513048,-1.5577049,-2.4322357,-6.518603,0.24042235,4.2136083,3.799572,3.8969603,2.6227555,-6.22822,-10.92432,-13.71842,-14.961227,-16.65096,-19.796917,-18.54981,-16.374535,-12.280234,-13.730645,-13.075743,-10.050011,-10.497198,-5.3860683,-6.1884017,-11.452384,-22.431677,-22.386587,-19.561567,-19.80232,-22.268917,-23.019865,-25.073374,-26.423828,-30.885527,-25.814983,-8.620944,-1.9482411,3.2262099,4.391062,3.8613567,3.4127116,2.1297677,-0.88975495,-3.5053968,-6.104972,-11.593765,-16.744284,-13.495756,-7.106391,-4.46384,-9.339441,-9.378082,-10.220671,-8.397256,-8.73292,-8.1081915,-7.970429,-17.430874,-19.784445,-21.948551,-20.14891,-15.375179,-16.384336,-13.8882265,-13.756365,-21.571932,-25.656633,-23.478052,-28.811756,-32.58393,-36.455154,-36.57837,-34.163418,-30.925379,-33.497814,-29.949627,-29.59071,-30.305084,-33.070423,-33.312077,-33.438286,-31.510746,-30.034687,-23.439175,-20.862717,-16.885933,-15.487929,-20.638636,-22.488132,-25.720852,-25.353682,-18.318459,-20.963848,-24.600164,-13.829795,-13.095757,-19.458084,-15.764175,-16.473549,-22.693884,-19.592167,-14.479685,1.7432373,2.8441942,-6.5238237,-13.017622,-13.318492,-12.280113,-15.465471,-19.384146,-15.011579,-1.9192324,0.048128735,-6.115896,-2.5355415,3.1011395,12.836457,13.162256,3.728578,-0.021410426,9.95824,11.636555,3.788186,-3.4068534,-12.541247,-8.796007,-8.340286,-4.770855,-3.8194776,-13.827608,-13.677336,-10.898457,-14.2445545,-23.05767,-16.723099,-8.966249,-7.6003914,-8.50433,-12.949495,-20.872175,-20.175343,-18.71201,-13.950463,-15.9899235,-18.93183,-11.739898,-7.586216,-9.581846,-10.30963,-16.588007,-19.478004,-15.950054,-16.065426,-13.280498,-11.618608,-16.23364,-14.44078,-15.8498,-16.637094,-18.758535,-18.045639,-15.023032,-18.142422,-21.010857,-15.784775,-15.699807,-22.511917,-21.864254,-24.042084,-23.709925,-23.486698,-22.805275,-21.795124,-19.16188,-26.27616,-27.339746,-28.633593,-27.14594,-23.554182,-25.503199,-25.53017,-20.761202,-14.632433,-17.655458,-24.351269,-23.792282,-22.663515,-19.887325,-13.58162,-13.981054,-22.261732,-30.529106,-28.560452,-24.143524,-26.297314,-16.19008,-8.472062,-11.771356,-22.230404,-30.162794,-31.173038,-27.677567,-19.029018,-7.2793455,-2.8194919,-3.388257,-4.6501293,-6.965981,-8.2996025,-8.753806,-9.798766,-11.588139,-15.295577,-20.693045,-17.083284,-17.520935,-22.580528,-23.636475,-27.07364,-27.979515,-29.745274,-34.485863,-30.144596,-28.307442,-33.130924,-32.355385,-36.350334,-33.94734,-32.17251,-29.318628,-31.592346,-29.102785,-27.131174,-30.45822,-26.228031,-21.427364,-17.643602,-19.833485,-22.719799,-22.381552,-24.6387,-29.330366,-28.815853,-29.256302,-30.816765,-21.39544,-20.372475,-26.867199,-32.617687,-33.862427,-30.843082,-23.733784,-24.51287,-19.174831,-12.487232,-15.273038,-20.242636,-23.840027,-25.719814,-23.444426,-20.748121,-19.430254,-10.837073,-11.124664,-18.176882,-21.07105,-18.083689,-19.711151,-23.479555,-27.353361,-28.846336,-27.12758,-29.940664,-25.180904,-19.389397,-18.356695,-22.256123,-24.064322,-24.841108,-18.590687,-13.297139,-11.376295,-1.472522,6.423274,8.557394,5.864333,-3.7580829,-9.801592,-13.79237,-12.88528,-11.761991,-14.908523,-13.434599,-10.170592,-11.048035,-7.9474754,-4.6864552,-7.168438,-5.5048985,-6.086592,-10.63998,-10.117742,-7.4599686,-2.8511968,2.172346,-0.12391102,-3.7305138,-4.58705,-4.7550335,-8.984352,-11.517682,-8.045065,-5.157621,8.849466,14.363028,14.929442,12.623888,12.137252,12.154844,10.72694,9.551377,8.148106,7.220344,6.411884,5.221427,3.0295105,-0.4569207,0.8859863,9.589983,12.750054,14.157932,13.901098,10.193864,3.3198116,-3.6716013,-8.407781,-6.5141487,-3.2990122,-1.4929061,-0.18196648,2.768059,2.8560033,1.7839648,0.027677426,-1.8331513,-3.1379995,-3.9995205,-8.593646,-16.889135,-21.39537,-20.553448,-15.285411,-11.416718,-11.609175,-13.189708,-11.657276,-11.242744,-8.193209,-6.4786057,-10.288821,-14.237889,-16.53413,-12.515989,-11.711425,-11.296078,-19.034016,-20.531893,-23.84893,-22.114552,-17.953754,-18.887014,-22.551437,-20.0046,-18.920166,-19.511036,-21.269148,-22.513828,-28.333458,-30.717508,-22.035728,-9.918224,-4.5323825,-6.055767,-17.131464,-13.570044,-16.03352,-13.963822,-17.052778,-24.466288,-15.493821,-11.463336,-17.084515,-27.438255,-24.287983,-24.010115,-26.457458,-27.101786,-23.881824,-25.672693,-30.655197,-20.587696,-12.567526,-13.6947,-22.724827,-5.959364,-4.9702473,-13.35373,-18.703344,-15.852027,-16.542496,-14.058023,-14.883318,-15.670414,-18.346478,-21.745474,-22.250956,-25.384445,-25.062008,-16.150963,-9.536677,-13.171297,-16.730885,-18.523027,-18.734476,-14.848205,-13.455539,-19.80382,-19.06014,-22.645685,-17.686077,-18.880766,-24.307217,-17.71835,-5.2570724,-4.310608,-6.745919,-8.164506,-11.417041,-12.4718075,-12.201685,-14.909545,-9.020149,-8.504449,-15.722056,-19.997816,-13.864248,-16.792377,-22.944366,-21.520746,-23.03752,-21.003067,-14.600392,-18.04598,-29.09441,-28.543623,-26.664934,-24.616373,-17.804867,-15.545948,-9.755415,-8.206277,-14.327545,-19.28148,-25.467182,-15.621679,-6.111932,-2.0829659,4.6954412,7.457658,6.331874,-0.550891,-7.3877163,-12.991522,-16.777021,-20.89045,-18.340103,-14.096828,-16.184267,-14.065985,-16.610521,-20.335651,-18.461428,-12.900616,-13.172014,-16.428028,-20.466692,-21.477215,-17.384882,-17.390453,-12.4291115,-9.353956,-16.026575,-17.981426,-19.076096,-18.457878,-20.766142,-15.9479475,-9.911271,-9.413738,-7.226863,-11.189138,-8.063087,4.4458003,3.682417,-1.7416661,-13.649729,-8.297188,-3.2852232,0.6437152,11.9666,15.749074,14.924042,14.455356,13.929893,11.178237,6.8946643,2.4216032,5.8344483,3.6593535,-3.7954772,2.6259174,2.402854,-1.4996816,-10.268048,-8.54893,-5.9457397,-2.594822,0.23914321,-5.2075872,-6.5084295,-6.7632937,-10.4233,-10.401973,-13.573185,-12.561468,-10.150127,-13.09399,-17.512302,-12.180269,-12.642822,-11.571617,-8.709506,-12.581184,-10.987166,-8.335315,-12.293386,-9.677144,-2.8533103,-1.5760806,-2.1217682,-6.321267,-8.130276,-10.459406,-13.442315,-13.529402,-14.26187,-9.545093,-9.157064,-12.540588,-13.740797,-15.865173,-16.782032,-14.413225,-15.642714,-17.339947,-17.832148,-16.374321,-18.547787,-20.286182,-22.480022,-21.804163,-15.473358,-13.314916,-20.995583,-9.614084,-5.148651,-7.41589,-8.733057,-13.219227,-15.840263,-10.748191,-1.6299841,-2.2896667,-8.228823,-10.156267,-10.144089,-9.940332,-7.7458982,-7.7557592,-6.9556956,-5.6260495,-10.51923,-11.401459,-12.805448,-16.717976,-15.590301,-14.963936,-10.705224,-9.161373,-13.131456,-15.110035,-13.943008,-14.996521,-16.134937,-10.159363,-7.7099247,-5.393647,-6.2558804,-10.777701,-3.7362218,-3.184025,-2.4379525,-6.070346,-6.708908,-6.214147,-4.4692245,-7.505762,-4.1380897,-1.8373237,-1.0260354,0.17590211,1.0804083,2.30613,2.57169,2.8521965,2.8200557,1.4007597,0.4192999,1.386022,3.131858,3.6622362,4.8916097,6.881499,6.987936,5.3721995,3.6483984,5.3219233,3.545276,-2.9215229,3.855196,1.0114921,-11.0242605,-3.4886274,-1.7809933,-10.225824,-9.74688,-10.8871765,-8.078369,-9.582756,-12.505825,-14.477091,-12.426071,-10.747924,-10.852911,-9.219469,-10.685133,-14.539585,-11.527035,-11.735354,-13.694514,-13.527045,-13.504133,-18.37238,-12.440752,-7.431665,-5.0546303,-6.4427595,-6.9148135,-8.349163,-11.534156,-14.528015,-20.16557,-20.67538,-20.556505,-19.371357,-11.517039,-6.679105,-11.635046,-8.6375885,-4.7231455,-3.0497339,1.6455494,2.4915686,3.9937382
0.088523015,-3.9751196,-6.642211,-7.1365366,-7.623147,-9.705784,-11.466446,-13.234297,-19.46589,-20.564463,-17.90599,-9.084331,-6.396174,-14.796999,-0.38999018,3.9589076,7.2642326,8.582378,14.088899,18.916063,20.345476,20.007538,19.76358,20.52385,19.039917,16.62094,15.137957,15.648163,16.928362,12.4197445,0.51166284,-1.995727,0.1620902,11.231542,17.986286,17.549843,15.335606,14.816082,15.291387,14.840203,8.232041,8.104614,15.805192,16.761793,15.35519,14.65006,13.994368,13.530236,12.425343,10.538217,7.797125,7.7065754,8.112143,7.0034847,6.9011025,3.0827508,-5.5164046,2.3091195,5.119986,7.5203733,5.955736,0.9817823,-3.684189,-2.5662289,1.2565048,5.924288,2.8641853,0.67735374,-5.2768,-13.133206,-12.92378,-9.468057,2.050245,6.658439,3.3882427,-6.1838284,-15.571842,-10.815085,-12.577056,-4.2016177,-3.698616,-5.533853,-9.406126,-12.934366,-5.1025176,-1.6933812,-0.18077487,5.501626,6.0766077,3.2173946,-5.118237,-12.611314,-16.318783,-17.535006,-16.707848,-13.242589,-13.021995,-12.938209,-14.639761,-14.840983,-16.137136,-15.358311,-11.049496,-10.924957,-13.565725,-14.002619,-15.990376,-19.519922,-18.138012,-21.022346,-21.617918,-17.496555,-8.840714,3.7466826,11.699717,12.924633,10.899385,5.3694777,-2.9258702,1.8394439,-1.6738086,-7.248211,-10.716587,-10.970696,-10.803104,-12.009006,-10.981024,-15.4772005,-11.629157,-11.686281,-13.273053,-14.465929,-10.600595,0.4788549,4.032393,3.2143588,2.6936946,2.765107,-5.6269875,-13.661852,0.4941106,7.4206777,9.5539665,6.949835,-3.7566435,-7.2185326,-12.069231,-9.337989,-12.4214115,-13.14694,-14.350699,-20.382006,-20.091389,-16.822363,-12.255598,-14.616204,-23.493174,-15.703788,-11.061143,-16.452639,-19.33639,-14.470278,-16.266077,-21.11274,-21.681873,-25.516653,-23.259705,-14.841189,-9.792949,-12.009071,-10.416589,-8.181573,-11.650284,-14.257432,-13.938147,-18.759142,-20.8978,-24.369537,-17.075483,-11.363237,-13.377203,-15.645067,-20.499046,-21.580706,-23.374712,-19.612839,-12.214163,3.137888,7.954702,4.9534416,0.8255937,0.7378194,0.40287513,-9.039937,-14.678164,-3.0898821,4.1798744,4.891199,2.2388525,-8.556849,-15.775943,-17.503454,-17.767275,-12.460436,-13.2594595,-11.9673815,-6.497014,-7.269557,-10.43634,-13.440754,-17.234936,-18.755657,-10.032563,-7.1543226,-7.7016573,-9.736271,-9.740377,-8.750989,-8.685027,-8.758175,-5.371408,-0.46826065,-3.678238,-10.599901,-12.484101,-18.041422,-5.185521,2.7422547,3.8480592,-0.6554272,-13.607765,-20.439693,-10.171723,-0.1787244,-1.1891807,-8.755019,-11.738334,-14.796808,-14.78304,-16.198242,-12.719006,-7.3021865,-11.485865,-13.372862,-14.341108,-12.792281,-12.675852,-18.415466,-21.393862,-18.12195,-5.0118513,5.0588155,5.62183,4.7367187,4.55793,4.104001,5.973633,1.2821733,-1.5327094,-2.726482,-5.6701655,-11.382604,-12.595024,-6.41179,0.20496413,1.9267473,-3.284366,-8.162877,-2.6647365,2.5403419,0.7180529,-7.826317,-14.511562,-13.217239,-16.483902,-19.432962,-11.502686,-1.2767451,-2.0767975,-10.038469,-16.716518,-4.3995914,-2.625736,-10.367258,-7.550417,-6.5959926,-13.983492,-13.459303,-10.23705,-9.549225,-15.622502,-16.56867,-17.122164,-15.930667,-13.913583,-12.441889,-14.529371,-17.25463,-18.231703,-20.715534,-20.966938,-24.808533,-26.353958,-23.081509,-19.097904,-20.215567,-24.097193,-27.672386,-31.729809,-22.31457,-18.49185,-14.731174,-12.535971,-21.499903,-20.768929,-21.350548,-26.670135,-20.263466,-22.001682,-20.201942,-12.2266245,-1.4415622,2.2022913,1.8133714,-4.2329865,-2.0850794,0.25442967,-0.12406285,-1.4460899,-3.5136867,-1.2418718,-0.42433614,-6.2499313,-5.2610598,-5.396098,-5.5862803,-3.250934,8.109801,16.310484,15.541111,9.56453,8.907621,12.742884,6.8789487,-12.6940975,-9.975258,-4.2102966,-1.0535966,-1.4939995,-1.0518904,-2.52013,-3.5338,-7.52799,-5.459282,-4.9601192,-2.1378093,-2.728167,-5.273802,-10.499016,-0.6767601,1.8122969,-3.8710163,-14.437601,-10.003626,-5.3799763,-4.2508297,-7.331083,-9.810202,-11.622638,-12.737151,-4.2538195,-3.5886164,-7.71918,-9.943106,-1.5113384,1.6606283,0.7212876,-3.991499,-15.349723,-12.362303,-3.6328683,-4.668316,-15.918374,-17.439253,-18.736288,-17.850323,-10.334356,-8.49498,-13.436967,-11.546749,-14.00522,-18.567217,-14.535399,-14.371071,-15.286069,-14.420423,-14.760437,-18.296238,-23.760506,-20.362667,-22.005527,-24.551476,-20.900177,-17.372883,-20.462648,-26.172798,-25.951271,-24.647533,-21.987125,-20.438782,-21.263533,-15.033673,-15.867347,-22.61012,-21.51227,-22.843046,-25.888027,-26.491852,-19.855005,-14.810108,-15.923906,-17.925686,-18.29267,-22.527672,-23.473316,-30.580498,-39.001053,-30.906136,-30.04616,-29.089104,-24.97428,-23.91183,-24.347628,-23.033642,-21.679672,-21.963974,-16.977486,-19.020523,-23.570883,-25.066586,-25.471163,-24.72335,-25.706043,-18.232515,-17.130842,-21.426943,-13.309843,-11.865053,-14.155924,-17.27527,-16.42054,-17.28645,-17.607632,-21.133781,-26.311947,-24.357824,-15.154639,-5.8240433,-5.8263006,-6.473415,-3.5223982,-0.94037867,1.666057,2.2088482,-1.9153945,-12.598628,-18.11689,-18.462921,-11.432277,-11.903084,-14.642239,-15.71534,-23.866241,-26.65134,-27.623472,-21.667955,-19.78676,-17.124441,-13.926201,-14.664682,-12.823551,-13.925585,-14.885359,-16.187925,-20.069609,-18.629913,-16.849907,-19.915703,-18.240774,-18.917866,-19.994942,-20.857693,-18.454865,-15.3564415,-15.550431,-21.601921,-24.934776,-24.409039,-26.27693,-28.933693,-20.671951,2.293304,6.4938774,5.5440307,4.96704,2.4457572,-5.7941957,-9.7084,-14.032229,-10.06044,-3.8000643,-6.277082,-11.435499,-14.734778,-17.265278,-22.980997,-7.8904448,4.9870443,7.9029126,10.966358,14.39425,15.336938,12.641556,9.072972,10.738848,10.305051,10.52979,10.980213,11.018097,7.1407604,-3.565749,-4.8981814,-4.8118205,-6.3833084,-0.4320212,10.544603,10.774748,13.236833,14.67792,8.293995,3.3617897,8.603483,8.2760725,7.9216394,10.4297905,12.047178,12.337441,10.877658,4.502512,-3.2798843,-4.2636337,-6.444207,-13.162277,-11.632679,-8.359417,-9.71839,-12.291113,-9.612014,-6.2604446,-6.146699,-7.166499,-10.254053,-11.481297,-15.276512,-17.450094,-15.351421,-11.32123,-6.718085,-9.685131,-14.262839,-16.186346,-17.72469,-14.758772,-12.476311,-12.246543,-13.024336,-16.058338,-11.984525,-9.9726925,-13.846027,-18.27044,-18.758324,-14.859147,-15.447774,-12.358564,-8.548012,-9.064381,-9.221669,-9.272809,-14.861065,-18.498646,-19.548054,-17.282198,-17.500355,-21.387299,-19.021065,-8.216325,-3.2557187,-2.2577045,-5.3138075,-10.595423,-7.4669485,-3.6705198,-8.746069,-14.977803,-17.167156,-18.906696,-17.99321,-15.385255,-4.110718,-4.9728875,-7.1939754,-5.213285,-3.7463439,-1.0886179,-0.89651835,-3.6655445,-11.96386,-14.9763975,-14.403172,-19.596693,-23.454395,-24.514807,-18.378967,-14.407436,-20.593214,-22.211319,-21.479782,-23.189108,-21.58681,-7.8790193,-2.669097,-7.991929,-22.3341,-22.462255,-20.683475,-22.87359,-26.540108,-21.92844,-24.328897,-28.265724,-29.801893,-24.398628,-6.846282,-0.9098394,0.16190813,0.35228536,-0.06511258,-0.092195414,-0.43943757,-2.3614779,-5.0563936,-7.196389,-10.130024,-14.563293,-7.783814,-5.7782464,-11.405874,-14.881514,-6.706181,-7.3757796,-12.502159,-16.420897,-9.979868,-7.1138496,-11.137737,-5.791221,-6.1316586,-12.550248,-18.9011,-16.835901,-14.66021,-14.513132,-11.544543,-10.471891,-10.58774,-13.667656,-17.661188,-22.93044,-22.616684,-19.327866,-18.88488,-20.96717,-22.482584,-21.817047,-24.440195,-26.3149,-23.986319,-24.655897,-27.056257,-27.40649,-20.128754,-19.209326,-16.92788,-17.803709,-15.5022335,-16.245903,-21.572403,-21.726875,-17.009228,-20.981703,-20.942856,-14.222584,-12.810459,-17.168043,-21.763882,-25.042162,-24.67913,-13.699284,-9.434101,10.952167,16.861319,16.81402,14.971252,12.726364,9.540846,5.8889055,2.7155187,-3.4618373,6.235898,6.948763,-4.397024,-1.1275192,-0.81929296,6.148372,14.2561245,15.109042,16.76389,17.253836,10.53184,2.4250517,-2.9616997,-7.764104,-10.023912,-11.021962,-9.092892,-8.557752,-11.262797,-7.0462236,-4.4285088,-6.4607043,-9.980131,-12.003498,-5.1465693,-6.348837,-8.900045,-9.544933,-11.646429,-15.637797,-21.634977,-17.759785,-9.1346855,-7.795859,-1.2315651,4.859552,3.5247917,1.0941405,-3.2677748,-6.9378433,-13.2420435,-11.459921,-6.2395372,-9.548598,-8.990619,-10.5861,-14.58617,-14.260182,-16.800358,-17.966934,-15.546637,-14.642104,-18.720098,-20.121502,-14.829844,-17.354418,-23.084066,-25.129526,-23.206211,-25.212404,-20.437021,-15.845503,-19.534397,-21.005627,-21.318884,-24.101768,-24.032156,-19.861609,-22.95429,-21.33442,-8.45488,1.046877,0.89263386,-6.346023,-13.510524,-12.685713,-14.785327,-13.847022,-12.611302,-17.372868,-20.757832,-19.271221,-21.96808,-21.940308,-18.31285,-8.285171,-9.295116,-14.720658,-15.027175,-20.834131,-27.813438,-21.211643,-5.635208,-1.0090568,-3.5657933,-6.34686,-8.540161,-10.108803,-10.578983,-10.523151,-8.871197,-12.785933,-18.436338,-19.489239,-19.330072,-20.7476,-22.939789,-22.62976,-22.048178,-21.175278,-21.636183,-21.08753,-20.184135,-20.717916,-21.347113,-22.365294,-27.167454,-27.629707,-26.59814,-35.056225,-35.453495,-29.000113,-25.210354,-24.324287,-21.360622,-22.116339,-9.602399,-7.146782,-14.19755,-16.550703,-16.027605,-16.142775,-17.651896,-20.158243,-16.292757,-15.930613,-21.792908,-23.966341,-26.759338,-28.041544,-24.240017,-25.455582,-11.324955,-0.64551,0.08525088,-0.89701986,-0.776534,-2.3569593,-6.1304593,-13.293538,-11.894778,-13.391745,-21.805122,-24.272617,-18.737028,-19.220465,-22.380127,-25.773058,-25.75634,-26.770613,-29.146948,-29.793747,-25.087397,-20.763756,-19.495949,-21.820961,-23.268456,-25.293137,-9.232077,-4.8579626,-1.0030912,-1.7232063,2.5009122,2.7110353,-2.02724,-11.127064,-14.874307,-18.8606,-23.867456,-20.003786,-18.410805,-23.604498,-24.478947,-22.055178,-19.693468,-15.969137,-17.396606,-21.75833,-20.052874,-20.36502,-26.710417,-17.492363,4.2443533,9.614851,8.490589,8.542315,9.425924,8.53646,6.2126245,0.048264418,-3.1776414,-3.6493096,7.999157,11.759963,10.766918,8.166767,7.940621,7.5008574,6.8509984,5.245496,3.6530085,2.4349384,1.8062077,0.39512604,-1.7051704,-5.123784,-4.055526,4.7440763,8.077698,10.133472,11.931053,8.631014,0.009765108,-6.600776,-10.018976,-9.065226,-5.740998,-4.206843,-1.129956,-0.19951887,-0.53613067,-0.83608687,-2.2787378,-5.1429653,-5.103718,-6.245286,-10.8260145,-18.72733,-24.492191,-19.247265,-14.607714,-6.028133,-6.808593,-12.101012,-13.288525,-14.750856,-10.846263,-6.9134016,-9.106911,-15.792545,-14.075777,-10.875536,-12.297375,-11.106754,-16.77065,-18.660992,-18.630363,-16.82109,-16.21885,-17.194286,-24.408047,-24.392391,-19.67437,-20.050333,-23.478214,-21.257952,-24.552563,-29.624178,-27.634678,-9.407961,-6.3872714,-10.974916,-18.703941,-19.823084,-12.0568905,-10.834031,-18.507164,-17.179466,-11.72629,-12.679548,-18.689215,-21.64136,-19.838448,-19.192219,-22.792126,-24.861462,-21.705055,-18.184994,-22.464622,-26.534187,-21.898445,-24.44936,-25.096693,-8.013211,-7.2265606,-14.552885,-19.023926,-21.109978,-22.112652,-23.47469,-22.501143,-20.328272,-16.40176,-20.357037,-25.904774,-28.752031,-31.91888,-12.100731,-1.7498181,-2.0218072,-6.1153626,-7.173893,-14.498909,-13.596819,-16.332916,-19.235193,-19.930738,-21.283535,-20.200005,-19.31362,-21.758879,-21.35038,-10.465312,-10.149752,-14.188231,-12.743776,-11.722139,-15.318268,-19.151068,-17.986128,-12.710305,-14.222771,-17.52323,-11.463536,-3.3760486,-3.8340526,-5.589381,-7.869105,-12.47115,-16.8213,-17.235374,-18.504856,-17.47858,-15.357818,-21.349115,-29.608307,-28.357773,-15.232025,-9.541368,-9.274608,-14.278481,-17.399155,-10.662051,-9.643321,-6.75555,-6.131033,-0.61194235,2.223988,0.047177307,-8.608917,-13.577228,-17.150972,-21.241676,-25.549795,-21.523628,-21.276882,-22.593958,-14.386989,-16.24873,-25.616838,-21.56392,-20.631115,-17.862574,-17.30861,-24.106453,-21.415136,-19.76559,-22.202253,-23.006964,-21.50113,-29.101631,-31.003134,-27.355824,-27.518665,-24.744999,-21.593029,-22.320805,-21.001701,-20.821075,-21.420414,-10.033419,2.6285467,1.5867472,-11.5273075,-12.009598,-6.5617,-5.588235,2.5154138,10.465351,11.18401,9.484032,9.609259,10.391417,8.110265,4.8470435,1.2404021,-0.3264982,-4.211815,-8.568722,1.0794939,0.38036942,-11.08883,-10.810289,-9.75078,-11.62263,-5.8992414,-2.0210948,-6.2748,-9.767503,-11.063898,-11.833115,-15.070144,-16.004616,-18.279467,-19.536879,-19.866552,-20.480244,-10.222144,-7.059839,-11.283769,-15.401505,-17.838465,-14.882444,-12.375712,-13.102498,-14.711032,-5.7041388,-2.3384569,-4.4516473,-8.411904,-10.4392,-9.226438,-11.65843,-15.751172,-18.763304,-14.078644,-12.698761,-12.169772,-11.561961,-15.922709,-15.710196,-15.556899,-15.207262,-14.422702,-18.299484,-17.814806,-19.246847,-20.150812,-20.182049,-21.242218,-21.612455,-19.218582,-26.884783,-11.139446,-6.2553053,-12.191924,-15.533031,-18.762342,-22.589035,-19.075157,-5.769901,-3.2083228,-7.149761,-9.9475975,-9.016939,-10.412867,-8.62582,-9.397084,-4.126,-3.7413144,-8.760251,-12.589182,-12.785166,-18.154976,-17.518045,-14.949527,-21.10076,-21.928848,-17.893435,-21.526031,-19.820503,-21.478767,-20.529793,-21.743553,-14.392508,-13.276466,-16.777533,-16.453241,-16.499739,-18.727552,-25.968302,-22.805729,-21.71625,-18.958603,-18.082499,-18.037178,-18.876282,-20.86732,-21.31374,-25.536575,-24.953669,-25.121222,-22.018116,-19.18428,-19.567722,-21.670864,-25.360752,-25.042854,-23.33923,-14.115514,-14.672012,-23.8456,-23.616142,-20.50845,-23.551615,-19.165579,-20.249464,2.1453633,13.089672,14.67724,12.1371355,10.61636,7.2436814,-4.868411,-3.7827504,-4.242711,-3.697058,-5.0058484,-10.164688,-10.977775,-13.181199,-12.10361,-9.591855,-9.06951,-10.673541,-10.739546,-11.014873,-6.031373,-8.661953,-10.249117,-10.258657,-11.235865,-6.2494383,-3.3606853,-6.4738507,-11.4277,-9.58603,-3.7008393,-2.4643798,-4.8739014,-7.6842685,-9.451242,-11.170768,-8.157206,-5.728075,-4.403446,-4.4595456,-6.271433,-4.3497567,0.0031481455,0.09796983,-0.96015245,4.2680397
1.0413358,1.4647946,1.4022627,1.2998515,0.72071135,-2.6872075,-10.304271,-15.318218,-17.479012,-19.155605,-16.765879,-9.593963,-6.522811,-6.85682,2.9558058,11.919132,13.476792,10.232889,7.1623907,1.6487658,1.9702482,10.365,14.85485,19.801586,22.172104,22.540396,22.47325,22.295343,20.529778,12.688723,2.9864728,1.8154702,4.053802,13.120499,20.02764,21.959848,21.939402,21.181402,20.516787,17.294147,8.5024605,10.612226,17.74871,20.299393,20.97813,20.922783,20.45715,19.967833,18.803677,17.692263,16.879805,16.988014,16.896711,16.19787,15.642553,12.811453,6.3484426,0.8156395,1.641988,4.9853296,9.575402,6.325075,7.294303,5.8140507,1.9393876,2.0117679,-3.4156885,0.37587258,-1.7081581,-1.4225605,-3.1151352,-0.88167757,-1.394109,1.3716652,5.5184774,1.8347518,-3.0398223,-5.8659263,-2.8630805,1.3225513,2.0036187,-3.4410903,-6.153737,-3.4729877,4.525924,6.3293495,0.61742276,-4.45831,-4.239668,-9.495129,-8.1425495,-10.864216,-13.113828,-8.583788,-9.449055,-12.472179,-7.2117004,-4.8529587,-5.6995196,-3.0645418,-3.39497,-6.5033264,-7.3447757,-6.0916233,-5.5339985,-3.4587355,-4.9802866,-7.11688,-7.838437,-10.056917,-13.406395,-16.1079,-4.980291,4.191677,6.2982745,10.602173,13.733808,9.79698,-0.43289715,0.56949395,-2.4721446,-7.9403286,-8.166627,-9.616793,-9.830032,-14.221458,-14.006167,-17.342266,-16.771439,-12.939016,-12.063086,-11.806792,-2.2702851,7.9320564,12.750711,13.375659,12.060614,7.251279,-5.886691,-10.413204,1.9897306,9.535486,11.274444,8.154577,-1.3897262,-5.61598,-7.855563,-4.0916247,-5.0750723,-3.9274545,-2.576581,-7.2661085,-8.540968,-7.4592633,-9.460181,-12.523065,-21.358482,-20.166374,-18.71613,-21.177677,-12.166666,-6.4988666,-8.092421,-12.32132,-13.419508,-18.92299,-16.860971,-15.775492,-7.6640577,-3.2200866,-0.24372055,2.0708992,0.59566563,-4.532625,-9.801599,-8.139201,-8.896498,-9.60394,-7.0348883,-2.736322,1.6188906,3.0917244,1.8168598,-2.1146805,-9.612362,-10.149268,-9.1506405,6.697236,13.562481,14.613436,13.645572,12.245537,7.244088,-5.8403373,-11.852107,-2.7026346,7.7228312,10.653189,6.351764,-7.3509507,-19.221243,-14.903174,-16.13516,-11.510599,-7.831811,-3.5396705,-0.800012,-2.5141811,-12.402197,-26.337063,-20.529633,-18.880856,-22.248533,-13.271646,-5.7070785,-4.816194,-8.368304,-15.193839,-20.680462,-14.246446,0.40658182,5.394881,0.32308814,-8.86228,-2.9794672,-2.859271,3.7788703,6.5676494,4.490382,2.8287957,-5.609898,-8.349001,-4.7925987,2.3631148,-0.0022363467,-8.377998,-9.924519,-9.862818,-10.550592,-13.407544,-13.512465,-8.444789,-10.9269285,-9.969379,-9.947174,-8.092943,-7.156602,-9.251882,-11.913718,-11.25003,-1.3856708,12.378284,16.173155,16.40973,16.47043,14.740396,10.245024,1.2816893,2.625067,3.123844,-2.5656528,-1.6009122,-1.1145005,2.1617908,4.3270736,4.17391,2.6222324,-1.3633806,-0.2001946,-1.0055884,-1.7929567,-5.4705143,-8.144766,-6.7138295,-4.5574903,-4.1861286,-5.094306,-3.7176645,-1.1697543,-5.5561347,-6.9160247,-6.267725,-8.536407,-14.029844,-7.138959,-4.1849146,-9.924039,-16.313297,-8.531323,-6.811123,-16.106499,-25.023155,-19.22514,-17.115017,-14.478775,-10.348551,-8.061958,-5.796401,-6.0040503,-10.158349,-12.090412,-9.738894,-9.65636,-11.206594,-11.942854,-11.948386,-12.310574,-12.003201,-12.172431,-12.14794,-14.115939,-11.972351,-12.333672,-19.341293,-24.431496,-24.215239,-27.906666,-20.725105,-15.927085,-15.494233,-16.65974,-8.056301,-5.3169956,-7.010669,-17.12034,-17.913763,-17.280483,-21.310465,-18.188906,-16.501972,-12.786959,-10.456606,-11.114007,-15.807973,-23.870758,-12.069609,-1.2042027,9.689237,16.954481,20.800665,21.772778,21.934574,19.697691,9.233161,-7.2880893,-0.42502317,2.7117047,4.1435833,5.1417427,2.9191337,-3.7344103,-5.397094,-6.535399,-1.771732,2.329999,4.17067,0.4486108,-5.70549,-4.719898,6.9474864,11.84661,11.7309,10.229049,10.635356,10.995474,8.036811,-2.5053802,-6.7319465,-2.361332,-1.2814122,0.29287648,-0.3406355,-1.2037228,-2.4048247,1.4126743,2.7608502,2.5543368,0.44963792,-0.54310924,-2.286503,-4.0576324,-1.476182,-10.912277,-20.038021,-17.090664,-11.08526,-10.796301,-11.670397,-11.507256,-11.555836,-12.860316,-16.647827,-16.09213,-15.431778,-11.340366,-10.768767,-16.857231,-22.331732,-20.955627,-24.737461,-21.019669,-17.8573,-20.252476,-18.791147,-18.740404,-25.07087,-29.206512,-20.278273,-16.90816,-18.212955,-18.53354,-19.970724,-17.9351,-24.670784,-23.954979,-19.679306,-20.704365,-28.288595,-22.414398,-14.775297,-17.500555,-11.548523,-6.2920933,-6.8063536,-8.901763,-11.400396,-12.985162,-13.912443,-15.731628,-19.250277,-21.528341,-22.713367,-29.605618,-30.40375,-28.81654,-28.722277,-18.803165,-19.131824,-30.40055,-32.038353,-25.611553,-19.521692,-17.0085,-10.036592,-6.0240955,-7.3768272,-7.5024295,-9.256139,-10.857692,-11.599915,-12.263454,-13.2858,-12.921383,-14.618033,-24.333467,-21.186943,-8.139421,2.0580013,4.7145443,5.5278225,7.2097025,7.7418785,7.2468815,4.479884,-3.4361439,-10.056181,-12.525836,-11.28632,-6.6869826,-6.2758627,-6.2988214,-8.049366,-13.115299,-16.21794,-17.711475,-16.540136,-13.518485,-12.026969,-7.732411,-8.421471,-11.8974495,-16.793438,-16.725134,-13.550521,-13.305763,-9.120203,-7.216494,-10.197011,-11.901678,-13.784855,-15.229971,-19.597908,-21.18996,-21.09051,-13.624413,-7.490432,-5.546779,-5.6956444,-8.13675,-10.923595,-10.78293,7.550728,15.540144,17.197853,16.341604,12.184596,4.6080604,-0.83582866,-7.1811028,-7.9032083,-5.463419,-3.345361,-7.4107547,-8.387261,-9.367899,-15.145431,-8.697777,0.7329049,3.2954612,12.967236,16.198229,16.34658,15.256438,12.92911,16.153713,17.372738,17.410349,17.285374,15.5096,8.427393,-1.8743207,0.7435084,2.208529,-0.10678592,3.3973732,17.373386,21.747189,23.136173,22.42839,16.546473,14.056235,15.891125,17.210007,16.151598,14.795654,14.439133,13.225466,10.823508,8.701603,7.341535,6.8531675,3.197041,-4.9451156,-6.621754,-5.4177117,-6.662285,-10.322483,-5.7171054,-3.591529,-6.35659,-14.029031,-14.494024,-10.814433,-10.211197,-16.148241,-19.054117,-9.187993,-3.238844,-4.93881,-8.722328,-7.5595922,-6.6050825,-5.0165777,-5.2225027,-4.7257833,-5.2807703,-9.208707,-5.042309,-3.2245114,-9.090746,-10.571716,-11.317461,-12.093769,-13.636007,-9.680425,-1.7804695,0.8282633,0.5680942,-2.094176,-7.9239445,-10.1521225,-10.917845,-15.705025,-20.062094,-19.475418,-13.314248,-5.6830215,2.635786,6.0588975,6.0708766,5.1854873,5.0823565,2.0887225,-9.697434,-15.755758,-15.4375,-11.166895,-9.267043,-9.481587,-1.142248,-0.826729,-9.922882,-7.71422,-6.4425774,-11.199556,-13.311053,-12.13901,-16.192816,-13.898094,-11.157145,-18.882763,-19.42437,-20.57023,-14.029118,-11.699007,-18.248337,-23.284063,-22.673973,-22.001543,-22.91496,-11.922512,-6.719331,-11.5867405,-27.418793,-16.757473,-13.190109,-13.339596,-13.856822,-13.78118,-16.136204,-20.010225,-22.506723,-21.62058,-12.198043,-10.430443,-12.030025,-14.886304,-16.437153,-19.174162,-19.390972,-17.842428,-17.993937,-19.304037,-16.578657,-13.093057,-8.948407,-8.789337,-19.29512,-18.414434,-13.994079,-16.018896,-18.350094,-19.516605,-18.60895,-6.768083,-2.805472,-0.4041803,0.74511313,-2.930504,-4.925414,-5.5008388,-7.36992,-4.368424,0.91865623,3.0306313,2.898657,0.76901984,-3.3440864,-10.58737,-10.615188,-5.4530754,-3.9765012,-4.498828,-5.231906,-5.987225,-7.8879476,-9.434202,-9.000644,-8.961801,-10.431448,-12.048811,-15.076037,-18.214643,-21.906525,-11.814198,-4.850938,-5.1415997,-7.3738647,-9.7080345,-11.246444,-12.597759,-9.672153,-4.27704,-4.720934,-10.3209505,-10.502715,-10.850907,-10.97601,-4.0241294,-3.1642148,12.6877,18.690512,20.42428,21.242683,21.292341,21.159927,21.00579,20.954521,20.325676,19.828716,14.737297,1.4558322,5.6473494,5.1332703,8.899165,17.513315,19.584526,19.005964,15.144865,6.527975,6.024155,5.927584,1.3298917,-4.019156,-1.9220388,-2.9437945,-4.906511,-8.010392,-10.036324,-2.1406631,0.3364461,-4.657943,-8.301843,-3.7967465,-5.7356935,-7.3763747,-7.537731,-7.0328846,-7.1842265,-11.113174,-9.295348,-6.242877,-5.882949,3.1264486,13.057611,15.227592,12.971515,7.5792637,1.7376819,-7.0430317,-6.902341,-1.5758965,-1.2008859,-0.7188395,-2.9065237,-7.605755,-4.6351914,-7.480783,-17.083494,-15.127363,-12.067287,-14.427994,-12.985908,-10.264679,-9.419786,-14.175329,-18.32106,-14.718807,-16.871635,-18.350231,-12.457951,-12.701868,-14.282898,-14.115288,-12.790472,-11.181936,-11.96475,-19.068995,-19.205841,-4.2200427,7.639704,6.325495,-2.4578662,-8.497465,-13.149091,-8.735312,-4.715505,-3.5828912,-4.5640473,-5.5829973,-8.063662,-16.117918,-25.055595,-21.549559,-11.356152,-11.111193,-15.394089,-14.660418,-17.710697,-23.083143,-17.494192,-5.65664,-5.556219,-13.585262,-17.989256,-15.534056,-18.66013,-20.694265,-23.886717,-12.997318,-8.450915,-8.35257,-7.759742,-7.549058,-6.7926216,-7.2969093,-7.4532766,-7.324067,-8.011385,-8.408673,-8.124132,-7.773192,-8.290085,-9.199077,-12.163253,-22.4173,-23.371218,-20.691818,-24.477562,-26.245197,-26.556084,-27.163269,-28.592329,-21.320848,-21.79592,-4.9462924,2.2924218,2.7520041,2.1749558,1.6997693,0.713521,-0.5704136,-1.7763137,-4.1228023,-10.73279,-14.957038,-16.267927,-16.896727,-21.267502,-25.687382,-23.869625,-7.127557,6.9238048,10.812515,10.873815,10.365536,8.858487,4.37218,-4.205824,-6.2726736,-9.82568,-16.393116,-11.843118,-7.081873,-7.5409226,-11.735296,-15.665228,-12.651289,-11.471512,-12.880688,-14.498321,-13.226161,-12.769741,-12.384169,-10.671326,-11.7419,-13.7193,-2.765722,3.754883,3.6795297,-3.5225067,-9.827741,-13.187242,-12.500423,-17.625467,-16.980114,-15.66196,-20.078737,-17.78717,-19.49055,-22.390064,-16.180634,-12.945379,-13.734005,-14.10067,-15.180703,-24.241077,-25.204147,-21.542366,-23.327724,-15.846959,10.6320095,19.518913,21.38824,21.515978,21.49279,20.540009,17.246885,11.066646,6.2984867,1.8169512,-1.5150316,-3.5157795,-0.44116244,-0.89400524,-0.11446581,-1.6196859,-8.794968,-7.1326547,-6.659581,-6.7862816,-6.607478,-12.60365,-20.182117,-16.809412,-12.805081,-11.600689,-11.484751,-13.796855,-4.4194074,-4.539076,-13.640672,-14.763614,-17.5297,-11.393034,-2.3420742,-1.8614852,-3.04126,-4.804043,-5.2468014,-7.8294516,-10.795678,-8.161037,-7.593214,-10.413139,-11.645503,-13.043246,-14.122459,-14.308569,-12.756691,-2.1752038,1.1096911,0.540423,1.0231985,0.14195682,-0.90971464,-2.7649088,-8.429957,-17.747711,-15.665622,-15.505677,-16.281876,-13.644608,-21.764542,-26.863277,-20.2846,-20.50565,-20.36828,-23.604567,-24.746721,-25.421316,-26.776495,-28.687374,-30.817783,-32.41416,-28.323795,-30.644121,-29.232101,-10.188671,-5.3465466,-10.773388,-19.99197,-10.950689,-1.1763138,-2.7002957,-17.375738,-15.132522,-8.342137,-8.095411,-19.047535,-27.509544,-25.592525,-23.69818,-27.533634,-21.864717,-14.702698,-16.140327,-20.000048,-22.956038,-24.293278,-24.706982,-24.171967,-6.6966763,-4.0572195,-12.134928,-23.751228,-23.834156,-20.945316,-20.258644,-21.90347,-17.762417,-10.206957,-13.945568,-26.804249,-31.972914,-31.491371,-13.457129,-3.0675297,-1.1577736,2.5612876,4.9750834,1.686207,-4.0493507,-8.174353,-15.343356,-14.466686,-15.03624,-15.471519,-17.144573,-21.180023,-22.09419,-15.965142,-12.796563,-5.1456313,-3.291761,-1.792494,-2.184884,-3.7030253,-3.5900533,-5.0376225,-4.8990197,-8.701636,-6.97493,4.30428,7.0304623,6.1651664,3.1473339,-1.341424,-6.163925,-10.610427,-8.4940605,-8.297351,-10.619402,-15.582763,-18.829414,-20.521677,-13.508537,-9.64442,-11.2247925,-6.848789,-7.416225,-4.054111,-2.6896234,-5.6878557,-7.465171,-6.825698,-5.6313586,-6.0752273,-5.926578,-6.5606785,-8.853145,-9.025945,-7.7851152,-6.6313353,-6.6726804,-6.988263,-8.84302,-14.089657,-17.910868,-15.430853,-11.2261305,-13.674414,-18.392717,-24.734798,-28.290367,-30.090126,-25.160902,-27.586655,-32.950542,-31.102528,-33.794014,-31.67407,-29.985579,-25.698734,-27.089815,-22.601835,-24.924988,-23.019077,-19.71671,-10.258035,3.7751746,3.66483,-6.031277,-8.626281,-12.78201,-2.5025034,3.1557636,4.3972373,-0.6781715,-1.3159757,-2.9216588,-3.6766899,-4.2869983,-3.2181253,-3.5558023,-3.9215183,-6.1288605,-5.531597,3.40519,3.4392924,-4.123259,-5.1130013,-8.789801,-15.426322,-7.5391107,-0.9521433,-5.218379,-18.927406,-19.486328,-17.750652,-15.701336,-17.000067,-20.403719,-17.580116,-13.864037,-12.5907955,-8.836414,-4.0437717,-9.409246,-22.183702,-25.721344,-26.460875,-18.39451,-13.123733,-17.339281,-20.381645,-15.708801,-18.204172,-15.598966,-11.654185,-12.852407,-9.03496,-6.4199133,-5.7720823,-5.011958,-10.756954,-19.97643,-21.979828,-21.00618,-20.529991,-18.889076,-12.488317,-16.317574,-28.604527,-31.256245,-27.454983,-22.843391,-17.356817,-21.3673,-30.332888,-28.057268,-27.68794,-10.489569,-3.8308957,-7.9182806,-22.971802,-20.9838,-21.45942,-19.743162,-6.6401153,-2.5143876,-5.61513,-9.90622,-10.309306,-14.736252,-18.67942,-11.641368,-3.2974896,-5.870855,-7.9758396,-16.414661,-13.799967,-18.61019,-20.685528,-15.586305,-17.114222,-14.687062,-14.73372,-16.92558,-20.101397,-24.75879,-22.267643,-22.15347,-9.563192,-5.69545,-9.811433,-12.760815,-12.821053,-12.844144,-14.801918,-15.558833,-19.954094,-19.593443,-17.66315,-18.114513,-20.10668,-19.417051,-16.621061,-20.251564,-21.304245,-23.846321,-27.096546,-19.390148,-17.693,-22.229738,-23.963005,-22.526617,-19.248634,-17.998657,-22.07938,-24.620224,-25.457964,-23.461414,-23.605553,-24.360064,-22.068672,2.3096664,13.089839,17.407997,18.297834,16.472567,8.670655,-0.08051057,0.6051443,-4.0247,-1.7593219,-0.80162656,-3.0912824,-5.5577316,-13.647934,-12.639171,-12.267887,-11.174349,-5.8741064,-3.1301222,-4.263775,-4.5054646,-5.2424626,-7.586137,-7.8777976,0.23112312,5.081367,2.7665784,-7.871524,-11.845631,-8.118084,3.8950183,7.6041927,7.073536,6.572892,6.719693,6.6698046,7.272816,7.494154,6.5836487,6.4389486,6.0865855,3.3223305,1.0911245,0.5606187,-2.0360665,9.640818
-5.699477,-4.1129107,-3.750803,-4.0331364,-4.333054,-6.491996,-15.069079,-16.992428,-18.347027,-16.237198,-15.351962,0.9880837,5.8429985,5.142123,7.5062895,9.314304,8.5532465,6.8917747,2.4997983,-2.534192,-7.656112,-4.0428157,-4.375786,2.3813753,7.9766064,11.316905,13.08205,12.297831,11.220216,8.968762,-1.8968744,-10.537228,-7.3404245,5.620678,8.018018,9.400902,11.842427,10.387078,9.108628,8.84989,3.1443353,2.2857957,4.9354715,5.9398913,9.487687,10.100049,9.700282,9.5479145,8.009089,8.236109,9.618601,9.804587,9.305428,8.841369,8.520005,8.511361,4.761499,0.309567,-3.3397288,0.12640837,5.081748,3.8781567,4.3590813,2.7172751,-2.2948842,-2.444956,-5.454585,-0.62659407,-1.2794269,-1.8792155,-1.2032092,-2.1281767,-4.5904174,-0.88930064,3.3678124,1.5516065,-3.0871499,-8.197962,-5.872648,-3.0376,0.25481635,-2.4051242,-6.4071207,-1.173975,1.1608202,1.7653952,-1.9059079,-5.831952,-6.924558,-9.956441,-12.606143,-13.036256,-13.533827,-10.794972,-8.964446,-11.624642,-10.824694,-6.6263633,-6.096661,-5.1402655,-5.20014,-7.2173114,-7.332347,-7.233056,-7.6763315,-5.8548336,-6.0706253,-8.738104,-9.32829,-10.909863,-14.851476,-18.172169,-11.925531,-4.673571,-4.7223206,-1.5680873,2.4609065,0.33037853,-0.34816456,5.599032,2.9663901,-3.4050128,-4.9776435,-5.6250067,-12.507157,-17.909876,-19.660978,-15.647665,-17.792995,-17.821222,-16.370594,-14.998741,-2.347815,3.551701,6.0579586,7.0386534,6.1471696,3.1176395,-8.232607,-14.5225725,-7.216659,-3.6901543,-3.7968442,-3.5247445,-6.963219,-5.5332108,-7.645674,-7.2025256,-6.7019506,-6.4163017,-5.415678,-7.5362444,-8.978502,-6.938944,-9.735896,-14.819351,-21.031084,-18.474524,-17.397667,-18.337898,-14.004073,-10.595984,-12.824482,-13.615975,-14.290179,-15.821379,-17.242569,-16.461775,-10.4027,-8.939562,-6.3885603,-3.0986028,-3.0894315,-7.0554395,-11.354037,-10.203756,-10.257704,-9.496315,-4.2265215,-1.4380931,-0.062442087,2.7804163,2.7605844,-1.2872624,-3.6577556,-6.0440435,-9.088522,-0.17762996,5.337913,8.5366745,8.919834,7.9748745,4.022861,-8.259577,-13.601639,-10.057098,-2.0361295,2.8015113,0.5876609,-11.04496,-22.46271,-22.285461,-19.588305,-18.859766,-15.870627,-3.4743843,-0.73421407,0.34044784,-1.2840718,-4.394902,-7.266254,-11.483293,-10.191688,0.026178632,5.5874605,5.312913,-2.336584,-16.058617,-17.033821,-5.2317657,3.2540724,3.1157613,-2.3708007,-8.4194355,-4.4516563,-4.9456925,2.2228782,3.2500486,1.1193205,0.8002945,-6.077551,-9.821473,-3.6682286,-0.20087776,-5.876113,-8.360182,-6.529997,-10.073208,-15.60691,-18.481657,-13.377093,-12.997049,-18.438545,-11.2361355,-13.027591,-17.199417,-15.803145,-14.367972,-16.41436,-16.517088,-0.23366942,10.255767,11.261674,10.8996525,11.911801,10.800556,3.108817,-4.0777345,-5.0448704,-2.2468195,0.63896334,1.5154462,1.9181068,2.3476393,-4.5440207,-6.2636023,0.11196062,-0.79090124,-6.5045366,-9.7751,-9.636679,-4.479147,-4.425425,-2.1599553,-3.0991826,-4.1968713,-6.4565415,-9.263889,-8.072797,-3.7362666,-4.058438,-10.162438,-14.785126,-12.304754,-9.413461,-3.2353923,-4.2207203,-10.418925,-4.062684,-2.7266774,-9.130696,-18.417137,-19.386929,-18.924881,-18.63029,-12.774678,-11.230579,-6.8286796,-5.2722225,-8.224604,-9.599754,-8.056778,-8.34672,-9.370952,-9.954482,-9.752724,-10.425627,-11.213615,-11.997776,-12.642488,-16.4423,-8.125993,-7.449016,-14.758009,-17.539577,-22.172052,-23.768824,-15.818606,-12.660522,-13.877502,-20.016968,-17.563438,-5.5039167,-5.1216326,-18.62009,-19.647055,-18.295412,-26.932785,-16.06617,-14.795452,-15.65309,-13.886294,-13.134361,-16.393774,-27.445707,-18.164917,-5.780995,7.9577775,9.355513,12.958969,17.89902,18.626406,15.738524,8.41437,-3.2773209,-3.5342193,-2.3800235,-1.2549685,0.74138856,-1.6292976,-6.3946533,-9.4671955,-8.616766,-3.8964775,-0.47042194,-0.1060877,-0.18461886,-0.7252634,-3.0378797,4.166537,7.776435,11.408655,11.265553,9.995249,9.089871,7.734824,4.592957,-1.1370438,-5.3978686,-2.8816545,6.0652857,8.676133,1.5378971,-2.0699174,0.9104374,0.5401428,-0.902263,-1.2593453,5.162918,3.3736422,6.1007643,5.7897115,-5.3306904,-13.926292,-12.255333,-10.064611,-9.495095,-8.530162,-12.131956,-12.225143,-12.668071,-12.674158,-14.674801,-11.520405,-13.647478,-13.541384,-13.937363,-17.136942,-16.171543,-18.501146,-17.888563,-17.800863,-20.1316,-21.035557,-15.589857,-16.443165,-20.25628,-20.601799,-17.286423,-18.598032,-18.959574,-15.798339,-18.71682,-19.95681,-13.7256775,-12.699474,-15.847557,-18.28835,-14.699736,-12.852927,-16.818626,-11.851958,-6.00963,-6.1219435,-8.680333,-10.472102,-11.546085,-13.290285,-14.2609825,-17.190372,-18.837055,-19.426294,-18.078636,-18.960567,-20.113129,-20.64149,-16.205965,-16.80849,-22.088297,-26.909088,-23.207638,-20.581081,-15.633344,-10.10037,-7.148246,-8.656789,-10.907171,-12.467728,-13.862741,-14.630728,-14.992837,-15.10887,-10.492412,-8.593729,-17.145535,-27.833027,-10.045616,-2.3714957,-0.39277273,0.46700215,1.3720733,0.30558062,-3.5594842,-8.149928,-10.948405,-9.28659,-15.979003,-17.181852,-11.190001,-9.289676,-10.821703,-12.53311,-15.927167,-17.805178,-17.278044,-17.417103,-16.64124,-12.664587,-7.6636415,-11.42205,-16.54729,-19.975374,-20.414032,-19.248444,-18.601921,-9.40758,-7.410665,-15.116764,-18.13699,-18.712095,-20.457142,-22.095148,-18.423918,-15.046066,-10.335079,-7.5508747,-6.5013847,-6.539155,-8.978173,-10.862118,-8.4315,7.2920585,11.762954,11.949004,11.712728,7.1729875,-1.4292055,-7.0717363,-9.495024,-11.106834,-8.753847,-8.077486,-11.867934,-13.518372,-16.24385,-17.020367,-14.007946,-5.843139,2.6783953,10.687047,11.682382,11.859608,10.991268,9.24101,8.548202,7.6493635,7.340629,6.6611757,5.7658157,1.2175068,-4.767301,-3.6326728,-4.2558556,-9.237337,4.520369,15.895413,17.428982,17.411345,16.087112,12.960123,9.592715,7.6401997,12.707991,12.068048,10.739198,10.064225,8.500756,5.5669975,2.4703803,2.5602303,2.1014857,-0.3645348,-8.176623,-11.002901,-8.468992,-9.854894,-11.538249,-10.236923,-9.54221,-14.328128,-19.18316,-19.93418,-15.442205,-14.527587,-18.726498,-20.424446,-14.553032,-10.775666,-9.360944,-13.732218,-13.361454,-11.527034,-10.402574,-10.461151,-11.322998,-11.718827,-11.621748,-4.743443,-3.7926426,-13.066015,-15.940649,-13.090824,-12.927654,-11.0111065,-8.282972,-6.626858,-5.4137015,-4.932788,-9.174836,-15.638513,-16.64497,-15.460567,-15.188455,-12.7731905,-5.174986,0.37713063,0.9279195,-3.6517909,-1.295923,1.5105057,2.1595464,1.4933779,-0.95925,-9.791648,-17.797441,-14.786392,-14.462112,-15.23633,-11.363851,0.043575574,-0.5298025,-14.007118,-15.195636,-10.842443,-13.83203,-14.330568,-12.398044,-12.812499,-6.2945976,-7.360246,-18.334175,-16.161068,-16.222702,-12.471273,-9.813417,-17.773743,-19.545061,-19.276228,-23.507145,-21.29731,-15.850563,-14.317911,-21.837757,-20.045774,-12.438557,-13.2223,-15.900467,-15.79584,-15.399581,-16.686832,-18.585207,-19.291113,-13.188728,-10.268645,-7.8961296,-9.770468,-12.347268,-14.430327,-11.830189,-7.5176983,-3.4945984,-4.7123947,-11.38403,-12.6368065,-12.549668,-8.648619,-11.693226,-21.213718,-25.970785,-26.936745,-23.658344,-15.362617,-14.936553,-17.25409,-10.809959,-6.753822,-9.373933,-5.3021708,-2.3372428,-4.042905,-8.549501,-5.4952292,-5.3248334,-2.7566676,-0.7984969,-0.87611014,-2.4372241,-5.8370743,-10.767703,-11.6906595,-8.45389,-7.052419,-7.151702,-7.5457773,-8.507908,-10.019796,-10.986934,-11.348167,-11.604299,-12.664301,-13.138389,-14.415912,-16.037447,-21.501768,-8.513834,-3.2127275,-5.965398,-8.9940815,-10.454309,-14.186268,-13.480271,-12.246722,-5.018235,-5.64744,-11.007567,-10.790609,-11.323589,-10.806991,-4.0470033,-2.6151361,8.270416,7.201061,6.1923146,10.815163,13.382313,16.030266,17.54492,19.497158,20.402899,19.693651,14.606067,3.4242482,1.1905367,-1.5645747,5.3251767,10.389403,7.293126,4.410853,-0.5703165,-0.39616647,3.518042,3.5722413,-0.37241673,-1.5585613,-0.18667996,-3.6295402,-3.7386699,-7.077777,-7.5277944,-6.4932175,-5.860002,-10.269712,-14.633747,-12.036915,-9.889025,-7.6576877,-10.36442,-10.195593,-11.152135,-12.419043,-13.789007,-13.557787,-11.163683,2.3628893,9.953056,11.002417,9.822401,2.31559,-1.5492016,-8.321965,-10.983816,-8.258123,-3.746522,-2.5616171,-6.20562,-8.634997,-6.716878,-6.5662937,-9.100901,-14.081177,-13.604141,-10.680796,-9.424771,-11.039268,-13.072073,-15.042454,-15.298998,-13.899641,-16.350954,-17.830902,-17.104694,-14.86394,-15.6230755,-15.335021,-14.384309,-13.60083,-15.257458,-19.252552,-21.144428,-3.0253327,11.109144,13.716931,7.816819,0.030950028,-2.7922525,-5.9932346,-2.8588681,-4.776099,-4.056447,-5.5131316,-7.618064,-11.578415,-14.567215,-9.137197,-5.7415385,-9.887842,-13.607323,-12.153965,-16.15327,-21.705956,-15.386077,2.054928,5.825648,4.848068,3.211343,1.1615072,0.23717745,-1.4671268,-9.066234,-8.460688,-6.0445695,-8.446423,-8.310112,-8.644735,-8.5589905,-9.406947,-10.391146,-10.005265,-12.255839,-12.264191,-12.273756,-11.734465,-12.152843,-13.33132,-13.57615,-18.066166,-22.42835,-23.98902,-25.395683,-24.523737,-21.952295,-23.508986,-25.293278,-20.727453,-14.709674,-6.948166,0.049820613,1.0193739,0.31834248,-0.082696706,-1.3696264,-2.7459931,-3.4154396,-4.7077217,-9.570454,-18.376486,-17.602592,-18.700293,-21.984034,-21.05046,-21.618011,-5.9986744,4.8224187,6.079557,5.5502553,4.6156416,3.8636699,0.2780717,-10.106394,-12.089633,-12.026806,-5.404907,-3.9043167,-4.1801033,-5.9338098,-7.5157695,-8.49349,-9.237706,-10.22204,-11.318301,-12.753196,-13.613124,-12.71688,-10.85003,-11.584438,-13.361281,-10.196534,-0.42023474,1.5040677,-0.7877759,-8.25477,-16.264397,-18.743862,-18.268444,-19.451015,-19.161549,-16.108877,-20.188183,-20.149109,-21.12005,-20.240124,-17.59353,-15.533358,-16.878544,-18.88935,-20.828,-27.15239,-24.873875,-23.727013,-20.026646,-16.641378,11.319479,17.68648,17.197048,17.043077,16.40713,15.899609,12.873965,5.9199905,2.3327098,0.7896126,-0.29779848,-3.1715064,-2.8645902,-2.5535893,-0.4711703,-0.9361229,-5.1831293,-6.510805,-4.8175707,-2.5627196,-3.8219037,-11.320624,-12.867552,-12.73007,-12.778166,-12.817932,-12.855426,-11.29998,-9.778353,-8.528751,-11.4955,-16.886543,-20.551931,-11.722436,-3.3088686,-5.5564904,-8.255251,-8.860193,-8.154028,-6.1385922,-5.9134583,-9.40512,-10.993517,-12.043668,-11.921703,-14.376408,-14.665131,-15.559385,-16.296265,-6.4531274,-2.02868,-1.1953492,0.10342343,-0.24402392,-2.1275053,-5.014431,-11.2068405,-12.71158,-10.918886,-8.826465,-7.38278,-6.8077493,-9.532415,-10.346116,-11.607502,-12.786469,-13.255572,-14.979215,-15.828153,-16.129744,-16.630983,-16.661386,-17.463099,-18.044329,-18.88105,-19.636446,-19.39409,-8.28441,-6.441695,-14.9969635,-20.752325,-4.103218,9.706792,11.8154335,7.66382,2.346252,2.9545536,2.6595764,-8.065562,-11.352699,-8.767771,-11.503411,-14.437962,-11.174111,-9.807479,-13.913046,-16.904036,-18.543856,-16.642876,-15.220093,-16.968977,-6.6126323,-5.1014166,-11.604128,-13.449442,-18.310493,-19.691605,-14.241786,-12.790128,-10.11548,-8.781031,-11.774093,-14.386147,-17.249104,-19.552258,-18.17345,-12.894936,-8.191505,-0.6565159,6.110585,9.45545,7.18933,2.0206103,-2.3862789,-8.880508,-11.105568,-14.783639,-13.755962,-15.70775,-21.360008,-20.953712,-13.444847,-7.2058873,-2.8997312,-2.0122986,-3.5840738,-4.429861,-4.3625994,-6.882208,-6.7741346,-9.986351,-7.274511,1.0264455,1.8601031,1.4495785,-1.8753587,-5.222302,-8.6653,-12.581605,-11.2820635,-11.501035,-17.07623,-20.476494,-22.50557,-22.534554,-14.8229265,-9.529027,-7.1273847,-4.977937,-3.0754914,-3.5303574,-5.553464,-2.4285045,-2.3062954,-8.231446,-8.518757,-8.623725,-7.9237323,-8.08199,-10.063789,-9.552146,-8.406524,-8.140054,-8.097841,-8.106246,-11.362549,-20.303352,-20.702875,-16.748446,-6.65876,-7.1454854,-9.877156,-10.107328,-11.210908,-15.613966,-18.35663,-18.773035,-21.263506,-22.71457,-21.439703,-20.39153,-19.027374,-19.773506,-20.840595,-20.178757,-21.250195,-15.153826,-9.1607685,-1.6727681,4.3710485,2.3790457,-5.90715,-7.0982227,-6.9267755,-7.413301,-3.0461586,1.4633344,-3.204284,-7.9240685,-8.34647,-8.063581,-10.246843,-10.271954,-7.269442,-8.834824,-11.876906,-11.005139,1.5406215,1.9141834,-8.597486,-13.821928,-13.404981,-17.189005,-5.8896832,-1.476637,-7.9453444,-20.583506,-23.515158,-19.25135,-9.915125,-9.111351,-14.706048,-15.347209,-15.074687,-11.44293,-6.421734,-4.386564,-12.693148,-22.075281,-24.149065,-26.5267,-17.742308,-12.999422,-18.35008,-23.508595,-12.06706,-10.066728,-9.948761,-8.1744175,-13.425739,-9.022831,-7.9834623,-7.3274984,-3.806786,-7.5403748,-22.68021,-24.541927,-22.12785,-23.419693,-19.140856,-14.118724,-19.57617,-31.462824,-32.68012,-27.918444,-23.148563,-18.336946,-23.407322,-23.615059,-22.131071,-22.799835,-11.344171,-5.7802386,-10.978431,-24.51067,-16.482151,-14.737357,-17.935228,-7.9187846,-6.0067253,-10.870528,-14.05403,-14.62372,-15.085478,-17.929897,-6.509154,8.967354,11.0224,9.525072,7.470527,5.437024,-0.18051581,-9.098217,-13.782028,-13.316574,-12.773993,-14.175454,-11.579915,-12.309244,-15.95708,-15.01169,-17.556194,-13.568784,-8.506701,-9.601601,-14.3294,-13.715367,-15.79562,-13.793505,-15.804887,-19.321533,-20.323242,-17.84366,-21.838253,-21.204716,-22.243103,-19.792435,-19.882395,-23.141075,-18.589209,-12.192226,-10.15655,-12.360381,-14.573432,-16.246588,-15.693803,-15.142064,-10.931893,-10.967655,-19.389868,-22.491886,-22.31579,-21.722263,-20.884504,-19.694012,-1.4045119,2.4495795,3.9897504,8.293337,8.774821,2.348004,4.777712,10.000242,6.9451528,0.44305477,0.9714781,0.7237393,-7.3143363,-12.647594,-10.859636,-12.590705,-14.417781,-8.476427,-7.4910946,-7.6136036,-6.2977676,-10.949314,-15.289908,-8.41027,0.5211336,3.3444211,2.3586555,-0.45568055,-7.929297,-2.9324713,2.43577,2.5153396,2.1356254,2.8099205,4.0526824,4.4932833,4.4212894,3.4207056,1.3628925,0.90190655,2.8965635,6.605229,13.786269,13.669109,12.083316,12.352152
-14.243764,-19.995422,-40.118366,-33.316914,-24.704868,-21.919832,-26.487099,-26.379831,-14.901458,-6.1296406,-7.0281096,8.456923,17.637482,19.812614,18.293564,11.557753,0.7312751,-0.45896503,-2.8746586,-5.5834856,-6.067027,-3.5290732,-5.925346,-6.6349945,-4.9623795,-10.487644,-9.9931345,-12.533736,-4.015177,0.048901293,-6.3429446,-14.774438,-13.345262,1.8698821,4.631193,-2.1920393,-15.625367,-11.83305,-11.579122,-5.9086294,-5.9301405,-2.5019047,-1.2886738,-11.65086,-20.871408,-17.07042,-18.401777,-19.26767,-14.267874,-16.156284,-18.497005,-19.135454,-19.19057,-16.07977,-14.273563,-14.868756,-16.842636,-20.281162,-22.996319,-17.741442,-10.397582,-8.927784,-13.624142,-12.069665,-14.653825,-17.553312,-17.461796,-10.2562275,-13.155243,-20.849943,-17.436188,-18.84613,-18.357544,-15.608525,-11.683444,-15.684692,-20.669018,-27.337162,-23.002274,-17.369654,-0.8694695,2.8461573,1.0483491,-1.8646837,-13.771624,-19.630981,-14.677138,-10.532712,-7.053818,-12.472811,-22.791796,-20.376568,-23.34366,-23.294552,-19.209648,-17.049305,-23.34279,-18.732454,-16.398945,-19.289518,-21.811852,-22.96462,-24.943449,-24.79987,-24.615204,-15.924774,-18.256008,-27.585585,-22.77442,-24.914454,-26.699524,-24.672949,-16.884192,-7.9890494,-10.184778,-18.030727,-16.508507,-15.956482,-3.9361877,10.021635,14.171067,13.64161,11.566572,6.8821836,-4.477128,-8.453808,-8.723178,-4.7729325,-5.6238704,-9.971912,-8.848263,-7.9920053,-8.169904,-8.457587,-14.875208,-11.685332,-9.515797,-6.6920853,-12.271691,-12.97069,-14.451637,-17.364456,-15.571776,-14.559144,-12.523527,-18.046778,-20.595205,-21.411926,-18.865088,-20.931946,-20.044441,-19.206738,-18.001513,-7.3180914,-5.5983315,-8.852646,-7.7509885,-5.90075,-5.2236595,-5.839223,-7.732329,-14.392132,-15.422096,-11.791203,-10.189562,-11.024763,-14.535893,-16.546946,-14.293732,-12.929524,-14.227594,-19.737665,-24.126202,-20.563057,-18.45509,-19.10954,-16.902334,-4.839304,-0.5205906,-4.622007,-11.387373,-13.525481,-13.486071,-16.67155,-8.847509,-9.23586,-13.852696,-18.593761,-18.732628,-19.135582,-23.666622,-12.864865,-6.383596,-11.062195,-18.389875,-12.675869,-15.1987,-12.534795,-7.1641374,-12.742083,-27.120129,-25.890125,-22.645657,-24.404766,-12.100983,3.27865,8.86573,10.677042,10.85567,9.970345,8.427715,5.7056184,3.193692,4.4055037,2.0289187,3.074726,4.844712,0.8343073,-3.8912292,-2.7080126,-2.624352,-1.0390438,2.6807866,1.6523883,-2.0042765,-1.7316419,0.9349454,-3.137071,-5.0385294,0.20400003,-4.1582513,-5.8291903,-3.5123549,-4.862781,-15.314383,-8.185088,-4.3306103,-9.952099,-10.415733,-12.34722,-15.556659,-12.601146,-12.86317,-14.033421,-10.31444,-11.79591,-10.910415,-6.4396515,-7.113664,-11.89447,-4.5840406,1.8537121,-2.521607,-5.466694,-4.3785806,-6.695878,-13.089057,-20.217758,-17.42521,-11.400536,2.9803798,8.303316,8.066555,1.9070448,-11.950068,-12.789881,-13.740729,-15.818312,-8.703729,-5.9483795,-12.817112,-14.424921,-13.2641325,-13.704291,-14.281347,-17.074139,-22.196857,-21.888676,-12.821949,-7.6082525,-11.439922,-14.103737,-12.874842,-17.164646,-16.3696,-6.5253763,-7.062333,-16.354362,-14.591981,-10.632404,-14.8697815,-22.334938,-25.93983,-22.77164,-23.062841,-17.720423,-18.414864,-21.262815,-21.767483,-25.515888,-26.34187,-23.836334,-22.937767,-23.329885,-25.552454,-24.350315,-24.79685,-27.41906,-29.438042,-30.209436,-25.01673,-9.0751705,-4.4723177,-9.5018635,-15.629879,-21.345585,-18.109776,-2.7757773,-1.0419775,-10.300535,-20.123884,-13.506018,-2.4479656,-2.7953916,-15.507435,-15.662618,-15.664939,-25.144745,-11.644639,-8.736543,-14.117271,-12.123251,-12.166215,-18.019861,-20.37258,-16.56115,-9.014239,3.1849291,7.5853972,2.079961,-6.3788342,-7.552572,-5.29498,-4.061798,-11.385058,-14.048836,-14.452119,-10.55265,-10.529625,-12.638656,-11.600941,-14.055595,-8.233282,-9.990534,-15.893667,-19.464449,-1.3135681,1.2969106,-4.766459,-2.4694889,-5.8402114,-6.594062,-7.6929474,-11.279171,-11.881332,-3.4221601,3.6847062,0.6628502,-10.473885,-1.8055474,10.314202,10.345807,-0.50725687,-10.947641,-7.6629186,-8.472572,-9.608878,-7.268934,1.8674825,5.4872932,12.504654,11.960041,-0.69448733,-10.975466,-10.935279,-12.137873,-10.870156,-8.556923,-10.177108,-14.074655,-9.409112,-9.606882,-11.305651,-11.756517,-15.24716,-14.48971,-9.981407,-12.903305,-15.872554,-14.266073,-14.133624,-14.967075,-19.086372,-24.178217,-16.202362,-14.275898,-18.97763,-22.827904,-18.132158,-16.594746,-18.44011,-16.406137,-16.302425,-15.848832,-5.048556,-1.5813612,-2.3370066,-3.9280348,-3.2995505,-3.8737366,-7.321072,-9.64377,-12.4858,-13.624262,-17.960373,-21.17632,-17.301296,-18.263853,-22.405043,-27.07652,-26.100386,-18.670404,-16.799643,-19.088873,-20.44176,-21.775139,-17.703587,-18.56525,-21.414938,-23.997843,-26.953966,-23.490795,-23.596539,-21.780136,-24.333868,-30.778862,-31.852972,-35.809494,-33.185307,-35.71629,-34.747284,-29.96441,-8.335554,-5.3920083,-14.6037245,-25.786625,-17.2052,-14.510478,-18.972954,-15.733661,-14.547576,-18.929308,-25.071064,-19.309437,-15.1698,-14.232103,-23.212378,-26.47558,-8.548958,-2.3567746,-3.112471,-5.3815603,-5.9335165,-5.547698,-6.2685623,-7.886323,-9.061897,-10.033179,-8.2905655,-9.448196,-12.297405,-13.448437,-12.407384,-13.641998,-13.635246,-6.674934,-6.7263846,-16.82763,-18.931736,-21.281622,-22.510435,-22.309885,-21.254862,-14.966413,-11.191074,-12.827997,-16.066452,-19.507477,-22.19454,-25.165682,-15.293813,1.6461445,1.9669781,-12.207525,-7.5882106,-6.1117687,-17.659426,-22.50015,-22.067831,-7.6459928,-1.8404887,-5.0508947,-17.646906,-28.515537,-28.114462,-24.432655,-26.588278,-16.751225,-2.0606017,2.1818926,-4.8203735,-13.412838,-9.565097,-4.051801,-4.1526685,-10.096597,-15.510122,-17.310484,-11.140116,-9.311438,-12.449075,-8.946205,-12.569747,-14.43225,1.3337672,8.76287,4.1065383,-1.0595798,-1.1009033,-11.1232395,-11.913326,-1.8634392,4.1487365,-0.7654422,-14.105143,-9.686062,-8.775521,-14.238306,-15.484914,-13.586527,-15.19006,-17.638674,-17.726728,-19.123812,-22.273552,-23.259632,-17.629057,-20.409714,-23.126085,-25.808146,-27.826872,-21.53178,-15.440154,-17.463633,-25.440681,-24.736183,-24.274332,-19.524567,-20.18073,-20.909935,-18.055504,-20.232046,-21.637852,-26.09956,-28.565586,-26.64131,-10.581831,-6.8599195,-5.7739983,-9.679741,-18.433178,-7.997927,-0.52538764,1.9850473,-0.05713172,-9.457007,-21.978584,-15.881558,-15.883501,-23.102852,-24.722937,-20.814327,-19.02086,-9.647993,1.775078,5.8183603,3.274665,-9.296063,-12.792086,-13.240982,-17.133919,-12.710046,-9.160095,-12.644913,-16.987898,-12.372575,-14.620328,-21.039795,-12.368927,-2.132017,-3.57369,-16.772394,-18.895481,-18.724972,-20.549648,-15.131167,-8.926829,-2.8945684,0.8030386,-2.2254596,-6.432817,-5.351682,-7.3764734,-5.2825904,-4.569303,-9.341308,-8.482269,-10.386205,-12.987467,-11.243708,-12.198675,-11.951736,-14.017979,-11.663301,-3.7858317,-1.8082881,-3.8956227,-5.0869675,-2.8810432,-1.7011828,-2.5226974,-3.4689474,-1.2015023,0.86905825,1.8403027,1.0101935,-2.3663564,-3.0200071,-0.37500578,0.5435058,3.8643124,4.4258523,2.5183032,0.0675892,-5.919826,-13.104397,-19.274303,-18.796635,-17.91445,-14.882182,-13.802715,-12.782427,-15.470905,-16.658913,-11.942999,-16.419085,-21.516926,-20.534632,-15.303562,-14.896016,-17.559668,-13.763331,-13.882265,-19.874842,-21.407265,-22.882523,-28.41368,-25.885326,-26.408268,-23.557558,-25.18462,-24.077223,-20.783802,-22.128792,-26.148901,-29.080975,-27.813923,-29.131754,-36.4986,-32.354427,-26.551266,-22.172785,-21.465643,-23.830282,-10.714615,-8.004965,-17.2146,-17.712173,-18.844004,-18.795336,-22.461031,-18.592745,-8.969429,-10.843529,-16.89078,-12.30965,-11.132489,-15.358341,-10.564001,-5.0454226,4.726838,2.1180449,-15.341341,-13.8621025,-4.1278653,-3.2551174,-9.574129,-3.3937182,-0.57429713,2.203119,3.6520956,-1.4318217,-5.083947,-5.8195634,-0.46912575,6.944959,4.739043,0.3832172,-4.042779,-12.978196,-8.074491,-8.751567,-9.622692,-4.7083,-1.0749028,-4.438016,0.5491904,4.6774707,4.3188457,-1.4623998,-9.350301,-12.7089615,-15.342265,-13.543658,-8.03681,-2.478662,-1.8000824,-4.857338,-8.420624,-7.667284,-6.522868,-5.004062,-5.3591433,-0.6609344,1.1658098,-2.7863286,-1.7501178,-8.145359,-7.7953835,-10.81376,-21.65348,-17.359976,-14.260572,-14.615341,-14.008689,-11.866651,-9.583739,-8.538341,-7.876332,-9.8588505,-4.6035733,-1.0736368,-2.451773,-5.2778034,-7.286357,-6.1423817,-4.8878913,-5.026939,-7.202074,-9.98911,-11.818462,-11.632301,-11.092171,-10.745916,-10.7115755,-10.888892,-11.850555,-15.525215,-18.949835,-7.534688,5.4429655,13.783994,16.56655,15.293063,11.972404,12.304736,10.932032,2.0552113,-2.796979,-2.5715137,-4.8325768,-5.935362,-3.287338,-4.318404,-5.7824574,-13.893304,-9.905613,-5.57551,-11.732079,-15.214877,-8.839483,10.0983515,18.074524,19.670681,18.109892,16.44289,14.739216,10.374393,0.17613827,-2.9969168,-7.790612,-4.77194,-1.7751911,-3.2821102,-8.415879,-12.993406,-14.390358,-17.002617,-21.701221,-17.911943,-16.244085,-14.998831,-13.371475,-10.84146,-9.397689,-9.089611,-14.571294,-22.292645,-18.821865,-20.08733,-16.498161,-19.306944,-23.237282,-16.381046,-14.093637,-10.418671,-10.78896,-14.1057005,-14.121845,-13.624119,-16.18449,-17.561127,-18.159159,-13.055981,-11.78218,-19.818226,-23.984695,-23.398302,-24.81937,-21.953358,-23.609299,-10.193106,-3.4545543,-8.678235,-19.14541,-19.364412,-15.232059,-14.931261,-16.331581,-19.542152,-14.421274,3.4030852,9.320821,10.009012,8.692692,7.4395185,6.2655215,4.577026,2.594122,1.1406804,-0.41064572,-1.653927,1.5899159,6.521577,7.7146344,7.121904,6.2176456,3.086542,-5.139587,-7.80235,-16.496498,-17.378845,-19.63139,-20.596405,-16.246515,-15.089812,-13.090218,-14.52916,-13.344622,-11.535855,-11.566848,-13.291929,-14.929523,-17.499735,-17.366568,-15.924704,-13.877631,-13.1987705,-18.119465,-16.95477,-15.113699,7.7956047,10.282334,0.39442924,-5.95673,-11.869692,-9.149174,-2.8553245,3.1675692,9.248254,9.633304,8.806018,7.6298337,7.509852,7.401409,8.662471,11.407385,7.8473334,6.2885265,10.862301,10.759106,6.172017,1.4862056,-0.015640214,0.47971725,0.887616,-0.44170347,-2.5471818,-2.225459,-2.1188989,-0.26245195,-0.65437496,-3.0156593,-6.172747,-10.617009,-8.706232,-9.262598,-10.668104,-4.381505,2.333122,6.786066,7.145895,4.362108,1.8309071,2.6875756,3.5836911,3.5249093,3.3216438,-0.23023485,-8.671728,-14.156846,-16.617071,-6.6979604,1.9340744,3.78437,2.5311322,1.6148958,0.9210117,0.828164,1.7473693,3.4817095,4.819401,5.1574564,3.674551,2.1935315,1.4326122,1.1516331,0.4319105,-1.2751942,-2.8202465,-2.563014,-2.5116558,-3.0051053,-4.51832,-6.1389213,-6.4097815,-6.409067,-6.135745,-4.798236,-7.3982306,-13.369305,-11.064572,-1.5595793,11.203537,15.784418,16.606905,15.8248005,14.421343,9.090055,-1.3663,-7.6533084,-5.329706,-5.0531073,-6.065516,-3.0980306,-4.0062,-6.138129,-7.476854,-10.704442,-10.008143,-7.344633,-8.923869,-7.695367,-6.923409,-5.998041,-6.0827837,-10.001505,-11.250115,-12.718424,-14.719347,-11.763753,-8.933954,-8.259141,-6.087625,-5.7638955,-7.9464602,-11.804981,-10.464235,-11.191448,-15.71794,-4.1967406,2.9925725,4.935921,6.427907,3.901267,-8.43351,-13.126829,-18.961855,-14.228469,-9.978753,-10.1577425,-14.062323,-16.141893,-12.05068,-7.367649,-6.1546364,-6.45046,-5.863846,-6.813888,-8.767171,-9.704853,-9.382279,-8.75482,-9.57301,-13.25623,-15.212747,-12.913935,-15.5031,-14.772868,-10.2164135,-11.115484,-16.48773,-14.483556,-17.95971,-23.439651,-17.313545,-15.681026,-3.6058984,4.163843,6.4116135,6.465231,1.2575727,-10.479675,-7.1421957,-7.4342813,-16.601742,-16.309309,-18.55877,-21.542591,-23.713152,-19.996304,-18.857723,-17.065697,-14.923639,-13.454655,-13.835333,-14.96995,-17.680767,-15.752373,-12.555243,-2.4957726,1.5824535,1.3962855,0.71939325,-0.48162368,-3.1807768,-6.4958816,-9.230343,-10.37362,-10.067386,-9.265294,-8.893539,-8.773596,-9.147143,-9.268651,-9.469871,-11.029223,-12.056076,-0.5285735,6.601836,6.8672066,6.2457275,6.429069,4.4713473,0.3152333,-10.217799,-3.8334165,-0.39981574,-8.2400055,-15.878758,-18.402168,-19.851278,-22.201384,-23.083513,-19.161238,-14.6560955,-14.795601,-12.0187235,-1.6015975,-2.716888,-16.022411,-20.626009,-10.903006,-11.65111,-8.687512,-5.1657863,-12.886109,-17.342121,-14.069375,-15.318259,-13.420329,-13.630637,-19.285625,-19.98605,-16.532774,-8.287617,-7.157269,-6.807244,-14.967453,-17.376957,-21.397224,-24.14855,-19.48395,-17.808916,-22.94647,-21.179476,-10.764199,-5.0864544,-3.3180656,-4.152198,-10.712928,-17.071238,-14.419093,-13.936673,-12.371016,-13.465895,-23.560926,-21.279753,-16.979708,-16.174501,-18.726244,-19.669407,-27.261522,-30.641268,-28.640251,-30.191174,-25.147688,-21.139565,-25.882027,-18.88765,-17.416157,-22.668163,-13.162439,-8.772127,-15.714917,-19.788836,-12.318396,-12.917275,-13.44904,-2.2733543,-0.8993756,-8.812476,-17.583317,-21.481472,-18.954903,-19.502375,-2.9615421,17.069292,23.730724,24.642324,23.057121,19.991825,12.718981,0.47325015,-3.0233817,-3.0824664,-0.21684505,-0.79002833,-1.2945385,-3.9462721,-11.002825,-10.289326,-13.7219,-17.575668,-16.64732,-12.568239,-17.39937,-23.317099,-13.406391,-7.0762672,-6.717861,-8.608803,-12.899815,-17.114914,-20.782558,-22.814953,-17.957943,-17.794611,-19.13903,-19.035683,-14.524849,-11.281593,-6.482969,-6.3002114,-7.82181,-8.468025,-9.411309,-9.714488,-8.989284,-9.038874,-12.140937,-15.120306,-16.226847,-16.653559,-14.007061,-15.049356,-4.4007406,0.41446298,-4.859069,-15.223598,-11.3983,-9.1159525,8.119284,15.6917095,17.412846,16.822802,15.139918,8.922807,-3.9294233,-9.95436,-6.7496634,-6.9047313,-5.260557,-4.3451943,-5.7584233,0.7974262,7.7895494,8.64235,8.310429,7.6103554,2.23644,-6.186767,-0.99648684,6.7699246,9.147887,9.40751,4.4805584,-7.466359,-8.067791,-7.2497597,-11.5328455,-14.241341,-10.323196,-13.713306,-10.115465,-10.225323,-9.406825,7.940326,22.597122,26.979092,26.660633,24.392138
-23.155384,-27.385181,-34.130016,-31.27944,-30.26105,-33.2474,-30.161982,-24.412354,-8.907852,0.21378872,-2.4411411,8.065027,15.621023,17.109514,15.305521,10.083475,2.6201997,-2.173691,-2.1492934,-4.272193,-7.2331133,-6.088725,-9.199903,-7.863445,-7.4795055,-13.139344,-8.97553,-8.888345,-7.480789,-8.896727,-19.018757,-20.648138,-18.42453,-3.1492543,-0.49456292,-7.4949007,-15.750383,-14.265008,-17.38803,-19.789503,-15.056156,-5.055285,-2.9293733,-9.248067,-15.6182,-22.731333,-21.188995,-18.32809,-16.42995,-17.877747,-19.568752,-16.925581,-14.866923,-19.062613,-20.082848,-19.811264,-21.303617,-28.005089,-27.880629,-20.948795,-22.178381,-26.538115,-22.49931,-17.932697,-15.126119,-16.945908,-23.743286,-19.830343,-21.751081,-29.076662,-21.609373,-20.410242,-19.37154,-19.949858,-19.79235,-26.913334,-30.725887,-30.570477,-27.489906,-21.565739,-3.7317681,2.456011,2.8899107,0.3369875,-10.351563,-23.65079,-21.488499,-9.936156,-7.855219,-15.921339,-21.502935,-24.112814,-25.267994,-21.625183,-18.643562,-17.243643,-21.495285,-18.624891,-20.882704,-22.26978,-22.81679,-23.472204,-25.443802,-26.09154,-24.672245,-17.469242,-17.567259,-21.66766,-24.191784,-25.131075,-25.662424,-28.161163,-18.225615,-10.437432,-14.728861,-28.403637,-22.038061,-17.940437,-8.693027,5.313699,10.661909,12.369205,11.383109,6.4440293,-6.57703,-10.976212,-11.69731,-7.5907335,-6.2738495,-11.18675,-12.556557,-12.520813,-14.855808,-15.538485,-17.534918,-14.6188965,-13.142982,-9.961508,-9.346658,-13.538216,-15.984121,-9.744618,-7.886338,-12.2714405,-16.649797,-19.329506,-21.868057,-18.823563,-18.033157,-20.864508,-20.52823,-23.526392,-24.237888,-12.313498,-10.3627825,-13.704149,-10.731377,-9.607672,-9.941763,-9.924757,-12.76772,-17.207462,-18.40186,-22.363766,-18.313622,-18.725058,-25.113762,-25.94471,-21.35109,-22.771774,-20.672302,-22.162102,-23.752954,-24.893377,-22.799202,-20.530563,-13.034328,-5.409775,-4.3254824,-8.891278,-15.880423,-20.758183,-23.214542,-25.012203,-17.79989,-13.8515625,-12.994128,-15.177436,-17.610569,-17.866209,-18.534117,-16.179157,-11.320738,-16.698967,-20.009972,-16.819529,-15.203217,-15.117012,-12.752512,-18.670805,-29.232838,-29.238289,-26.402895,-21.85703,-13.510324,-0.061518066,3.067453,4.1772866,5.7578917,6.338423,5.821349,5.1850395,2.5336123,-3.4839683,-10.348449,-3.8415046,3.6469107,3.6985981,-0.1239049,-5.843801,-9.619366,-9.714954,0.86153215,1.549493,-6.0609818,-3.8509643,-3.2218587,-10.4889345,-5.4829416,0.71973276,-0.6341087,-4.434311,-9.90996,-13.352009,-18.661247,-12.90604,-4.4164495,-6.2631083,-12.936356,-15.471978,-23.174519,-18.236715,-18.61073,-19.265392,-16.410242,-13.777233,-13.542991,-8.95591,-9.559577,-15.102544,-10.268603,-5.2652645,-11.824148,-16.072838,-16.449963,-19.38997,-20.135944,-15.973383,-16.227543,-16.929476,-4.81065,1.0949928,0.7174372,-3.0961995,-15.119377,-22.297,-27.412315,-23.783607,-10.994009,-10.17342,-14.904537,-25.945854,-24.54263,-23.861252,-27.793398,-27.890148,-24.529161,-27.417181,-24.47441,-23.434599,-24.134445,-23.589403,-21.746767,-24.906364,-22.80018,-14.914822,-17.731728,-24.575443,-22.854866,-22.095898,-25.155857,-34.350754,-31.762293,-27.165485,-24.283009,-21.207178,-21.073357,-31.220814,-32.049774,-32.162346,-32.992275,-32.040833,-35.659367,-34.31618,-34.7181,-35.073772,-35.734047,-38.067726,-38.866047,-40.415314,-23.139133,-9.256632,-7.220034,-10.484394,-17.887043,-21.709478,-13.695631,5.5845814,8.671347,1.139697,-12.284151,-10.289273,0.24618538,-1.450411,-18.68738,-18.429317,-19.624899,-19.005127,-4.7415533,-2.4378924,-11.54154,-18.84622,-14.860283,-13.7201805,-17.765457,-17.616508,-8.625524,-2.0983846,-0.2389869,-3.209376,-5.999267,-14.112554,-13.253379,-15.78661,-19.870049,-20.785883,-20.453053,-11.121387,-11.17189,-13.092627,-12.901016,-11.353869,-8.590353,-15.610321,-10.240852,-6.6171684,1.8526672,3.2915764,-8.951958,-6.4120092,-12.154369,-15.914927,-16.84412,-16.65686,-20.483696,-1.1763674,7.9863305,5.4509254,-5.307656,3.9049542,11.287386,6.6648393,-8.422602,-10.79616,-15.990311,-15.8905115,-11.311081,-10.971833,-8.379988,-0.7486794,9.829573,14.7766,14.40427,12.149256,8.697795,0.3029548,-1.7621853,-5.203603,-7.320952,-5.411729,-7.4785347,-5.2566576,-3.4585066,-6.4574804,-8.601494,-9.30993,-9.00578,-8.706867,-10.124088,-10.730324,-10.7235155,-11.044329,-12.978468,-10.655929,-13.748298,-13.870584,-12.833067,-12.606577,-14.560962,-14.698648,-17.70357,-15.876156,-17.423409,-14.488117,-7.8207006,-6.07192,-5.8379436,-7.4477267,-5.551331,-5.160016,-9.782248,-9.831716,-12.209806,-12.542208,-16.3199,-20.918217,-21.38072,-19.774311,-20.845776,-19.27698,-19.645952,-18.944794,-18.813303,-18.775131,-19.420593,-20.441578,-20.095499,-21.586704,-26.316341,-24.91598,-23.898941,-22.189264,-20.78964,-19.680641,-20.144325,-20.796646,-23.743017,-25.931778,-28.060524,-22.766857,-19.100685,-10.561967,-0.3673236,0.33704308,-12.570415,-16.04903,-19.731592,-16.140636,-17.52377,-22.485874,-20.960072,-25.863077,-27.60438,-24.448431,-18.498959,-17.927574,-23.2332,-23.43796,-11.725777,-6.8999786,-8.398677,-11.508495,-10.083751,-8.508255,-11.077305,-13.485193,-14.166847,-11.45968,-12.878104,-13.565584,-15.73823,-16.874088,-16.576317,-17.450417,-16.99301,-8.158411,-9.6786995,-22.184744,-20.754097,-24.04091,-25.75938,-24.300896,-21.841911,-16.600466,-16.903141,-16.677559,-19.531487,-19.832132,-21.45918,-22.093414,-15.601586,-2.433887,-1.8958309,-11.260534,-11.910139,-11.012916,-19.591019,-25.823095,-21.812246,-2.3597558,0.23373485,-5.1701565,-15.775835,-22.152624,-24.55643,-22.49903,-20.892668,-16.80815,-5.352302,-2.4729276,-8.235978,-13.484262,-10.366193,-5.839734,-3.889472,-7.772297,-13.340023,-13.662563,-13.868407,-12.583661,-9.545349,-6.5705104,-11.440098,-16.596869,-1.2131821,5.117199,0.7089624,-7.793274,-8.98733,-12.230821,-19.981394,-5.9403224,0.49625444,-4.472926,-13.95393,-15.149418,-15.097109,-16.639399,-19.986591,-20.761883,-21.874525,-20.637114,-18.576033,-21.81454,-24.75126,-21.181332,-18.050537,-19.125027,-23.277317,-24.618519,-28.041544,-28.171663,-22.526161,-22.665186,-23.089188,-23.239622,-24.936764,-23.420776,-20.51505,-19.447132,-14.877192,-8.85515,-8.285647,-17.19107,-21.115742,-22.368324,-4.375422,-0.50430644,-2.8001733,-4.0343847,-12.511262,-6.223937,-2.1051178,-0.74482983,-2.2186909,-8.812735,-16.263262,-16.935322,-20.894926,-24.091703,-22.224712,-15.3799095,-12.470453,-8.993601,-3.6071353,-3.51275,-3.1397998,-10.91907,-15.641914,-23.746376,-23.387733,-17.039246,-15.374223,-18.065847,-12.031293,-6.728551,-11.54019,-19.243265,-15.518006,-7.9752483,-6.7465773,-13.657168,-22.306164,-23.02171,-24.280685,-21.209442,-13.200332,-5.4756927,-0.8055614,-4.5874643,-9.688146,-8.777369,-11.649065,-10.221948,-8.627298,-12.744855,-12.699128,-15.463331,-16.69325,-16.021126,-14.124656,-14.319759,-18.97051,-14.469632,-7.878117,-3.5627985,-3.7269866,-4.305616,-3.0877042,-1.666446,-0.5884747,-1.8469026,-5.0966845,-4.8913727,-4.0036883,-1.9409556,-1.8561068,-1.1099997,-3.0281997,-9.426466,-5.376917,-1.8435426,0.396017,-1.5269821,-8.118317,-21.486437,-23.286306,-19.36988,-15.097667,-15.318529,-16.407265,-19.100998,-18.237436,-15.381554,-15.8496685,-25.260956,-25.773605,-25.159637,-20.63845,-19.240517,-17.239555,-15.854473,-14.665697,-19.263432,-23.476723,-27.177605,-28.504494,-26.478842,-25.647106,-26.949625,-27.753548,-26.572666,-24.961102,-29.277294,-34.667747,-31.364004,-29.589083,-30.99041,-37.58774,-33.307804,-31.816023,-25.611652,-24.134119,-24.950027,-11.671452,-10.053233,-18.06274,-20.862597,-20.012968,-13.206991,-15.252351,-17.295269,-9.982655,-12.573055,-19.25018,-7.3296614,-4.8961096,-13.231931,-13.929077,-7.242372,3.27755,1.8457186,-9.810364,-13.861283,-10.011387,-7.643198,-15.027484,-22.126524,-11.846789,-5.142598,-5.361842,-6.561638,-7.5204697,-11.069372,-3.0255523,1.6597046,-1.7616153,-1.6532444,-6.9499645,-10.269298,-12.433113,-12.576864,-12.786766,-5.400179,-1.7134708,-7.8712916,-1.790384,1.8630316,1.7508938,-1.5917753,-9.143041,-16.441217,-17.780817,-14.358994,-2.5240831,-2.788645,-5.0321717,-3.2514143,-7.3471155,-6.4100003,-5.8374715,-5.2582836,-5.795211,-6.6692257,-4.5328355,-5.990244,-3.6728537,-5.1210375,-9.153162,-14.607568,-19.77074,-9.569714,-7.3460336,-14.303284,-15.755573,-16.17318,-14.145929,-17.356941,-16.4242,-11.337895,-6.039935,-4.1910353,-5.2966757,-10.436243,-12.885095,-11.134802,-9.11805,-9.174215,-11.187485,-15.15217,-17.132036,-16.638023,-14.864504,-14.192801,-13.899277,-14.472046,-16.256073,-19.957651,-24.636086,-18.298553,-9.87096,3.5505762,12.3231945,16.391762,17.619816,17.940926,15.272415,6.0625696,-0.98307574,-1.8897094,-0.8440654,-0.7546348,-1.9388719,-6.408804,-6.5359254,-11.83358,-8.1957445,-5.571455,-9.011195,-9.852016,-7.49793,8.963571,16.099918,16.954926,14.886215,13.337651,11.623734,8.187972,0.7135188,-3.4541144,-3.8760922,-5.35356,-6.1692505,-8.209468,-10.095143,-9.987798,-11.162651,-14.784328,-23.336723,-24.125347,-21.08572,-19.249416,-18.536455,-14.528624,-12.051673,-12.156675,-15.756488,-19.26533,-17.34361,-17.424757,-19.215189,-22.003033,-20.6856,-19.033562,-19.634764,-18.91883,-16.202162,-19.411236,-25.633917,-24.154305,-24.554012,-24.119125,-24.717545,-18.905573,-19.43593,-21.421906,-22.371912,-28.850954,-27.199718,-18.261396,-19.905235,-11.97144,-7.184913,-12.393078,-22.051561,-19.510775,-18.68296,-17.65363,-21.394806,-20.18904,-12.908955,1.6211807,7.087659,7.4948006,6.3237944,4.8469596,3.307084,1.4598756,-0.9071498,-2.2632318,-3.7056615,-2.396799,3.6427336,7.4569864,8.919952,8.786085,7.548976,3.6584516,-2.934051,-8.174999,-13.32926,-15.946058,-19.886719,-17.611204,-16.728922,-18.276094,-17.559603,-20.168865,-16.725859,-14.53206,-14.836302,-15.40174,-16.16474,-22.132647,-16.712105,-14.547762,-13.944712,-14.554687,-14.437203,-13.365868,-13.636267,3.9085767,7.3999453,0.38716185,-13.404645,-18.346039,-11.847821,-6.915431,2.0074406,5.74121,5.01882,3.8677459,4.6226444,3.770887,4.1388173,6.3471646,10.546817,10.196843,9.200761,10.436054,8.251424,2.7775385,-2.0183725,-4.7485933,-3.0672047,-1.9233812,-3.6927814,-7.4397683,-6.7211204,-4.893925,-4.2599797,-4.7530413,-4.828603,-4.2953,-8.092762,-13.108105,-14.382225,-10.873358,-2.0595036,3.1905997,4.3329616,5.0845156,5.8089933,4.6466913,2.7683423,1.968013,3.4852247,4.1601725,2.8081355,-2.7322602,-10.681679,-19.236639,-8.632452,-1.2193773,-0.43910816,-1.0725905,-1.498317,-2.7183688,-3.1844225,-3.413575,-1.4021747,0.09400469,0.70746255,-0.9830456,-3.1800141,-3.2199142,-2.8222024,-3.5251596,-5.2086964,-7.795602,-6.62303,-6.397169,-7.0882516,-9.271968,-12.248571,-11.604759,-11.146507,-10.79461,-11.906514,-12.557106,-15.341001,-16.522688,-7.0400596,0.6241071,3.1209998,9.211093,12.081079,12.086038,5.9706883,-6.6830893,-10.096416,-8.833586,-9.671635,-8.654679,-8.706742,-13.123518,-12.175486,-13.397558,-14.071132,-10.974549,-11.920031,-11.902622,-11.395479,-7.4794044,-9.703662,-11.78974,-11.209349,-13.648218,-14.249405,-18.090889,-20.924294,-16.605625,-17.694834,-13.909269,-10.661119,-12.454442,-15.719425,-16.618895,-20.0319,-18.156647,-16.919407,-9.290427,-0.69114864,9.416916,9.253679,-0.36570016,-3.4416535,-5.1256704,-9.226094,-10.308986,-9.434617,-9.714816,-13.990034,-13.295888,-11.408516,-7.6925077,-9.777605,-10.221592,-11.267569,-12.474789,-11.371256,-13.319765,-9.504698,-9.833186,-17.961334,-15.289545,-18.417786,-19.6491,-10.422768,-5.98414,-11.274772,-12.914163,-14.172207,-20.634336,-22.036888,-18.426632,-15.034896,-3.8297126,2.1002426,3.588694,4.3014297,0.1996208,-12.088424,-9.404286,-8.567647,-16.089233,-16.865862,-16.814592,-16.068525,-20.900398,-24.327778,-23.194656,-20.740583,-17.81002,-15.061008,-15.9673195,-17.974447,-19.913387,-20.301392,-13.836193,-6.9488153,-4.5757003,-5.100259,-6.0872273,-6.6796675,-8.046117,-10.713278,-16.377686,-16.339327,-14.590062,-14.367664,-14.864418,-15.770764,-15.506138,-14.997258,-15.768099,-17.973732,-14.78157,-4.5060863,0.83617127,2.2981498,5.6184464,5.8306193,1.7960765,-3.9779487,-14.141939,-8.185989,-3.4232135,-7.188937,-16.472912,-19.292608,-23.39315,-24.310505,-21.347673,-18.5299,-18.944967,-17.26509,-14.368953,-5.1702213,-4.7169957,-12.792888,-20.033434,-13.348322,-13.663596,-12.321543,-6.653936,-10.722013,-16.63795,-15.011792,-16.768309,-15.8004265,-16.158764,-23.312208,-25.861637,-12.15639,-2.4696593,-4.072475,-7.8748055,-12.380102,-19.20304,-21.824549,-21.702854,-17.997137,-17.382566,-20.962221,-14.707802,-11.369037,-9.367,-8.430304,-7.827482,-11.534317,-19.257992,-18.718441,-17.668974,-8.445255,-7.302051,-10.877821,-11.042167,-10.740715,-11.156591,-11.502766,-14.3447485,-15.407647,-17.694666,-18.672031,-20.138285,-20.39053,-20.817822,-22.449032,-19.238888,-20.86739,-19.259604,-15.209398,-10.629763,-12.955445,-17.067741,-17.958235,-16.16871,-6.9242854,1.2968495,-1.6894102,-9.29441,-18.766417,-19.02536,-14.479642,-18.432102,-2.7304,15.479628,21.332535,21.862247,20.343153,18.037506,11.872282,2.892353,-1.8264444,-3.454276,-2.099996,-2.4948726,-6.0809255,-9.540137,-16.50623,-12.635726,-13.476853,-17.677938,-17.298065,-15.874392,-19.177256,-24.6685,-17.671682,-10.966927,-10.301753,-11.269383,-15.937447,-20.396345,-22.34024,-27.780846,-20.597448,-21.00424,-22.933094,-25.108818,-20.782658,-15.356434,-16.350496,-17.183891,-16.718245,-17.46838,-21.40336,-20.218628,-17.027603,-13.530092,-15.831409,-19.755997,-19.387808,-19.596167,-19.073065,-22.221127,-9.255988,-5.9882903,-14.938573,-22.724789,-15.218391,-10.243777,3.0417056,7.124461,12.265608,15.575016,15.149856,8.820689,-4.300577,-9.307378,-11.485004,-8.179052,-4.085912,-8.042777,-8.810365,1.7072846,7.526889,9.514107,9.914854,9.023899,4.0364323,-7.5652084,-5.4070635,5.034888,8.284674,8.302824,3.7163334,-8.050068,-9.653356,-11.066841,-17.35532,-16.114254,-12.442434,-12.62802,-11.798458,-13.36027,-11.366807,8.137943,20.497635,24.087044,23.404322,21.99073
-6.859889,-6.8349447,-6.922403,-6.977568,-7.2233353,-7.5741262,-9.29587,-12.471588,-5.5597095,10.055983,15.472875,16.446491,14.916631,11.615863,4.078653,-3.7069473,-4.626237,-4.522131,-5.863537,-6.426699,-6.5718036,-7.3467135,-11.953735,-13.862687,-12.8068695,-10.269121,-11.261754,-13.86417,-13.773472,-14.080049,-20.779163,-28.34784,-24.360584,-9.585922,-8.669668,-16.786674,-19.128582,-22.072718,-20.415716,-17.529947,-20.135807,-11.311987,-11.158228,-18.196556,-19.864862,-19.015072,-17.189575,-22.507372,-21.858616,-21.861792,-22.737186,-12.56596,-6.6594176,-6.9856434,-13.161961,-20.253792,-17.88962,-20.03536,-27.213203,-30.436094,-28.352423,-21.214272,-16.731714,-16.095465,-17.549793,-17.679533,-23.534601,-22.66286,-18.480553,-17.724962,-10.333323,-6.42534,-6.3395023,-6.531076,-6.3360243,-7.1366744,-8.852275,-10.465462,-10.073744,-9.068085,-8.013283,-8.601838,-9.371048,-5.811882,-10.904751,-13.884367,-12.648405,-11.553763,-7.20525,-10.171072,-12.202221,-12.709661,-13.958668,-16.686823,-19.494644,-14.490105,-11.632577,-11.6388235,-15.534357,-10.34234,-8.900761,-10.216046,-13.323961,-20.028212,-19.618916,-15.6916485,-14.449567,-17.552347,-15.699184,-17.222351,-16.884275,-19.176731,-18.738138,-15.250583,-16.21465,-19.4264,-18.211601,-19.705929,-10.137156,-4.7171,-5.156663,-7.4369574,-4.538351,-5.149617,-11.32896,-11.691536,-11.045296,-15.8214035,-14.383273,-12.741357,-15.842141,-15.492893,-16.315647,-16.279175,-21.407976,-20.312578,-16.824223,-4.902698,4.4655685,6.9809523,6.9297385,6.090458,4.131078,3.1597638,1.8550868,0.9108404,-0.1404638,-0.79981655,-2.218183,-3.853717,-5.0799446,-7.2754498,-9.161539,-9.896655,-11.645322,-10.25917,-11.016663,-12.848125,-18.444494,-24.22472,-19.80974,-13.72587,-14.358316,-19.671816,-20.95812,-20.589762,-18.951384,-21.23332,-23.606579,-18.293999,-16.782345,-21.349823,-23.529522,-23.21613,-16.9168,-14.682946,-18.489786,-17.900278,-13.539341,-11.0854225,-18.834774,-22.952232,-27.114717,-28.268002,-24.014126,-16.275143,-12.67721,-12.035813,-10.797123,-10.842067,-13.615637,-18.55103,-15.167705,-18.270237,-22.536102,-12.433234,-9.300816,-10.983606,-10.266376,-11.530867,-16.994505,-19.717829,-24.037878,-23.72649,-15.021815,-11.665206,-10.336544,-11.275848,-19.028051,-25.735739,-24.119091,-14.202274,-10.384073,-9.010589,-8.630771,-8.677446,-7.5086617,-8.318925,-6.827078,-7.0494246,-13.388149,-11.906208,-6.073129,-6.6569605,-12.880993,-16.130888,-19.334011,-22.457397,-16.501202,-5.122888,-4.389797,-12.5103,-22.882,-20.533445,-21.943434,-18.382328,-6.820183,-7.7462726,-17.264755,-15.54901,-20.056473,-20.105328,-21.816092,-27.47654,-27.466143,-19.263073,-16.128464,-17.26322,-24.34048,-24.787209,-12.443123,-9.15939,-17.190134,-21.420773,-17.237284,-16.963854,-19.30206,-17.11018,-19.703886,-11.79804,-7.741205,-13.018941,-11.743717,-8.32408,-13.013219,-17.312635,-24.326765,-19.215944,-6.596849,-5.721401,-14.19417,-21.074715,-21.505453,-25.876486,-27.547066,-28.665316,-27.824926,-20.801033,-19.171402,-25.168652,-31.42778,-30.301167,-22.28256,-20.303486,-26.849121,-23.905403,-26.67094,-25.034264,-18.120872,-19.59082,-22.677685,-29.598482,-33.33429,-31.157019,-28.85024,-24.031876,-19.236929,-20.770094,-29.482727,-30.066154,-29.818214,-34.51367,-35.445553,-39.186848,-38.827908,-36.32072,-31.54483,-26.891909,-27.372913,-31.208315,-18.793983,-2.4475317,-0.40307385,-8.174201,-15.773134,-17.111511,-10.448628,6.7923717,14.366196,15.23241,13.431314,12.574721,13.086632,8.142103,-0.31721178,-3.9190726,-7.494226,-7.001917,-0.16729407,3.9272177,-0.51948303,-4.651787,-9.722413,-8.2168255,-9.9431095,-7.909574,-9.172287,-7.7964683,-7.0355678,-7.4319077,-7.0491285,-9.84182,-8.619045,-9.467876,-10.476944,-7.493839,-4.9446306,0.7296631,2.0766542,-5.2010765,-7.0541143,-6.10354,-0.7529391,3.9792778,11.437048,14.530181,14.101408,9.120492,0.90393186,-1.5015335,-1.0654674,-1.3468482,-4.069901,-3.9648786,-5.6929398,-2.507327,10.595032,14.444111,13.833304,13.872585,12.5956745,4.7185955,-2.76803,-4.6855297,-3.3292887,-2.8222852,-4.050892,-5.5391593,-7.7974963,-3.2521188,0.73804736,10.550093,14.951389,16.374874,16.726292,16.240028,15.801874,14.551626,12.812931,10.9075775,12.530584,14.082194,14.669948,13.839817,13.437205,12.504805,11.125929,10.999025,10.918912,11.150466,11.169642,10.80407,10.506407,9.164975,8.533824,8.842561,8.541947,7.4546294,7.3938704,6.4412584,5.5979815,5.090034,5.7458043,6.386144,5.3465233,3.7171335,4.5022526,5.408947,6.3915453,8.458458,9.984163,10.651349,9.852546,7.5718064,4.1237636,-1.1579484,-6.0327454,-4.7676797,-0.22337905,2.7806811,5.5239744,6.507321,6.350243,5.4150963,4.1315494,3.0548697,2.4687502,0.8605938,-0.5356785,-0.7568779,1.0618736,2.645278,3.8013103,4.6639805,4.7461257,3.7114754,1.3963101,-1.1283815,-2.6926932,-1.1670401,2.840073,7.4110436,9.932836,5.710122,-9.069929,-7.2646303,-6.213356,-4.707737,-4.817473,-6.4826984,-7.1981955,-8.896857,-10.327314,-10.241934,-11.3753605,-11.683634,-12.518084,-14.423408,-12.321328,-11.070501,-13.571978,-11.42065,-9.320926,-8.264161,-11.294847,-10.530534,-10.690465,-11.292776,-13.125328,-8.004651,-4.1272683,-6.072716,-11.240465,-17.676884,-10.604509,-4.1895123,-8.511277,-18.313927,-17.25769,-19.938837,-22.049616,-17.338577,-9.601189,-7.8710985,-8.799328,-9.898881,-9.694461,-8.86781,-8.5096445,-8.894795,-9.712106,-5.955953,-8.600405,-16.611893,-13.625432,-14.462944,-20.895206,-26.939701,-21.29551,3.389436,8.522446,4.213684,-5.800349,-12.655992,-16.206701,-16.342804,-15.243214,-11.885918,-4.8793545,-2.0664625,-2.8593647,-3.6353889,-3.5174532,-2.9166448,-1.1961896,-6.0949097,-6.8214173,-9.899658,-10.013579,-15.876244,0.89503175,5.32247,-0.27379614,-9.878765,-0.6178396,3.1702805,-3.7764823,-13.720752,-14.757549,-13.827306,-9.784623,-9.370783,-1.6864648,-1.9257432,-4.1798773,-6.6410565,-7.4426265,-6.514382,-8.330353,-9.372522,-8.654886,-9.167315,-9.796217,-16.846,-17.934177,-9.930389,-3.578536,-5.5564985,-15.012303,-16.87368,-15.632174,-15.102003,-19.227901,-22.165052,-24.546505,-24.512272,-23.809023,-21.865707,-19.334522,-15.0155735,-0.87161726,7.3712463,6.5165687,-3.4358292,-7.7972245,-9.228327,3.160639,5.320079,-0.6223268,-1.4625322,-9.860343,-9.728506,-11.790504,-12.708377,-6.365076,-3.3391037,-10.7986555,-15.871282,-16.996063,-16.354252,-6.1919303,-2.0499725,0.6999947,-0.77798134,-7.1807885,-11.654722,-11.771914,-13.981823,-18.546328,-22.242758,-25.114468,-19.878374,-18.570093,-24.386185,-3.8580916,3.182812,-0.64272046,-11.271948,-8.374922,-7.046586,-7.6503654,-13.549364,-19.317722,-15.803593,-16.726204,-22.438314,-15.004572,-0.74395883,5.753899,1.0673716,-9.463948,-11.507407,-9.733866,-8.215756,-13.885249,-18.994368,-19.591848,-16.4915,-18.723833,-20.780848,-15.876187,-12.440925,-17.940481,-16.33478,-18.034601,-21.162613,-21.761135,-19.513557,-20.279621,-18.369127,-15.56007,-16.097162,-19.425953,-15.737405,-17.944063,-15.5395775,-9.662642,-8.50742,-14.851326,-24.232157,-27.765284,-18.72523,-17.464218,-18.921703,-17.562975,-19.44192,-20.687952,-17.648727,-17.109863,-19.63352,-19.102089,-25.36905,-25.065746,-16.923111,-16.976969,-19.74106,-20.2967,-23.641151,-21.284157,-20.614082,-18.681093,-15.504694,-18.536442,-23.738453,-29.368187,-30.557755,-32.099228,-36.24009,-33.72969,-33.56662,-36.777206,-33.165848,-35.1457,-38.107597,-40.339584,-33.37148,-33.00499,-37.06099,-37.382236,-35.137268,-38.489906,-31.695602,-27.682373,-27.128536,-17.283276,-13.619729,-16.181995,-24.707659,-20.124989,-8.586396,-6.554844,-16.131721,-13.2157755,-12.059213,-16.820063,-3.5301561,-0.47335786,-9.083981,-16.437664,-9.561114,-0.41404945,-3.2717743,-16.837505,-18.995867,-18.51049,-16.268305,-18.97221,-22.103884,-18.908827,-9.598568,-8.386494,-18.331324,-20.99046,-19.570244,-12.787115,-6.9318824,-9.906715,-8.467173,-6.7436447,-10.528202,-17.703407,-24.095278,-21.962883,-9.339441,-4.049138,-7.408386,-8.322558,-5.7702045,-4.9576035,-9.924429,-17.228659,-20.214535,-21.169518,-12.046516,2.5326407,4.483433,-1.966616,-5.918465,-6.156082,-5.33615,-2.5874732,-4.9909,-7.2691336,-5.845043,-3.8055215,0.48655105,-1.9680648,0.2708184,-3.6299336,-14.989111,-11.22835,-5.2508526,-3.4366443,-12.575266,-15.6861,-17.553093,-19.931818,-20.069674,-18.708675,-11.688091,-5.958394,-5.166934,-4.1644053,-4.7071667,-5.709186,-6.5023937,-6.7156625,-7.423289,-8.626956,-8.965339,-9.59484,-10.202451,-10.847597,-11.982529,-11.395252,-11.044259,-11.1300745,-11.264743,-11.074558,-9.452908,-8.365138,-7.691422,-4.839304,2.036483,6.5622663,7.472072,6.318656,-0.001341877,-13.724128,-8.661714,-9.150247,-9.3034,-12.830392,-7.4932714,-4.083607,-11.17104,-18.392654,-15.384537,-15.85438,-17.056526,-12.007397,1.4797586,0.5451103,-9.785375,-11.511635,-15.56776,-13.5039215,-8.949713,-13.993822,-7.99988,-1.4085984,-4.8470955,-16.332853,-18.158615,-17.714342,-18.791248,-21.240074,-21.713345,-24.260862,-25.584814,-27.051737,-27.869589,-27.425064,-31.273005,-30.532763,-30.716198,-27.314417,-15.729521,-11.848525,-12.90374,-18.79586,-23.973997,-22.885471,-23.574133,-12.984582,-7.5285683,-5.244981,-5.1087,-5.488765,-6.0086823,-5.7726736,-5.374679,-5.5041,-6.1657887,-9.045269,-10.119958,-13.520175,-18.688194,-18.17426,-15.905023,-15.280874,-7.8961515,-6.316621,-8.890682,-11.744162,-11.773501,-9.625701,-9.583162,-9.713465,-6.979354,-6.6531634,-8.084854,-11.489539,-14.859305,-13.024193,-11.821939,-13.004665,-15.029518,-16.566442,-17.4102,-14.224172,-15.838812,-10.524118,-10.101948,-9.386882,-9.167458,-8.047296,-3.0616326,-6.5657387,-15.681473,-21.149357,-23.828598,-22.77179,-19.190012,-20.5737,-15.359976,-13.064571,-18.057499,-23.997242,-22.51298,-21.952938,-21.803959,-19.111267,-17.344975,-8.24135,-3.7488148,-4.4040246,-7.312803,-7.1664457,-7.956941,-13.5573015,-4.8947945,0.4429024,-1.3870182,-4.583763,-4.015288,-5.9012218,-4.0698404,-1.2564812,-1.8727292,-8.816225,-8.37957,-11.138473,-13.260586,-15.565309,-9.68122,-5.370934,-3.0698514,-4.636369,-8.209073,-9.108122,-5.821123,-12.83944,-21.761887,-21.105389,-25.840584,-25.009958,-24.008625,-20.771292,-16.319725,-19.533571,-19.64547,-11.174398,-9.856825,-18.038141,-20.30729,-14.181728,-14.418335,-13.785128,-12.531971,-18.700441,-14.846859,-11.257316,-11.093917,-15.468396,-23.020895,-18.26838,-13.311563,-8.861881,-12.201651,-21.957237,-30.047667,-16.536905,-14.100236,-22.541897,-25.095556,-26.522646,-30.68785,-27.57989,-20.098083,-17.013615,-16.498104,-15.25043,-17.236282,-16.617975,-15.435758,-15.272951,-15.829176,-16.873075,-17.531132,-18.04521,-19.456684,-20.52383,-20.850689,-21.008396,-23.687824,-25.734783,-26.48734,-29.515133,-20.507086,-22.24855,-29.679136,-13.412291,-5.371478,-8.032949,-15.085089,-11.864077,-1.2413712,-0.09720841,-13.255184,-11.576003,-10.639262,-17.43808,-20.409033,-15.891003,-19.007198,-23.412697,-23.890636,-20.22652,-5.755703,-0.5520196,0.7699284,0.51418984,1.3767349,1.1336159,-0.3399166,-1.7214932,-7.048524,-11.155256,-11.032609,-13.367628,-15.905236,-23.11548,-21.52266,-21.878292,-26.925737,-27.55938,-28.66625,-23.827091,-16.881062,-10.899831,-9.999556,-3.595635,4.3265934,11.205133,13.136233,12.3836975,7.000166,1.108731,-1.0616105,-2.6595654,-1.8099289,-5.988638,-6.574973,-3.150525,-2.6819987,-6.849744,-9.250848,-7.8901534,-6.13903,-7.527166,-11.206731,-8.676026,-7.2405334,-15.568456,-22.946602,-26.24606,-17.42863,-8.201668,-0.93869364,-3.3309624,-11.558018,-14.259973,-15.684403,-11.559123,-9.68441,-7.2496023,-5.768902,-7.5012546,-7.440214,-6.5869503,-4.8287516,-12.248363,-14.97819,-11.248981,-8.827862,-9.36742,-11.304179,-10.74974,-13.903632,-16.287523,-16.49241,-14.850503,-12.925831,-12.801132,-13.578205,-17.01181,-21.47649,-26.923597,-24.816742,-20.43896,-24.286203,-24.242142,-23.797321,-24.867678,-24.329071,-20.488062,-22.18936,-28.011051,-29.785196,-31.409597,-32.60307,-31.506336,-26.922646,-21.264507,-24.066332,-28.5099,-26.877262,-23.563196,-17.459753,-10.073504,-8.828316,-12.438727,-17.019938,-11.231832,-14.985123,-15.582023,-13.748702,-17.001154,-18.68616,-21.660902,-27.095951,-28.01365,-23.300926,-20.204693,-21.54191,-25.48425,-17.579647,-11.851917,-10.623415,-15.590468,-25.378256,-23.150711,-23.729996,-16.36459,-12.633892,-14.618258,-22.30294,-14.0005455,-8.569182,-12.045878,-17.786488,-23.853191,-27.687347,-8.108608,0.49956167,-1.8428657,-9.176448,-8.432839,-12.407383,-19.561152,-21.45813,-21.030178,-20.855152,-20.754917,-8.080984,-3.576431,-4.189505,-4.4291635,-4.05178,-8.061766,-11.038883,-17.54624,-17.766912,-3.0207906,1.5996015,1.4342601,1.4016333,1.4903862,1.0027915,-0.103766486,-2.3808339,-4.3184714,-5.64725,-6.7595673,-8.348567,-10.129189,-12.094667,-13.082271,-12.124633,-6.2931156,-6.2391024,-8.738628,-8.695335,-8.870953,-9.464668,-11.822607,-9.442292,-2.8213787,7.1067834,6.3807697,-2.3101594,-7.3561807,-8.76229,-6.0777607,-7.1923523,-5.265386,5.9996085,4.0169406,-5.1201053,-11.115749,-1.4262173,-3.8598785,-9.455117,-13.193054,-22.233746,-25.02607,-20.128553,-16.643131,-17.046663,-20.470465,-20.91428,-23.565493,-23.769915,-24.012201,-22.372982,-22.478086,-27.259647,-24.036863,-26.025675,-31.37786,-28.343422,-27.301517,-28.618479,-27.549131,-32.975155,-28.524115,-25.010796,-25.105293,-31.013466,-18.173492,-12.244251,-15.808983,-22.593548,-19.738981,-25.465458,-27.376732,-25.550549,-16.823141,-4.4580727,-0.70228124,-0.94467294,-1.5320086,-2.8763447,-4.801369,-5.2358704,-4.3648744,-6.427988,-7.8557444,-8.606509,-7.956563,-5.8529086,-3.4235716,-5.0044637,-8.016116,-5.7924623,0.9097946,1.0690974,-7.942436,-9.267761,-11.223022,-11.605352,-10.464983,-5.307063,-5.31186,-5.443529,-7.0760746,-5.6046243,-4.3234468,-0.5003513,2.8843284,-2.4516811,-9.408344,-8.793713,-9.373595,-5.068533,-2.8376088,-5.669114,-5.707693,-8.767861,-12.021477,-9.871284,-8.389591,-7.7936335,-7.239664,-8.481895,-12.839254,3.8915439,9.625748,5.52257,-0.6674241,6.7478094
-3.625274,-4.8141294,-5.811738,-6.2859793,-6.7219677,-7.3370557,-8.391602,-10.750767,-6.414075,8.6206875,13.82303,14.038955,13.117348,9.928528,0.07749815,-10.88008,-10.078763,-8.608205,-9.872194,-10.125727,-7.245881,-9.193163,-16.982426,-20.08168,-14.515238,-8.592359,-11.584866,-18.856913,-14.121591,-11.168486,-19.464268,-28.611073,-27.2154,-12.612467,-10.154308,-17.982756,-20.39648,-19.492167,-21.46685,-20.432583,-21.990568,-17.94637,-16.197893,-20.861177,-21.087006,-19.34553,-17.336203,-18.370155,-22.587055,-16.502346,-15.74953,-17.90375,-14.197005,-10.146709,-12.917718,-23.717375,-23.573206,-23.427673,-30.527496,-33.53105,-25.941751,-21.373615,-21.275196,-17.487074,-18.723072,-24.832294,-24.40713,-27.602806,-21.415192,-21.823195,-13.173244,-8.178631,-7.868598,-8.525253,-8.313467,-8.641223,-10.448154,-11.899203,-11.817413,-12.058272,-12.367924,-12.814527,-15.423809,-9.218958,-11.045935,-16.011902,-14.214429,-13.38491,-9.507118,-12.190753,-15.431231,-15.237569,-16.884712,-18.553455,-20.630554,-20.616663,-16.673904,-15.112877,-19.205912,-13.96618,-11.758739,-12.548967,-15.114914,-19.172485,-23.262028,-20.349367,-18.07554,-16.136442,-11.4087925,-14.049755,-19.22168,-20.722374,-23.84372,-23.816671,-20.749197,-22.573177,-25.014446,-23.8881,-13.886259,-9.609157,-12.255916,-11.88172,-11.525565,-11.727497,-11.419864,-11.740161,-9.462778,-4.0823135,-7.800502,-5.178055,-0.60064065,-0.9360754,-10.583368,-17.351097,-18.014648,-18.845741,-19.282768,-8.604137,2.1799881,5.463313,5.4971623,4.533424,2.8925376,1.8120986,0.689627,-0.74025184,-1.800175,-2.6459422,-3.802013,-5.1876426,-6.581229,-8.778466,-10.506247,-11.131988,-12.157597,-11.28438,-10.099731,-15.352905,-20.004217,-23.019295,-18.500618,-14.007517,-14.792221,-9.358486,-6.724099,-12.036113,-16.971434,-17.256596,-21.023405,-17.66397,-12.824232,-14.299246,-20.24109,-10.898195,-4.248364,-5.079057,-15.705898,-22.247944,-15.350988,-12.046138,-17.967392,-23.555195,-28.68783,-30.792652,-27.399685,-15.150021,-12.929879,-17.76958,-17.500654,-18.765957,-21.384277,-18.576656,-12.611743,-15.833741,-20.738235,-17.728088,-19.71775,-16.670132,-10.068294,-14.356567,-21.741953,-22.463343,-26.581253,-23.725971,-23.157385,-22.731358,-17.516691,-16.445915,-23.49705,-25.240986,-26.281836,-21.459494,-11.023637,-7.4789186,-6.395588,-6.6163025,-6.91407,-8.165341,-9.061671,-8.897249,-9.857291,-11.188704,-12.142209,-14.324562,-18.40942,-22.056295,-29.723997,-28.313969,-22.075579,-14.677587,-16.617786,-30.011848,-34.312588,-31.02591,-29.52821,-20.12143,-11.801491,-14.265256,-22.763676,-21.310535,-25.941738,-24.531754,-22.948933,-26.217499,-32.14399,-29.119139,-22.689112,-21.444109,-27.448122,-31.07506,-16.157057,-11.3360405,-16.805061,-21.41216,-23.273525,-18.154202,-17.125366,-15.88549,-22.560759,-10.316931,-6.05492,-10.380575,-12.703309,-7.807044,-11.766182,-18.386309,-24.027338,-17.950771,-7.029224,-7.148785,-14.247733,-16.654673,-17.028912,-20.706789,-21.69231,-29.694958,-30.257069,-21.678514,-20.639908,-25.994398,-31.8384,-21.75092,-12.268282,-13.531388,-26.684189,-32.527138,-31.868317,-23.224287,-18.75666,-14.872311,-16.226618,-30.113771,-23.822514,-24.044827,-25.437428,-18.522577,-18.129595,-19.731398,-26.789062,-26.49599,-27.164766,-31.266068,-32.8209,-34.55306,-34.5812,-35.41265,-29.93493,-27.620926,-27.934856,-31.6263,-17.756153,-0.38276064,-0.03660229,-8.23428,-16.236164,-12.004274,-10.6779,-4.112014,7.926228,13.980828,16.016544,17.072866,15.908804,7.9010243,3.05189,3.1886225,-5.229042,-5.381919,2.9739351,4.2370605,-2.013288,-4.1007037,-6.4828534,-5.8362412,-6.090682,-5.440116,-5.436,-9.699518,-16.33235,-19.058746,-13.62031,-12.382232,-12.6674385,-11.36186,-7.810363,-4.979357,-2.2067728,9.161031,11.169229,1.893467,-3.4206555,-3.10894,3.368019,9.683708,12.678027,13.145941,11.292343,4.384191,-3.023799,-7.159998,-3.5366347,-5.1230855,-9.296872,-5.7966137,-5.419099,-8.262158,2.068162,10.43499,13.9746685,12.6412115,5.7059283,-3.7834265,-4.5070953,-3.949823,-5.2956743,-8.371725,-8.735996,-8.775336,-10.559616,-5.8686705,0.2245363,-1.6127406,-7.6915812,-2.2519555,6.007564,10.86055,12.605383,12.903619,12.149162,11.036001,11.011192,11.109774,10.839905,10.991436,11.107809,10.609907,10.183429,9.833587,9.356277,8.851629,8.884871,9.571446,10.0229645,9.22899,8.691973,8.410283,7.762617,7.267658,6.8625903,6.527034,5.9570837,5.592289,5.581296,6.026191,5.6884027,5.1376314,5.3344116,5.652437,6.451979,8.35163,9.43,9.742531,8.939662,6.9083405,3.8520882,-0.39723372,-5.223566,-3.6302903,0.71931124,3.6635456,5.629344,6.5188413,6.0723944,4.68155,2.9942,1.6113745,1.5145535,1.0019395,0.3524782,0.46114233,1.485055,2.5790188,3.6080651,4.4939585,4.72018,3.6530738,1.7293315,0.025440622,-1.1756917,-0.77674794,1.5935887,4.67535,5.8075905,1.6998504,-13.045465,-13.842555,-11.059126,-10.452441,-10.246743,-9.923142,-11.412431,-13.107286,-14.530831,-11.833669,-12.680632,-12.540451,-8.877033,-6.8455887,-10.771345,-13.132225,-12.332374,-2.088842,1.0165129,-4.179782,-12.013697,-11.701497,-12.761364,-14.99707,-7.1830177,-0.44604605,-1.8953342,-3.4131358,-6.198184,-15.241062,-6.581511,-0.57781243,-5.0195,-11.819386,-9.59114,-14.461391,-18.375195,-12.762053,-9.243252,-12.223391,-11.518702,-16.173225,-14.980274,-16.431967,-15.110216,-14.235706,-14.636248,-11.863804,-12.97161,-17.424433,-14.872671,-15.732498,-23.393234,-26.556675,-22.706041,5.6162224,8.644078,3.1671233,-5.8450913,-10.727363,-9.216931,-13.46095,-17.761494,-12.963963,-6.1525106,-1.7568336,-2.507727,-3.8881216,-4.4090815,-4.079607,-6.6015964,-9.4646225,-9.512163,-12.091957,-15.180529,-16.427927,7.824791,13.928561,9.107026,-1.809535,5.357322,9.182828,0.30856508,-6.9140816,-10.54244,-13.468509,-11.943656,-10.777883,-5.4970636,-5.520782,-4.132379,-4.979138,-5.047407,-6.9112606,-7.179739,-6.475701,-6.683676,-8.409536,-11.268879,-15.119795,-14.264994,-3.980033,4.490984,0.7884967,-13.224043,-13.741423,-14.82223,-15.077696,-17.533142,-17.137869,-19.997236,-19.0344,-17.71518,-23.875666,-28.30301,-14.519253,5.0321198,9.7877865,7.324066,-2.2887845,-8.528625,-6.3208647,4.0157056,3.1208105,-2.1722133,0.5159542,-5.6356354,-12.435613,-14.533678,-12.155228,-3.0946264,2.6179245,-1.0727445,-6.055394,-7.5278206,-2.6996624,3.4920323,6.280241,7.8763657,4.2212605,-11.312609,-11.581406,-13.132367,-10.721654,-13.77072,-19.803062,-21.975117,-17.788887,-19.46863,-17.197777,0.4768681,8.142983,4.2628922,-11.847529,-3.4648643,0.11676625,-7.0201797,-12.203618,-16.168804,-17.07919,-16.865185,-21.547625,-13.722615,0.5469278,9.249193,8.90287,-0.19968854,-7.763134,3.0210135,4.072362,-6.1307144,-10.548401,-9.037652,-12.032584,-16.65635,-15.944933,-15.94432,-14.777071,-13.8749275,-14.206871,-16.977959,-19.966452,-17.979641,-16.777685,-25.14329,-22.856892,-22.705711,-23.610569,-19.459993,-15.26162,-15.765234,-18.859491,-21.288004,-23.0025,-22.385395,-23.485453,-26.34822,-21.70788,-21.567066,-17.566496,-16.753662,-16.117195,-13.295868,-10.140831,-16.439816,-22.367245,-22.633821,-20.184423,-14.217913,-9.638029,-11.826199,-21.830418,-26.582548,-26.307297,-21.124413,-19.24171,-21.09954,-16.317244,-18.434422,-25.028742,-32.92818,-27.787104,-29.519922,-30.28704,-32.832108,-35.685432,-33.623436,-29.411224,-25.61509,-29.710358,-37.247627,-32.15302,-35.189823,-36.413586,-30.725729,-29.539347,-37.83432,-32.152603,-25.35197,-24.833118,-14.519718,-8.926807,-12.769699,-20.002071,-10.589255,2.7525911,2.329554,-8.77654,-13.051162,-13.168498,-14.905977,-0.015386664,0.63103145,-11.681062,-11.726709,-12.797252,-4.2285104,-5.169397,-17.96181,-23.894596,-14.226103,-12.1483755,-16.882353,-16.955809,-19.008469,-13.517033,-11.597743,-19.072975,-16.050354,-18.46105,-18.569313,-12.959037,-14.945223,-12.445866,-9.420653,-15.004263,-19.158642,-25.925371,-26.71445,-10.383736,-6.2716007,-13.114423,-11.6748295,-0.041829836,-0.50155026,-13.610753,-18.252665,-23.306759,-22.01696,-10.822367,1.4851319,1.6425346,-6.9623814,-11.424006,-1.7357618,3.9263,2.5153234,-8.769952,-11.268208,-8.326228,-0.967915,1.190025,-4.8367057,-2.8232155,-7.1667957,-16.698864,-9.036349,-2.2440848,-4.7298317,-14.449314,-12.502507,-16.81584,-18.99501,-20.359207,-17.510517,-13.099394,-9.530626,-8.994908,-8.081826,-8.865967,-10.396805,-10.877026,-9.794702,-11.8367,-13.177451,-12.773744,-12.7743635,-13.865164,-14.191399,-14.854233,-14.8596525,-14.914809,-15.90788,-15.593747,-15.338953,-16.378107,-13.410025,-10.854202,-12.270894,-14.895269,-16.808441,-18.54643,-14.157879,-17.734945,-5.6930494,-4.5582623,-12.999276,-17.494022,-17.118711,-3.795906,-4.450618,-12.85474,-16.896345,-19.351578,-22.800713,-19.408024,-14.874888,-5.5075574,-5.2918673,-13.523249,-18.59831,-17.147144,-21.064846,-18.396355,-24.29841,-7.1198583,-1.3095267,-5.779294,-17.29171,-23.025272,-20.61555,-27.036821,-24.048462,-24.645187,-21.91898,-24.869888,-28.361881,-30.026745,-29.092258,-30.393051,-34.746723,-37.394875,-28.990734,-17.45564,-13.266015,-13.112126,-19.213474,-25.05182,-21.789383,-23.082413,-11.064346,-4.7092586,-3.4272835,-3.517301,-3.2421455,-3.414112,-3.7714674,-3.4354038,-3.5718493,-5.347447,-8.973642,-12.277137,-20.70359,-27.214281,-26.149042,-20.581512,-17.054169,-15.471907,-11.107345,-13.102711,-18.192371,-19.045504,-15.274688,-15.679007,-17.436659,-13.385622,-11.562775,-7.1261406,-9.691303,-19.018042,-17.724852,-14.215315,-15.032686,-19.278147,-14.912964,-9.466527,-3.539218,-8.42807,-16.36953,-18.771107,-22.59261,-25.737732,-16.908457,-7.510423,-8.717372,-18.453014,-27.559797,-24.65153,-21.540493,-17.036137,-16.600445,-15.908907,-15.19648,-17.391933,-18.469975,-18.191296,-18.87822,-19.768902,-21.604984,-22.3872,-10.819151,-5.59197,-5.9983416,-7.850438,-9.139095,-11.325389,-10.173072,-2.9624686,0.72997206,0.71300834,-0.3813725,-1.8176073,-2.2631607,-0.5746003,-1.1800109,-5.460017,-11.598576,-8.76183,-11.510452,-22.637066,-21.830837,-13.88157,-12.575178,-20.094398,-21.730026,-23.234356,-12.636918,-8.232981,-15.1934805,-28.351908,-26.193445,-20.544607,-21.248737,-21.928764,-16.709103,-17.26442,-19.307192,-14.3482065,-0.41738462,-0.9517907,-13.539916,-14.867529,-3.4980927,-3.3369794,-13.647031,-16.899258,-22.95739,-22.787144,-19.600424,-19.03695,-22.204693,-26.016132,-28.24664,-28.407145,-27.266487,-32.923283,-37.229557,-28.052448,-22.079422,-20.29933,-23.06844,-26.21529,-28.444218,-31.003902,-26.903246,-25.053364,-22.27201,-19.670975,-17.127981,-23.006866,-24.453575,-21.447956,-21.114359,-22.999096,-23.245434,-23.695204,-23.592571,-25.249916,-27.370184,-29.46708,-28.382767,-30.816078,-34.192825,-30.94061,-23.164646,-17.840382,-20.14123,-30.707344,-19.471197,-10.450773,-11.51911,-21.384094,-18.550283,-9.400578,-7.5402045,-15.049383,-13.370546,-8.082505,-12.305039,-8.344194,-4.782256,-11.762057,-18.89408,-24.777561,-20.4648,-9.209052,-5.371606,-3.7665172,-4.9334984,-4.265557,-4.0552225,-4.8128076,-6.0856175,-12.018069,-17.768772,-15.26202,-17.57477,-17.814684,-23.68846,-22.617065,-25.43924,-24.103643,-26.673813,-27.105093,-24.165703,-25.429323,-17.77967,-15.464487,-6.6445994,-3.8020673,2.3885725,6.9376698,10.213081,10.1905775,6.598789,3.681921,5.0774198,6.003199,2.7827754,-6.7287264,-4.159239,-0.9428593,-3.6877837,-6.555504,-6.125456,-2.9432597,-4.5417795,-8.497539,-8.32778,-8.352064,-13.678068,-21.896278,-20.142315,-17.948095,-5.605902,-1.3541304,-5.2077436,0.5963471,2.1588871,-3.0666533,-4.5707483,-0.06277404,0.34548882,-6.2312946,-11.721371,-12.159117,-9.438552,-9.228228,-14.318359,-14.926899,-15.699305,-14.311353,-14.5888815,-15.750641,-14.474146,-15.855409,-19.086977,-19.008806,-18.527979,-17.018764,-17.86158,-18.032442,-21.482136,-24.874985,-21.76902,-18.911802,-18.783527,-24.356625,-21.916744,-23.151718,-24.796085,-26.021744,-26.014324,-26.35148,-26.718296,-29.056637,-30.881655,-29.384058,-29.443707,-20.590467,-15.428251,-20.807384,-32.10467,-27.21837,-25.628222,-16.662825,-7.44261,-9.038981,-19.889362,-19.55591,-12.043313,-14.40155,-15.438546,-13.785582,-22.212803,-21.035767,-20.532047,-26.874542,-25.731794,-28.619724,-22.594149,-23.460846,-27.204525,-16.362494,-9.411668,-8.5913315,-12.62805,-16.687105,-18.412273,-18.021206,-13.773386,-9.542191,-15.079462,-21.665895,-4.321045,3.4929914,1.162052,-12.215599,-16.984793,-19.604414,-8.070862,-3.0906904,-6.5106316,-4.919314,-8.889679,-14.3318405,-17.41239,-20.19508,-19.68974,-17.357553,-19.881622,-13.137318,-12.38133,-11.466587,-12.677613,-12.017827,-14.672277,-15.330839,-19.697372,-18.41587,-7.1314726,-6.1130733,-7.827141,-7.374327,-6.9718647,-7.597757,-8.894576,-10.837236,-14.042877,-14.744891,-15.346279,-17.105654,-20.147614,-21.018852,-20.358973,-0.9220134,4.8972616,5.182429,-0.65766984,-5.5049796,-9.441483,-11.765542,-15.8571,-15.658511,-1.4138924,7.0047913,4.677707,-4.3985124,-10.892507,-9.778751,-9.07528,-8.2608795,-8.192715,0.48677367,-1.0532417,-8.005413,-12.629043,-9.570378,-10.673727,-17.19855,-20.559162,-22.104599,-17.792011,-21.234203,-15.513864,-14.058588,-22.110569,-23.259697,-22.622034,-22.574245,-21.717518,-21.666794,-21.930267,-22.49413,-23.675156,-23.64437,-22.243393,-28.645641,-28.080576,-26.25678,-31.324677,-31.427246,-30.049229,-25.600952,-25.104721,-30.044476,-16.799088,-12.095825,-14.403583,-21.841316,-25.460651,-27.651829,-25.520437,-24.867386,-20.521872,-7.5620213,-2.0562663,-1.9838009,-2.5843344,-3.8509474,-6.075907,-6.2672143,-7.4867816,-8.397722,-9.02264,-9.934542,-9.212545,-9.924482,-8.434563,-6.789758,-12.220212,-13.344932,-7.717306,-10.11219,-21.079834,-4.6747904,-2.4722314,-12.5620985,-2.0068305,4.2962613,-0.9034374,-5.056248,-9.640433,-8.117141,-5.1300716,-1.9996138,1.4962648,-1.8281713,-8.86878,-11.7786255,-9.680107,-8.497814,-4.3090196,-4.2447634,-5.5699224,-9.585653,-16.274158,-10.921172,-7.480132,-6.7542977,-8.2257805,-8.741167,-11.818848,-3.5888073,2.3008127,-1.9960618,-8.0431795,-0.61182135
-16.500729,-21.916801,-27.165108,-28.094282,-26.121758,-25.83782,-25.467566,-22.931526,-10.256561,-2.8192508,-5.8462663,-7.759958,-5.0536203,-4.395607,-8.328228,-11.060725,-13.9612875,-13.744146,-12.496057,-15.413334,-19.725874,-15.808164,-17.064434,-16.349049,-12.8676815,-12.439641,-14.0449295,-16.899006,-10.656773,-6.535337,-11.945046,-20.7938,-22.213537,-17.171272,-14.198385,-17.654049,-18.4958,-24.5775,-22.39428,-16.526333,-16.932943,-20.368216,-20.333183,-22.300297,-21.548216,-14.660282,-8.61798,-7.861511,-9.398833,-7.1860313,-8.597391,-13.837301,-19.586006,-18.01628,-13.397676,-16.920067,-24.16481,-30.46339,-29.859964,-27.324293,-27.684025,-25.191982,-27.004028,-19.796803,-19.282845,-26.167385,-24.762207,-26.825182,-29.196968,-22.250187,-20.977974,-22.574036,-20.467125,-21.244267,-24.621796,-27.16742,-31.245255,-30.00161,-31.640871,-35.144516,-18.913433,-13.830882,-14.87723,-8.572876,-10.689096,-19.465832,-18.373932,-17.1926,-13.614697,-15.511832,-17.532595,-17.390656,-16.741814,-19.63085,-21.208036,-20.169695,-21.73815,-21.0884,-22.09291,-23.417534,-24.592545,-20.128395,-17.915298,-24.127977,-26.347845,-18.418184,-17.639812,-12.525873,-2.4054294,-3.0425715,-14.203814,-22.216825,-14.4434185,-13.90765,-11.183134,-13.265033,-20.02202,-19.733852,-16.00948,-4.2153172,-0.18167874,-3.5281374,-11.020089,-18.601688,-21.685627,-17.618803,-3.436344,8.928065,13.0988035,13.90164,12.816348,7.8984303,-3.1998925,-14.622649,-11.470209,-7.7245693,-10.365228,-15.057968,-12.109028,-9.442357,-6.6745434,-7.644921,-13.103763,-17.707443,-16.753227,-14.992751,-14.876213,-14.093924,-12.66903,-13.251753,-15.438892,-15.933579,-20.146578,-26.7999,-26.916656,-13.5373,-7.5537558,-11.17042,-20.053009,-28.084734,-18.171074,-15.1266575,-14.183178,-2.8703337,1.8967612,-1.6949581,-11.808248,-20.531662,-18.65953,-2.8584013,4.4893503,3.6712236,-0.92503417,-1.0336442,-3.555821,-5.2357283,-7.588991,-12.257664,-15.654813,-14.223562,-17.188265,-17.62644,-18.838873,-18.203194,-16.363253,-11.650983,-3.8361955,-3.4987175,-5.4474344,-5.607553,-6.110012,-8.888975,-9.114391,-10.871133,-18.28452,-22.195646,-16.659086,-16.47843,-13.146924,-15.16297,-19.85861,-19.624218,-18.936302,-12.19634,-14.554701,-21.725368,-19.975735,-20.511055,-21.71965,-23.116165,-20.606102,-21.792719,-19.353178,-22.02631,-22.50312,-21.389889,-19.240046,-16.05744,-13.458195,-16.338478,-15.227443,-15.291772,-12.7758045,-13.366436,-14.48236,-15.990424,-15.20776,-13.507273,-15.988141,-17.057587,-16.315914,-14.730408,-16.990047,-19.286726,-16.69034,-16.187613,-14.500839,-19.658278,-21.827374,-19.315577,-19.287285,-18.036705,-20.96172,-20.271814,-20.887207,-17.132795,-18.58358,-19.921535,-25.956633,-25.935804,-15.819945,-11.026753,-16.815868,-26.059416,-28.371399,-26.092766,-18.899487,-14.437769,-18.68634,-15.20508,-11.737541,-10.378251,-14.916209,-11.997387,-14.19415,-26.498531,-29.33123,-17.752897,-9.596313,-11.830921,-14.8824415,-16.395626,-15.114843,-14.665503,-17.256136,-18.84417,-17.254007,-15.892906,-10.453922,-8.9666,-12.775182,-14.290714,-6.494972,-8.254371,-16.098705,-18.977497,-21.552898,-19.834158,-21.118656,-12.372351,-12.488431,-22.148502,-22.628906,-26.006111,-23.325998,-20.127453,-18.633183,-19.035324,-25.199512,-24.104052,-23.093735,-25.497358,-25.939842,-26.2393,-30.536348,-34.863426,-35.20197,-32.429607,-34.535595,-32.08974,-16.082584,6.451945,12.928081,14.134413,13.037363,10.302975,5.32815,-2.2590444,-7.232718,-5.3894606,-0.014257034,3.925514,5.311892,0.052930303,10.585964,15.548536,12.628283,7.546094,9.481305,8.110069,-4.213546,-13.840311,-11.195179,-9.186568,-7.8919883,-6.7555094,-2.3738132,-4.756878,-9.510862,-18.102764,-11.639966,-10.440331,-8.968895,-11.459409,-10.084639,-11.368198,-3.117125,10.823216,15.868998,15.908525,13.16011,11.917459,12.127714,9.400029,1.9675379,-6.4638143,-4.6291223,-1.7638412,-4.294049,-3.2226353,-8.91744,-11.983408,-8.658169,-9.069159,-14.7107935,-11.257867,-6.3840704,-6.006134,-5.4390707,-6.4083033,-5.019394,-3.51013,-7.376523,-5.582629,-2.0184002,-2.320715,-7.9257627,-11.934511,-15.744933,-8.33153,2.2987838,3.1754458,-1.6856455,-7.939788,-12.226309,-13.282148,-11.419674,-6.99909,-9.419415,-12.221382,-14.75609,-16.81342,-14.647419,-15.601464,-16.279696,-14.387552,-15.186415,-15.888294,-17.206522,-18.996151,-20.7762,-19.778017,-16.060444,-17.109802,-16.770752,-18.875912,-20.735596,-20.254766,-22.83157,-18.718813,-16.774328,-15.375978,-16.165844,-18.001554,-18.71605,-17.626835,-18.45184,-20.732037,-17.790255,-13.800754,-14.453197,-15.902891,-17.17512,-17.94283,-19.160126,-18.741386,-24.751476,-22.034744,-18.138384,-18.10258,-19.222286,-18.884346,-19.864475,-23.446152,-22.339104,-25.080206,-24.172697,-24.289658,-23.838968,-23.517506,-23.006498,-20.119226,-21.481976,-21.447754,-17.675581,-17.565872,-20.749832,-20.922062,-20.125368,-22.314064,-27.157309,-26.969282,-13.915668,-11.541527,-20.883648,-25.09003,-29.04041,-28.90829,-26.891636,-28.281315,-31.071625,-32.435165,-28.896873,-19.550583,-19.312569,-14.817275,-1.9945004,2.7016828,-0.53527033,-6.597556,-1.991035,3.0673122,3.1702619,0.80646867,-3.549262,-4.9632173,-9.554115,-4.824952,0.7485181,0.72769535,-6.057815,-3.971889,-3.6195707,-8.270625,-3.3537526,-1.9621696,-9.751685,-12.476723,-4.7119946,-8.460651,-14.226786,-13.237972,-13.270201,-14.88776,-12.059001,-14.541335,-18.727549,-21.35441,-22.409431,-21.012993,-18.444187,-11.785394,-12.359284,-18.225594,-17.949818,-21.675762,-31.360268,-32.94178,-20.81276,10.908478,19.03853,20.756063,19.409885,16.861128,13.816576,10.85153,5.022306,-4.1804647,-6.8626623,-8.97414,-7.236097,-9.782008,-13.123112,-15.256835,-12.111353,-13.413012,-15.534708,-17.773117,-17.896389,-14.175149,9.470549,18.001802,20.056377,20.24955,19.830912,16.121178,5.408059,-5.088088,-9.907746,-6.329154,-6.101875,-10.4226,-4.4562254,-0.4511365,-1.4552941,-4.476381,-7.4185424,-11.997757,-9.40649,-7.4835625,-5.4414268,-7.5765514,-14.952702,-12.082353,-6.3913183,1.692533,10.165878,11.125998,7.945572,4.04753,2.5410702,3.4364967,2.743381,2.1591744,-1.1427706,2.5155053,1.8892823,-3.5064614,-7.1343856,-1.8066491,6.170909,5.1325107,3.3693683,1.1147506,-3.980661,-0.46508643,1.037287,-5.7214217,-6.3428473,-0.12127042,-4.4977436,-12.201227,-11.38883,-8.2776,-4.8171387,5.774063,9.758421,11.045524,11.334074,10.498548,5.5596313,-0.90395623,2.2950761,1.283493,-6.1493616,-8.257021,-17.908075,-13.549285,-9.45507,-9.600452,-15.260676,-15.007381,-13.331354,-12.383232,-1.1039757,8.072019,11.977518,12.6540365,11.750053,6.3491864,-8.254507,-10.987169,-11.747581,-13.104853,-18.473341,-21.064003,-15.895378,-2.2991505,2.8905954,9.276014,11.466034,10.707669,11.1737,7.8000374,-4.168555,-9.545596,-1.4077859,-0.5462057,-4.817627,-2.6829624,-1.979867,-6.2201743,-11.516977,-10.856983,-11.584758,-14.44624,-8.709718,-9.028929,-8.082067,-8.264591,-9.280531,-7.3949833,-5.967412,-10.936803,-16.259724,-16.06683,-23.991383,-19.677023,-15.887129,-17.960037,-21.84914,-22.743767,-23.84881,-15.659789,-11.745708,-10.653539,-6.297407,-5.170875,-11.9212475,-11.316385,-9.905203,-8.3062725,-9.488204,-9.30895,-11.3527,-16.66513,-15.159084,-17.100769,-15.733542,-13.742165,-14.803182,-10.569186,-11.381121,-15.884161,-18.77096,-18.074192,-19.139343,-18.572271,-20.42915,-20.86036,-21.276966,-19.323612,-19.681602,-19.876339,-19.420181,-21.169498,-23.689882,-27.6359,-26.51928,-27.490423,-32.037743,-29.488747,-26.931784,-23.649426,-14.725407,-7.1705728,-5.1778007,-7.754349,-5.3404098,9.265871,14.430054,12.714433,4.493449,0.26038578,3.4131339,7.248266,5.7297106,-3.5873237,-3.913747,-6.1729164,-5.734548,-6.014138,-11.097747,-14.452337,-10.213489,-9.441927,-14.593154,-13.7136345,-15.729524,-15.89839,-16.4189,-12.9046545,-7.9376287,-9.574704,-8.739665,-9.575724,-17.263062,-15.81606,-15.803337,-18.52233,-20.097239,-18.84734,-15.5647955,-8.870456,-4.587854,-8.50089,-7.8965244,1.6766889,6.759658,5.781027,4.8676167,3.4277973,2.6364222,3.0366688,3.8686657,0.52452606,-3.251112,-3.3425326,2.048677,3.1051328,2.0003946,-3.5185118,-6.6381254,-3.2859569,0.060330275,-3.2672544,-9.096368,-4.847913,-4.0692697,-6.41094,-5.2221336,-3.9835854,-9.425178,-10.541896,-11.182946,-15.506116,-16.38302,-15.903129,-19.964731,-19.765093,-22.777245,-16.449696,-17.032969,-21.313042,-26.0118,-19.594452,-21.092632,-24.689558,-25.642826,-22.332514,-21.657467,-23.339333,-20.932226,-22.964542,-26.719406,-28.353264,-25.886631,-25.617645,-24.0159,-27.038315,-21.10998,-22.790619,-21.81557,-22.461445,-24.689808,-20.78817,-19.657848,-17.737368,4.654559,12.634936,13.63739,11.977157,10.616803,9.8757,6.0664964,-1.7497928,-7.948447,-15.677352,-13.85894,-11.308795,-10.704489,-10.625799,-9.223593,-7.9102206,-12.065097,-11.326065,-12.171336,-8.716065,-9.63902,-5.239131,5.01486,8.316688,8.042794,5.947136,3.6178782,1.6250291,-1.59225,-3.2693877,-3.736537,-6.1160765,-11.607826,-12.900288,-13.774251,-13.490114,-12.261965,-13.649005,-13.913925,-13.111962,-14.826903,-17.669893,-16.152863,-14.15873,-14.031548,-11.863707,-8.339962,-5.4218197,-6.864126,-7.812481,-8.41365,-8.16985,-8.16608,-9.675664,-10.293226,-7.7933655,-5.200991,-6.558114,-6.8407593,-8.663346,-9.861901,-9.589355,-9.46256,-9.238733,-8.217906,-9.756583,-11.665646,-13.271794,-19.57016,-28.241682,-24.298374,-19.5986,-7.908493,-2.2544734,-6.639323,-19.559414,-13.765626,-5.4744487,4.3187504,8.391319,9.354182,10.529942,9.35136,2.555978,-9.10987,-15.018014,-13.701631,-10.2650175,-12.391367,-10.809073,-12.279815,-20.642681,-12.8668585,-11.105269,-14.429712,-15.239573,-17.68028,-20.026642,-19.005186,-19.719967,-14.329975,-11.986177,-18.338932,-19.00799,-19.323956,-12.960712,-7.9380803,-8.293337,-9.71493,-10.152142,-10.162173,-12.788641,-13.797415,-8.074027,-7.3618174,-10.438529,-13.034716,-19.310879,-15.932971,-13.272344,-16.302359,-12.771757,-5.9232445,-6.2941456,-7.6785207,-7.4593635,-8.067301,-4.334745,-2.7172651,-5.6986256,-8.320145,-10.1810055,-9.499302,-6.1744175,-9.35161,-11.181602,-11.221137,-10.724984,-12.388901,-11.800446,-10.563717,-11.81466,-12.225409,-9.498991,7.398177,12.886792,12.747143,11.8118515,10.51896,5.9189568,-3.7511911,-10.719643,-12.344654,-9.652555,-10.567904,-11.882835,-9.436113,-10.630021,-10.390367,-8.73417,-9.795148,-13.3323555,-16.456589,-17.48318,-16.248806,-14.60277,-15.1452055,-14.642382,-15.3885,-16.29731,-17.128382,-22.692417,-24.83318,-17.308786,-15.0745535,-20.203243,-28.181189,-27.898102,-28.199465,-23.943863,-24.803621,-29.475668,-25.713928,-27.985004,-34.758316,-39.099487,-30.988733,-24.700338,-24.247814,-26.419983,-19.470272,-17.437332,-22.31953,-26.542646,-27.270767,-17.353521,-16.910707,-23.725636,-24.446478,-20.812223,-18.298544,-18.837276,0.34958208,10.498275,12.992569,11.886301,7.910566,-1.9456336,-11.503959,-10.458689,-12.086234,-9.242075,-11.372663,-11.22984,-10.135441,-6.368618,1.360122,0.81396365,-9.122797,-13.53436,-14.949013,-14.53169,-14.77289,-16.263527,-13.522278,-12.344099,-16.341421,-17.950626,-17.573235,-17.14972,-20.116388,-24.464027,-20.201042,-20.020197,-6.964095,-3.7765338,-4.519614,-7.5720572,-1.4907827,10.96506,15.4307995,17.150845,17.834347,16.203789,10.026265,0.68629533,-4.718988,-3.815548,-5.035962,-7.936897,-8.4431095,0.55015516,-0.6018845,-3.8595047,-4.2795258,-6.3404646,-9.8633175,-10.27516,-9.127396,-10.550308,-1.8463145,8.554811,12.216954,14.135054,13.148399,10.949726,12.88155,12.625593,9.409703,2.1156886,-5.013805,-8.653048,-11.118166,-15.139575,-12.169486,-7.778993,-6.5720863,-8.002421,-10.176546,-15.744192,-10.096383,-8.181666,-9.269963,-9.511391,-12.073345,-17.567907,-19.471478,-17.451202,-15.363697,-16.771433,-18.26223,-18.397104,-15.973744,-16.658762,-14.592239,-13.476812,-14.445364,-14.290119,-14.864008,-14.292694,-14.960847,-16.616215,-18.760162,-19.33235,-18.967499,-15.180482,-9.9414425,-14.4238615,-27.92175,-24.736082,-24.341848,-16.29176,-5.720039,-6.7277904,-18.338703,-16.548151,-14.709858,-15.248747,-9.723252,-8.381703,-9.63051,-8.505053,-12.837592,-16.546404,-14.409628,-17.285225,-16.324505,-13.12393,-13.07493,-10.015263,0.831629,5.4410887,3.4069948,-1.3445077,0.6296443,3.7327218,2.2167163,-3.7623584,-8.289786,-10.004528,1.3394905,5.8163424,4.671843,-1.7970663,-8.876644,-10.468143,-5.1233416,-3.0628886,-7.680568,-3.4544497,-6.5127716,-14.240833,-12.090372,-15.3628235,-17.388971,-16.144464,-17.99878,-15.678114,-15.731968,-20.162903,-16.620224,-16.09345,-19.397781,-12.130733,-11.682726,-12.069878,-11.778025,-16.735842,-21.24907,-22.66218,-23.112846,-24.043541,-23.061031,-20.220785,-27.940237,-26.985338,-23.467894,-26.977274,-30.079723,-26.691324,-22.971752,6.3460436,16.901285,18.590523,12.075314,-0.5711611,-5.7556796,-6.031832,-5.929676,-4.5877066,1.7473469,14.150711,18.173008,17.688164,15.890633,13.965588,11.325876,6.4684696,-1.4695833,-1.8324385,-1.69255,-1.8145372,-7.071536,-7.221846,-9.72392,-11.360151,-12.9921875,-14.558259,-13.3498745,-16.223988,-15.455261,-10.485247,-11.0215225,-16.001255,-12.121622,-9.77815,-9.481229,-13.4862385,-11.331547,-10.688511,-12.541529,-13.900402,-13.665882,-12.741726,-11.597599,-14.125353,-13.473093,-16.840975,-17.954582,-20.318754,-23.095356,-23.737371,-15.632644,-6.935139,-6.2769833,-9.025578,-8.509481,-10.85588,-11.805332,-11.097437,-11.429518,-12.405668,-13.565027,-13.740084,-9.786364,-9.431969,-6.957736,-7.9389863,-13.429905,-11.435421,-16.113476,-22.451513,-25.818264,-24.87118,-13.155661,-11.854914,-14.780225,-18.82334,-13.851266,-11.319159,-16.595192,4.5600266,12.796387,14.5027485,14.620531,13.938533,7.976159,-0.7416853,-6.868072,-11.667995,-5.777242,-5.4065,-7.764986,-6.037157,-7.2500906,-8.883447,-5.929903,-6.456272,-4.851629,-8.075308,-13.146201,-16.90961,-12.212639,-7.4729676,-6.726863,-9.605267,-13.091954,-15.0764675,-19.88577,-5.389164,-0.3292376,-6.006318,-12.578909,-3.5105824
-21.707443,-26.71658,-31.050108,-32.305603,-32.359592,-30.745758,-28.425524,-28.248981,-17.345526,-10.126831,-13.159803,-10.107579,-8.72504,-15.563126,-15.081137,-16.673315,-22.22827,-18.65744,-15.682659,-19.205877,-19.521936,-13.0377445,-13.781788,-16.077349,-10.905039,-9.452895,-11.9369135,-14.209732,-8.3039465,-7.4172206,-15.940863,-22.276707,-18.694077,-20.880238,-19.058193,-20.401146,-21.708328,-25.225847,-21.941528,-17.884567,-19.485514,-19.188015,-18.794903,-21.390182,-23.078415,-20.091393,-15.277938,-14.51437,-14.904532,-14.167842,-20.176027,-25.000723,-25.782196,-26.765366,-19.700129,-18.911833,-24.440773,-31.796154,-26.986595,-26.21685,-28.350231,-29.312153,-27.94651,-20.608034,-20.877964,-28.502174,-26.502722,-22.321836,-25.887508,-27.169365,-22.445599,-19.200521,-20.109348,-22.922035,-21.376736,-22.179195,-21.154661,-20.034412,-20.208885,-19.64507,-16.42319,-11.625515,-11.413013,-13.668097,-17.78684,-21.048431,-20.547773,-16.268938,-9.758732,-13.042578,-18.444532,-17.74954,-16.5617,-18.552238,-21.84719,-21.358099,-20.4686,-20.598507,-22.718355,-21.80175,-19.539135,-13.6824,-14.97637,-21.357025,-22.298021,-19.943321,-22.335274,-7.144544,-1.2256854,-2.125898,-13.171782,-19.434908,-12.063666,-10.43544,-9.094923,-14.435944,-21.125658,-17.647198,-13.250282,-6.69851,-2.9284163,-4.4375687,-10.4306555,-17.034523,-26.170322,-18.359911,0.116995566,8.114676,10.198398,9.132029,6.291299,0.51823795,-10.200802,-21.137487,-14.457316,-12.135777,-16.663607,-19.065454,-17.423609,-12.544895,-9.628777,-12.716537,-16.486486,-17.380138,-21.333176,-19.9977,-21.662205,-18.336561,-15.148762,-16.2626,-18.440817,-19.551727,-22.343266,-28.460196,-24.846342,-7.291852,-3.6291602,-10.279695,-19.366915,-25.053003,-18.875519,-15.041815,-8.668153,-1.4094782,-1.9664259,-2.834484,-12.868496,-18.914097,-21.983566,-2.456649,4.7100396,5.8268385,3.5363932,-0.8307378,-12.0008955,-10.8104515,-8.2829075,-10.644158,-18.749537,-17.855677,-15.502403,-17.980791,-16.649809,-13.745977,-11.662793,-11.451887,-5.3122816,-3.719542,-3.908337,-3.2780318,-3.9122443,-7.0262885,-10.124011,-11.260882,-14.9530325,-15.459041,-12.778589,-15.080386,-17.0672,-19.31141,-16.464674,-17.877638,-15.778242,-7.048746,-9.546395,-22.118284,-25.156775,-25.690704,-26.886684,-24.602818,-22.159504,-28.801159,-29.73878,-31.521788,-30.838627,-30.122519,-26.853237,-19.727144,-13.3590355,-14.530716,-13.907867,-13.930445,-12.256337,-9.857902,-11.589422,-17.169296,-13.040038,-11.911732,-14.286835,-16.299316,-13.143518,-11.558788,-14.251147,-17.172466,-14.885016,-12.563513,-15.397907,-21.78259,-21.522305,-18.691713,-16.328043,-13.507874,-19.701946,-19.79765,-15.832377,-16.27768,-17.048998,-22.222202,-24.782927,-21.228813,-15.593091,-10.637293,-15.67211,-27.177624,-27.455929,-24.541092,-23.9539,-20.421314,-19.78624,-13.465241,-9.105262,-10.526829,-22.649075,-18.192055,-17.862804,-27.516157,-28.11242,-10.938623,-1.8643382,-1.2110121,-7.007307,-18.977325,-10.041095,-8.457438,-10.31127,-9.539864,-11.067663,-10.813898,-7.54859,-6.3145714,-10.311625,-11.171963,-5.322916,-9.421069,-13.9401455,-15.169581,-16.464468,-16.682089,-19.78695,-13.891362,-16.9944,-28.513527,-28.872093,-27.858591,-25.323856,-21.533875,-21.233522,-20.953854,-25.536585,-25.245743,-23.22256,-25.347822,-27.639093,-29.228054,-31.828838,-33.075623,-35.720406,-32.183678,-33.975,-35.186367,-14.812422,7.825492,13.660451,14.998778,14.082392,11.395793,6.4824967,-0.25768167,-5.8893228,-12.171473,-8.563212,-7.7894506,-9.9574585,-5.996977,8.848925,15.850466,18.478191,19.206646,18.276808,11.24514,-6.1439843,-7.7465653,-6.6925945,-3.27782,-0.055579774,-1.165841,-0.3815915,-4.3656,-3.559033,-8.429813,-8.414598,-6.193252,-8.537011,-12.64969,-8.987805,-6.820689,-2.553955,2.788901,9.223873,15.805452,17.012596,16.561098,14.397392,7.3796425,-1.108464,-7.141628,-10.21943,-6.610899,-5.0522203,-4.748477,-7.9205523,-5.366468,-7.0133476,-6.820169,-8.00244,-5.3332047,-2.869215,-5.865143,-9.633338,-8.414202,-9.078053,-7.403793,-8.229578,-5.027786,0.37561953,2.1480293,-0.0113274455,-5.193797,-14.392186,-5.266588,-2.0838788,-6.901293,-8.108255,-11.977397,-13.841482,-13.271426,-8.174925,-4.201984,-8.350847,-13.598497,-16.664183,-17.02527,-17.611887,-15.540606,-13.50614,-10.70705,-10.804353,-13.535743,-16.446512,-17.543438,-17.65805,-18.07578,-21.879938,-16.300663,-15.737058,-19.761236,-19.963873,-21.42645,-24.768122,-27.910606,-17.645681,-12.86619,-10.71691,-16.319872,-24.072346,-24.617615,-27.246185,-24.13195,-20.740284,-17.243694,-16.442259,-17.082407,-16.177597,-18.59198,-17.171896,-19.263926,-20.355179,-21.110588,-19.191896,-20.507114,-23.73027,-23.61595,-26.263752,-26.939148,-25.341713,-25.550587,-26.44645,-28.401657,-32.04429,-28.599089,-25.661154,-22.062826,-25.681656,-25.714054,-18.612064,-15.875039,-18.19616,-18.521822,-19.832275,-19.200222,-23.257584,-23.098087,-24.268467,-24.363045,-25.751392,-27.704859,-33.117626,-34.274887,-35.57825,-37.394634,-38.603283,-34.1905,-31.795692,-28.706337,-21.519188,-12.966861,-8.116314,-1.9878063,0.4362116,-0.08609861,-0.35302103,-4.7247,-8.499423,-0.72330296,-0.7875714,-1.3697648,0.285978,1.8860068,1.0427178,-8.310171,-15.02864,-6.6287804,-2.609321,-3.9447966,-4.1445646,-10.116572,-16.008018,-13.591629,-2.5202222,-1.7724915,-7.3791814,-15.71178,-20.079216,-17.723097,-16.508612,-17.413815,-16.517254,-17.696201,-24.641588,-27.035427,-23.945057,-15.467308,-15.507467,-18.9708,-22.240551,-30.431297,-28.791527,-30.094576,-21.472775,11.707893,19.55492,21.162506,20.409231,17.537731,15.000335,11.809726,5.5487165,-1.1773887,-6.0247087,-9.882914,-6.0829263,-7.96865,-12.080222,-11.911118,-11.707234,-10.882426,-14.596853,-16.159569,-17.640915,-13.696791,1.9920065,6.912361,12.067085,15.710454,15.419281,9.656358,0.62174284,-8.612172,-17.36919,-13.84962,-9.701641,-9.51763,-5.502907,-5.0075345,-6.2345448,-7.3110027,-11.715786,-20.159235,-14.34597,-11.046114,-11.725936,-15.371213,-22.39138,-17.357395,-14.000177,-6.1497507,3.6127195,9.563278,10.631962,10.02761,9.299356,8.716166,7.4039755,6.905347,5.6969633,5.6276326,6.0536537,5.166092,0.4699038,0.21835011,1.3012713,-5.2980094,2.3533816,3.4384668,2.7133968,1.1873766,-2.142524,-10.71824,-7.54416,-3.2600536,-7.1666317,-9.318449,-9.580284,-11.476185,-11.064032,-2.9776025,2.0226111,4.709693,5.5840006,5.212785,0.426257,-10.877169,-10.673448,-12.191742,-9.379698,-11.78063,-21.413452,-19.759113,-10.243666,-10.559773,-18.088839,-23.48232,-18.60327,-17.338398,-9.143244,-2.1981432,5.1999493,9.86648,9.805885,3.5326986,-8.124242,-15.120238,-3.7439861,-3.1627774,-13.699883,-15.8057,-10.860769,-7.852612,-6.924601,0.6766188,8.44025,9.956114,6.3592415,-2.041255,-10.576972,-8.607618,-0.15751472,2.759576,2.6867003,1.5890896,-2.2868993,-7.5396867,-15.170678,-15.201316,-16.198448,-11.879931,-8.83485,-5.629029,-2.5811303,-2.5353842,-2.9524388,-2.633588,-3.0050359,-7.6459594,-13.31689,-14.518518,-21.951263,-20.725517,-21.316063,-23.420534,-25.20418,-31.857517,-32.234688,-26.683027,-19.456865,-9.883355,-4.8645816,-8.806971,-18.894218,-10.163229,-8.646441,-11.824377,-13.839315,-12.59987,-10.756447,-10.5935755,-8.45466,-10.086971,-14.548742,-12.798763,-8.862306,-5.728944,-9.97084,-12.874056,-15.314516,-15.003723,-15.25237,-15.467464,-17.289179,-16.609257,-16.307974,-15.624588,-16.646572,-16.67968,-16.707386,-17.928617,-19.771679,-22.87817,-24.26151,-26.849205,-27.73424,-26.479595,-27.289858,-21.749084,-17.75938,-10.614978,-4.67704,-6.263066,-3.8244388,4.671888,12.404379,16.102192,16.34451,17.020132,17.911541,16.649569,9.558085,-2.6262436,-3.235822,-1.4848671,2.2504196,-0.025420498,-9.581958,-12.647103,-8.748415,-4.799398,-9.827727,-14.814589,-11.462994,-10.168594,-14.292985,-12.153439,-5.9859924,-4.154281,-1.8919752,-3.765967,-9.506327,-9.698439,-8.994598,-16.349543,-14.20753,-9.900396,-8.661605,-8.466321,-5.58325,-4.379645,-6.047092,-2.7209644,6.537614,9.035599,9.179682,8.86834,8.113765,7.780747,11.043462,9.796279,2.206187,1.9514773,-0.84851635,-6.9105725,-1.0608493,1.0845805,0.78921854,-2.1632142,-7.187528,-14.145507,-11.813001,-5.4830523,-0.9301008,-0.04927388,-1.9161913,-4.4771504,-9.003626,-7.2797546,-9.002417,-13.312684,-13.873838,-17.287079,-22.985258,-21.30409,-22.40011,-18.430061,-16.368105,-20.453533,-23.649075,-17.582037,-19.808231,-26.131176,-19.512344,-16.485243,-18.580105,-18.678043,-19.165428,-23.078547,-26.297508,-24.32615,-21.879175,-23.32077,-21.801609,-21.910496,-20.155788,-18.783176,-20.373848,-22.698376,-16.807991,-12.3906145,-13.615579,-13.695017,5.3951936,13.48595,15.75849,15.463757,14.995809,12.585606,3.725972,-4.652112,-8.424858,-9.601391,-9.159224,-6.8472404,-6.811685,-11.507711,-8.579007,-6.851266,-9.146541,-8.838009,-7.809123,-4.9056344,-6.937216,-4.495173,5.7902,9.32288,10.106879,7.7534156,5.8047915,3.4802403,0.35159263,-1.6348546,-2.2690492,-4.163091,-7.635315,-8.5449095,-10.671032,-11.65229,-10.556726,-11.965521,-12.574259,-10.474692,-11.545736,-13.284765,-13.132402,-12.237624,-13.024192,-10.546709,-6.0446715,-4.200324,-6.2326107,-7.7452607,-7.1792707,-6.0562515,-6.478377,-8.338207,-9.922585,-6.85318,-4.9351044,-5.188844,-6.137958,-7.651472,-8.611249,-8.375153,-7.917669,-6.944258,-6.1325445,-7.8764772,-9.350746,-12.58913,-19.531227,-25.6902,-23.856785,-9.5946245,0.9624583,2.2275484,-6.455713,-7.1633053,-6.5197687,1.1276884,8.326166,10.583767,10.346907,8.860921,4.9834404,-2.9876482,-10.517843,-16.13004,-11.705299,-9.5913,-13.513231,-19.757778,-22.644236,-17.758806,-11.488133,-13.004852,-14.665698,-14.414129,-15.801388,-19.072159,-21.038893,-22.318375,-17.374634,-13.629557,-17.69159,-20.839748,-20.126421,-11.54544,-4.617957,-4.7084,-5.727147,-6.0364203,-6.0193176,-6.9648795,-9.39003,-13.152371,-14.759476,-17.183426,-19.857054,-22.007004,-22.061188,-23.608948,-21.659441,-10.736675,-5.675201,-6.799738,-5.7335377,-6.2336516,-5.898265,-3.1222186,-1.0324594,-1.7762762,-6.5445523,-9.751016,-8.51586,-7.3859606,-8.795181,-9.477671,-10.64843,-10.797539,-10.172596,-10.810557,-10.902477,-9.88893,-10.154891,-6.881092,4.3696785,10.072488,11.096911,9.377771,5.4446983,-1.4230623,-11.890242,-14.9741535,-11.308055,-10.613154,-11.956783,-13.959101,-15.870115,-13.3384495,-11.82722,-12.12432,-12.815191,-14.738647,-17.744076,-23.731857,-22.758741,-19.218092,-15.584652,-14.800092,-15.458738,-18.663492,-19.746578,-22.964397,-19.041006,-18.76871,-20.0786,-23.621977,-24.786043,-28.038969,-28.10525,-25.206009,-26.036419,-26.248302,-26.10715,-28.713884,-28.494076,-28.375134,-27.400307,-24.735441,-26.29223,-28.231594,-20.993778,-16.67627,-20.781603,-28.044163,-28.837982,-22.040272,-24.102062,-27.330624,-28.416695,-25.94751,-21.365433,-13.414601,3.703697,10.932609,13.039768,11.751991,5.5532413,-3.4577184,-7.517402,-7.884641,-11.507355,-11.016202,-10.800395,-9.28408,-5.257036,1.3233037,4.791369,0.84956515,-7.933714,-8.433234,-12.564334,-11.169897,-15.49625,-14.723859,-11.7115,-11.367588,-16.36964,-19.243008,-21.44881,-15.462913,-16.792435,-18.594584,-18.738077,-20.457563,-16.935236,-11.732529,-6.2436533,-7.260269,-10.458795,0.50339335,6.4473825,8.912231,9.5828705,9.434196,11.19463,11.902378,2.848391,-6.7551823,-8.366276,-11.144529,-3.5678682,5.1852436,2.2798624,-8.05476,-13.184637,-15.930247,-16.939568,-14.161305,-13.257954,-11.920104,-0.5421677,9.118471,11.94646,13.019081,9.385782,5.938144,7.913775,5.3032684,1.07713,-3.746793,-6.203514,-10.399586,-17.067825,-15.80079,-14.480955,-11.491459,-11.850645,-14.679283,-13.602285,-20.396528,-17.592546,-16.794468,-16.774128,-14.611994,-16.7734,-19.226185,-19.880014,-19.392292,-19.154776,-19.415897,-21.608515,-21.971941,-21.855204,-20.470455,-19.50095,-20.481794,-21.711454,-19.546429,-14.54274,-13.915153,-20.97783,-25.0275,-27.110126,-27.984413,-20.925837,-10.825296,-10.454293,-15.40309,-24.967304,-30.124514,-25.445005,-15.574038,-6.0244007,-7.13736,-13.603291,-13.116684,-15.759596,-12.283774,-7.872791,-5.786758,-6.595328,-10.054403,-15.8774395,-16.571125,-13.742543,-17.572037,-15.645795,-11.160933,-12.178156,-12.939228,-4.196667,3.7980967,4.7398896,2.741485,2.6938314,3.9087808,4.749575,3.8065562,-0.002193354,-3.1941361,-2.3876321,-7.4419174,-0.8729359,1.97101,-2.9722846,-10.026508,-6.658167,-8.029716,-8.923604,-5.8395596,-4.200506,-11.245148,-14.90028,-15.734681,-15.996153,-16.449764,-17.06523,-18.997541,-16.221048,-20.317402,-15.640665,-14.56484,-16.723343,-11.602577,-13.262324,-14.672727,-11.477024,-12.491753,-19.417202,-25.05529,-28.557865,-24.147131,-18.581589,-17.189468,-22.946833,-25.212574,-22.512892,-25.493275,-30.102993,-25.609135,-24.021317,4.527259,12.948579,16.640417,15.320054,9.119771,-0.22559711,-5.133869,-3.9309072,-6.577614,3.4561238,15.653297,18.873898,18.942492,16.999655,15.020231,12.358528,6.7564435,-3.27077,-4.9283996,-2.9958389,-4.5585265,-7.0357223,-6.3661375,-8.072505,-6.8330126,-9.578695,-11.586524,-15.590216,-17.14703,-21.504307,-14.019325,-10.377417,-14.380365,-12.901305,-11.606939,-11.115051,-11.082288,-13.59893,-16.952831,-16.233456,-15.645143,-15.43881,-12.86718,-10.785208,-11.405069,-11.76805,-12.87195,-16.779337,-19.680788,-19.704624,-20.1442,-15.562439,-7.729509,-5.5479774,-6.5519576,-6.509082,-9.313241,-12.032819,-11.398947,-8.733944,-9.222163,-14.815169,-12.674812,-7.9899254,-6.8085794,-6.30692,-7.1956296,-13.397194,-12.790033,-14.986391,-20.253159,-23.711224,-24.522364,-20.926151,-20.244587,-23.38371,-24.52803,-16.274235,-15.648583,-13.734437,3.1764894,10.815539,13.31009,12.3722315,7.928586,1.0374098,-9.84496,-17.72326,-13.322564,-7.9064107,-6.459379,-8.901207,-8.811487,-11.888981,-13.004018,-8.398491,-7.852984,-8.738595,-11.760187,-16.240183,-19.480427,-12.345353,-7.6355624,-6.980316,-9.312078,-12.71134,-19.517761,-21.630814,-7.96626,-1.5499645,-6.392376,-12.937331,-4.8340626
-22.447596,-27.21901,-33.48413,-36.364567,-36.74325,-40.257217,-36.82551,-24.139515,-19.131096,-14.758825,-16.950655,-17.525337,-16.622,-20.515625,-18.375334,-20.730574,-26.154953,-28.171423,-23.891466,-26.368143,-17.980328,-13.070126,-16.015457,-17.840607,-15.946537,-14.581245,-15.832504,-15.367842,-8.468301,-8.450375,-18.40262,-22.870472,-22.578554,-23.371603,-23.197334,-23.91074,-24.759686,-23.215595,-18.409739,-13.727571,-17.194124,-25.86012,-22.587069,-20.379433,-24.413074,-20.211792,-15.9246645,-16.322557,-17.791943,-16.718182,-15.127348,-19.441101,-26.536114,-30.226147,-31.547373,-18.693653,-16.292831,-19.381239,-24.279457,-27.82183,-24.958353,-27.327003,-27.17575,-26.6191,-21.97275,-23.695623,-31.166344,-27.944233,-29.45363,-26.028097,-17.674292,-16.291306,-20.39712,-18.374228,-15.902916,-16.635914,-16.566538,-17.128202,-18.073868,-16.939695,-17.071066,-18.759708,-21.317951,-20.233627,-18.900616,-17.672832,-17.84885,-15.476059,-11.192066,-13.32342,-19.933697,-25.096788,-28.877085,-27.774382,-26.161833,-24.179909,-21.941797,-23.33522,-21.916721,-22.329617,-12.826605,-1.5608526,-1.3692219,-11.38598,-19.586721,-20.035734,-14.862305,-2.249703,-1.301281,-2.0304863,-7.6550045,-14.529017,-16.370237,-17.34102,-15.586499,-21.366938,-19.623505,-19.737686,-19.00491,-21.403734,-20.492744,-21.733751,-19.90283,-21.42518,-25.004417,-17.590736,-5.261384,-4.3114033,-14.45216,-17.412941,-20.038074,-20.992523,-22.46593,-19.912031,-22.950615,-27.85059,-23.836412,-22.410423,-27.202328,-25.706833,-23.168638,-23.9449,-25.883457,-22.994654,-19.88097,-18.189709,-21.604614,-23.986103,-24.95583,-26.44596,-27.50109,-28.519379,-27.595959,-25.352169,-23.814085,-4.7619715,-2.7818952,-9.233395,-13.290979,-23.459532,-15.173768,-6.9193816,-2.4183779,2.0825212,-3.4429953,-6.4324956,-9.279722,-12.587052,-13.37969,-5.863989,-5.315595,-7.516313,-8.115262,-9.752822,-15.219816,-16.413027,-12.254818,-13.793391,-15.491629,-15.349803,-14.332663,-18.390064,-19.809175,-23.093925,-20.33126,-15.372325,-15.888405,-19.688314,-20.406849,-20.713833,-19.86062,-20.480064,-18.699512,-16.993061,-18.077833,-12.963888,-13.7489395,-18.151451,-21.10175,-25.536446,-22.829342,-23.919132,-8.962782,-2.0099232,-6.877343,-19.988892,-15.930275,-17.03725,-28.870258,-20.966904,-18.18631,-22.994421,-25.695621,-32.207047,-29.749489,-28.151527,-27.671665,-26.711617,-22.016323,-20.805634,-20.948935,-21.757849,-19.603788,-20.57335,-24.112526,-28.467808,-18.58646,-19.227638,-17.825697,-18.403526,-23.991938,-23.555649,-23.319475,-13.275924,-12.156215,-18.87226,-17.690752,-21.87257,-33.377575,-30.051796,-16.756262,-11.018526,-15.959768,-18.877056,-15.87843,-19.812891,-23.278894,-27.082832,-26.045773,-28.319183,-22.913593,-16.45029,-18.75756,-28.586695,-25.795519,-22.884588,-14.954693,-13.564674,-16.943352,-6.1592054,-1.7204046,-7.2868485,-21.279972,-17.82615,-19.29689,-25.233253,-27.461031,-8.740907,8.817078,12.432872,8.378882,3.8847425,-0.3664518,-4.1818047,-10.571621,-11.020985,-12.6578865,-14.684491,-16.746433,-17.590754,-18.039192,-11.921719,-6.394086,-12.2264805,-17.665028,-18.30919,-21.617199,-23.0733,-18.494282,-13.706931,-18.439117,-25.080486,-26.014662,-22.313435,-26.556902,-25.747993,-18.797457,-21.451502,-31.865028,-34.766094,-33.092438,-34.775936,-31.298178,-33.860973,-36.044632,-36.310226,-38.066185,-35.382484,-36.79223,-34.65416,-17.269327,2.991118,5.5651493,-0.3797291,-7.0390058,-7.439375,-10.183988,-12.07456,-15.216148,-21.15095,-20.285439,-21.473372,-13.0488405,-5.486969,2.010686,3.2576513,9.095442,12.854371,13.047534,7.6204467,-7.7849507,-5.91476,-3.4367228,-7.1827335,-6.560055,-2.6645854,0.79228806,-3.689883,-5.5837445,-10.13753,-9.26488,-7.8003592,-8.763627,-6.9549694,-9.422527,-14.562624,-7.14797,-0.12963897,-2.982824,-0.4031468,2.4713235,6.4243646,12.400178,11.985485,7.68705,4.9608727,1.3475294,-4.609536,-10.391845,-12.191952,-10.204434,-4.5453424,-6.813448,-10.18611,-11.110424,-12.584497,-12.333738,-10.03245,-12.35281,-13.172956,-11.221359,-9.733127,-12.585507,-15.525917,-9.536491,-3.1975043,-1.2239056,-2.3106499,-12.80546,-11.558114,-8.781961,-12.0242605,-17.774565,-16.96445,-21.777267,-14.405049,-3.3187528,-2.5164995,-9.448011,-15.197071,-18.180243,-14.838061,-17.445478,-21.865952,-20.226826,-16.2352,-17.25912,-19.231009,-21.881027,-23.54063,-24.795212,-24.336586,-21.403133,-11.610081,-12.2331705,-23.429258,-24.814041,-25.37574,-26.802002,-29.915653,-15.944137,-7.1338506,-8.969178,-21.064627,-26.760551,-31.836498,-31.976086,-25.9031,-26.398327,-18.33694,-16.491684,-20.93166,-23.955229,-25.85025,-23.542141,-28.05929,-27.408056,-30.373363,-30.522882,-28.206575,-24.246445,-24.683989,-29.376411,-24.901545,-23.480648,-23.969519,-26.575058,-33.005848,-28.612488,-26.510923,-29.818285,-25.4935,-22.41701,-24.837873,-22.881653,-19.922659,-17.828037,-20.41849,-25.357632,-22.503595,-22.481842,-25.04011,-23.611786,-20.79054,-25.03626,-26.254435,-23.402824,-21.567945,-26.896778,-26.47212,-24.207136,-26.752808,-29.62798,-21.951965,-17.028536,-12.269997,-13.855238,-13.447943,-3.9539075,-4.1570816,-12.099223,-20.615097,-19.125034,-12.304089,-13.006359,-9.211921,-2.5780625,-2.5139194,0.89868414,-1.3262318,-4.191131,-2.2822013,1.0365057,-3.4820416,-9.902008,-12.605259,-15.003213,-17.927664,-7.13116,-4.652737,-8.333463,-16.434761,-20.36537,-22.024286,-23.853512,-22.512587,-23.0848,-22.416737,-24.281816,-25.428402,-28.339682,-20.844078,-18.863628,-22.62196,-24.263779,-25.458517,-30.07109,-32.308296,-23.204947,7.4643984,12.261526,7.2633724,0.51483184,-5.8484783,-4.738035,-3.475177,-2.4311855,-3.7332118,-13.244265,-21.416489,-15.409989,-16.067884,-15.615725,-14.151768,-15.304137,-18.058739,-25.981216,-26.06925,-24.137514,-17.784882,-1.6057613,1.1155735,-6.4489193,-13.923406,-8.029189,-6.507927,-17.26728,-22.39847,-22.754768,-20.740404,-22.671322,-20.836304,-18.672014,-24.739735,-21.737667,-19.80847,-20.63581,-23.298615,-20.18602,-18.773844,-20.550718,-26.69219,-28.157524,-21.778471,-20.322987,-14.112811,-9.371631,-8.3439455,-5.246322,-1.7700429,-1.6110121,-3.75878,-6.9836826,-5.209608,-4.246231,-8.704862,-6.1209793,-2.019303,-2.5058317,-6.546502,-10.645222,-11.020898,-1.7268736,1.297523,-2.0365248,-9.641811,-11.498242,-17.036556,-12.37035,-7.5536685,-11.703171,-18.1892,-18.256363,-19.328669,-12.160408,-7.6205254,-11.053652,-20.11525,-21.69738,-20.446693,-17.841957,-19.531094,-15.762913,-13.7934265,-12.278988,-14.144882,-14.993187,-14.230943,-13.400074,-15.009474,-17.266914,-16.043625,-14.721665,-20.826408,-14.035148,-9.685164,-11.86371,-14.754724,-9.217603,-10.759854,-12.612095,-12.961294,0.23244488,3.7393155,-0.22054164,-3.088801,-2.9954565,-9.338334,-10.016685,-9.22847,-8.63396,-13.222418,-15.049323,-19.102797,-17.114574,-11.786967,-10.15624,-9.183371,-6.6483946,-9.130502,-7.9027505,-5.5554047,-10.227584,-19.19107,-20.90977,-18.773903,-13.835803,-12.44342,-13.201346,-13.398424,-14.103964,-16.125816,-16.6101,-15.788494,-17.49079,-23.165283,-28.144567,-27.013157,-25.81644,-26.90847,-26.874474,-28.081688,-29.744837,-29.707378,-20.92718,-7.373367,-5.481978,-14.845888,-22.997578,-17.377302,-21.731525,-23.698223,-17.55877,-16.414879,-7.834027,-2.2168615,0.89547825,0.73797315,-3.732728,-2.6581721,-0.021304552,-2.216744,-12.794467,-16.740648,-14.7526245,-17.62409,-18.8144,-18.241602,-24.36324,-21.210526,-19.027838,-20.095665,-25.377066,-24.320372,-20.637789,-19.60254,-22.847618,-26.615274,-25.370825,-22.932808,-21.841103,-22.306938,-29.13885,-24.676731,-17.26611,-12.367359,-11.63417,-20.332125,-12.975018,-4.4261465,-2.3028805,5.943387,11.313628,12.991714,13.171395,11.842033,6.374883,-5.7281733,-6.161686,-4.172234,-3.108405,-4.878236,-9.3340845,-20.565197,-12.86847,-7.501336,-11.137038,-17.0982,-16.845833,-13.879638,-14.347124,-12.032847,-1.34406,-2.369553,-6.434019,-7.3266053,-10.817314,-4.4679937,-1.1657652,-7.11644,-10.754372,-10.302454,-14.946655,-8.916584,-5.123214,-3.6436706,-4.8650966,-9.5850315,-7.555938,-6.435063,-5.3712683,-3.726944,-4.7437315,-2.5754774,17.031929,21.77308,18.683146,15.087044,12.4258995,9.675705,1.6859764,-1.1999439,-0.75237453,-5.415582,-6.532572,-8.250091,-7.820966,-0.9872501,-1.8622026,-7.2008514,-10.451278,-10.934139,-12.75052,-12.460587,-9.186385,-9.189251,-12.184148,-14.001738,-18.051025,-23.09431,-20.957272,-19.071468,-13.676613,-16.940086,-26.41243,-23.326416,-25.859928,-27.247498,-24.521362,-21.152786,-24.817356,-24.075436,-26.572945,-31.969872,-29.445442,-28.724934,-27.85085,-28.463173,-29.302265,-28.40554,-28.604155,-28.13382,-29.670025,-30.16764,-23.910934,-18.273693,-20.026588,-13.854047,-3.0478191,-2.0313025,-2.0768042,-1.0550375,0.8674376,1.2758391,0.30808914,-2.3940725,-11.235277,-11.833988,-13.693318,-12.693286,-7.0319934,-10.103369,-17.691353,-17.504911,-20.313875,-19.71332,-17.91316,-16.40154,-17.918074,-4.1875815,1.2323638,-1.633529,-4.717863,-8.483047,-10.161329,-11.297081,-11.545876,-12.019323,-14.163257,-15.309943,-15.101167,-14.5227165,-14.670014,-15.199835,-18.286142,-26.199778,-26.13188,-23.069859,-24.08047,-23.564915,-24.632542,-24.342768,-29.010447,-25.93132,-19.01118,-17.837896,-26.900135,-25.891008,-23.69277,-22.6474,-23.968313,-26.533167,-26.812174,-24.369814,-24.707777,-26.930656,-25.16618,-26.099186,-28.88489,-27.813654,-27.188646,-24.886066,-22.179945,-24.736115,-24.511196,-22.83804,-23.877039,-27.446642,-19.535559,-8.961696,-2.510381,-1.1248444,-7.0538335,-10.089113,-6.1493998,-1.8708992,-2.156901,-6.3387556,-10.996428,-16.641153,-16.066944,-15.742621,-23.93482,-23.65142,-22.117989,-24.773685,-26.017052,-25.095675,-28.146688,-25.676413,-22.748283,-22.810406,-20.540163,-25.333872,-24.036282,-19.912916,-17.08773,-17.51413,-19.69447,-21.771498,-22.33503,-24.062822,-26.292233,-15.345594,-10.942083,-12.897505,-15.301443,-19.132557,-19.716555,-16.774248,-15.50907,-6.0394025,0.31867397,0.93879044,-0.67778456,-1.0275756,-0.8029331,-1.8595023,-4.152065,-5.4665947,-5.5965977,-6.482319,-5.7642336,-5.021748,-4.803296,-3.7458353,-4.9924765,-6.244775,-9.41952,-16.757563,-22.730408,-21.887281,-22.316868,-22.655834,-21.61649,-15.9324665,-16.047857,-20.001118,-24.356577,-19.12627,-17.525377,-10.020286,-7.5312223,-12.267511,-14.24127,-11.61914,-11.952503,-15.885726,-19.215925,-26.755894,-24.348192,-24.751291,-24.193989,-25.030096,-28.54099,-27.73264,-30.672237,-34.09497,-39.044064,-28.25781,-16.216042,-12.47398,-12.442104,-12.3547945,-15.575335,-18.908493,-23.885101,-27.63809,-29.045086,-27.173794,-15.738412,-13.456053,-17.025167,-16.860619,-17.351189,-19.239132,-19.22588,-18.100342,-18.194664,-18.954603,-19.569277,-20.071178,-19.699488,-20.008497,-21.243607,-20.137693,-20.980282,-21.865597,-24.340012,-20.232475,-19.168964,-24.04261,-20.242271,-19.097565,-23.561361,-25.745605,-30.915167,-25.876247,-23.146936,-11.708645,-2.9348443,-2.159454,-8.78729,-8.260376,-7.987981,-7.428527,-9.696228,-11.685968,-15.819329,-16.52225,-14.8968315,-15.082277,-10.643357,-5.545416,-3.8997767,-6.736656,-10.97723,-13.836031,-17.323572,-12.076421,-10.172514,-15.87501,-20.478249,-22.829212,-21.875212,-22.940693,-23.35735,-18.093002,-15.02199,-9.291651,-9.972172,-14.947104,-19.060694,-14.166977,-11.873142,-17.291754,-16.773697,-11.685675,-13.825132,-17.41493,-12.302784,-2.8270867,10.009865,15.173151,13.16107,6.640437,7.4933696,8.813758,12.140558,12.229752,5.812592,-2.567083,-10.006346,-7.4597116,-5.929119,-1.7369614,-5.022188,-9.195696,-4.9170537,0.45055366,0.13074847,-1.9098701,-5.418344,-4.6350617,-8.607504,-16.548187,-15.451559,-4.6433644,-2.7898314,-11.586095,-18.575499,-14.838957,-19.60908,-14.605541,-15.289998,-22.639538,-18.191,-18.316776,-20.503284,-17.30541,-16.510813,-18.83327,-16.916437,-16.907137,-19.246637,-26.281166,-22.757954,-17.803003,-14.287624,-13.604554,-17.617956,-13.767848,-13.890232,-14.844923,-15.446998,-10.470605,-2.2038686,-3.4812353,-16.508284,-26.48039,-31.364191,-24.534264,-14.308137,-7.0781717,-8.272064,-10.856297,-19.688948,-22.009117,-20.968866,-22.41058,-12.053837,-9.996819,-13.118409,-16.53888,-20.276066,-16.915512,-17.517138,-14.6364355,-15.654581,-23.186216,-27.467997,-26.36028,-25.783142,-26.719055,-29.329338,-25.799198,-25.839603,-18.117405,-12.019268,-10.489907,-11.672559,-12.103982,-16.57742,-16.764452,-6.160028,-2.6205575,-6.9508543,-11.664739,-14.644209,-16.03802,-7.151732,-4.9185433,-9.916811,-17.041618,-19.857018,-17.401506,-15.008597,-7.702431,-6.421461,-14.533907,-24.858482,-25.698822,-26.3439,-23.220299,-22.34291,-22.531937,-21.124926,-20.795057,-19.79543,-15.736864,-15.706108,-17.899206,-18.244692,-19.799559,-9.526409,-6.696252,-13.007582,-15.905945,-12.491686,-12.11771,-12.350659,-13.736435,-15.133196,-16.004541,-17.516819,-18.68092,-24.123192,-22.79469,-20.51313,-1.9439695,-0.51569045,5.6790295,13.68875,15.925966,12.907827,9.558956,6.2365084,2.1321867,0.5227702,9.612528,7.745054,0.45041692,-4.508683,-5.7693596,-3.456409,-2.2506194,-6.520523,-5.170809,-4.8957767,-8.738688,-6.9191046,-6.7006345,-13.095445,-13.386303,-12.1307955,-14.178389,-16.857582,-19.018316,-19.700092,-17.787098,-15.319768,-14.641942,-18.89742,-20.06794,-20.231916,-17.791708,-20.24623,-21.757975,-22.551489,-19.400494,-18.39649,-19.121899,-20.800867,-19.557358,-20.73306,-21.580864,-22.589375,-19.819672,-23.900583,-21.370853,-17.685415,-18.184755,-19.86842,-22.798576,-22.397701,-22.871378,-24.100409,-23.793602,-18.14514,-16.355083,-16.68073,-17.92633,-18.112595,-17.669834,-8.849637,-9.956871,-20.756094,-22.160961,-22.547636,-24.347952,-22.20274,-25.568459,-22.717218,-20.341864,-21.093983,-20.71357,-17.468025,-17.122576,-15.334406,-7.4034114,-8.247868,-13.507623,-10.36338,-12.121719,-20.49752,-23.773615,-24.12304,-22.201674,-22.10049,-21.596926,-21.484241,-19.749533,-22.833096,-24.079828,-24.159357,-24.175264,-21.315365,-21.34465,-27.519161,-26.370071,-27.53237,-27.500437,-27.440159,-27.719078,-22.485222,-23.0723,-26.59174,-12.360068,-5.8038907,-10.539099,-16.816675,-5.916606
-24.592236,-28.428837,-32.723476,-34.91111,-34.548996,-33.96858,-33.54007,-20.999155,-18.234192,-21.01271,-23.300535,-22.008036,-22.403435,-26.475306,-30.00122,-29.41666,-26.636005,-24.811348,-21.843512,-22.44921,-14.748463,-11.372113,-11.252618,-9.183224,-8.720028,-8.9378195,-9.568978,-9.365785,-3.1101487,-2.687292,-10.528041,-14.019566,-14.010838,-14.04188,-16.573446,-17.047024,-18.043814,-18.116587,-15.213348,-9.856098,-13.498476,-20.432108,-20.586061,-16.216995,-21.729013,-23.63477,-14.378092,-10.859844,-9.932949,-10.40617,-11.8680725,-15.765377,-26.519306,-28.283033,-28.329218,-20.791075,-16.493109,-16.968243,-21.365797,-24.863604,-26.093529,-28.693964,-25.222216,-26.617065,-26.734009,-25.200665,-24.163473,-26.396616,-29.400969,-22.884708,-24.814157,-29.339972,-29.564205,-28.105919,-25.982819,-30.34858,-32.642315,-35.537086,-34.829678,-30.567572,-26.515003,-25.574425,-33.590816,-30.356379,-32.132572,-31.137112,-29.972511,-21.419847,-20.989237,-27.665894,-13.776798,-11.368718,-19.819338,-30.140207,-26.702024,-23.42751,-22.676544,-25.286467,-27.995169,-29.018402,-8.812449,1.4724867,0.8704439,-3.4255767,-11.73053,-16.235102,-9.30608,2.223606,1.5844207,1.3398914,0.8077339,-9.071782,-16.778511,-15.469094,-14.391373,-19.360723,-17.75522,-16.85738,-19.690016,-19.729414,-17.376001,-18.717474,-22.193218,-23.010271,-20.587173,-18.130285,-10.85413,-9.843522,-16.888988,-19.905691,-16.822418,-18.108244,-24.574265,-24.775043,-22.591228,-21.041332,-21.676027,-22.614405,-22.78809,-28.158266,-29.582115,-27.54976,-25.543022,-11.972574,-6.545367,-8.934114,-19.548796,-24.397924,-27.094667,-25.187168,-24.535309,-26.086613,-25.408781,-22.201204,-19.299675,-3.3842998,-1.3612622,-3.5831358,-5.7905674,-20.678402,-12.0215435,-6.4620895,-0.6135037,4.7557983,0.85323805,-0.004276914,-3.7813327,-11.084596,-12.14836,-10.159103,-7.2976027,-9.017648,-11.563295,-11.612808,-14.343772,-13.907365,-11.543202,-13.342696,-13.60765,-11.844156,-12.362844,-14.892501,-16.096231,-21.662981,-21.13937,-16.263403,-17.245926,-22.402645,-19.411676,-19.883923,-22.63729,-20.31649,-17.53456,-16.869171,-17.680244,-19.793226,-19.978811,-17.84544,-22.25952,-23.549986,-24.129555,-13.265638,2.047951,6.2454567,-0.7447982,-13.119213,-10.353033,-12.236251,-21.81184,-16.992107,-13.506894,-18.474203,-19.120888,-20.482695,-23.574017,-22.825787,-24.775341,-25.24004,-20.674154,-18.364567,-16.398762,-16.604156,-24.39798,-25.738728,-26.0047,-26.076544,-15.309265,-8.120773,-8.333779,-16.689344,-23.444979,-28.976345,-20.262848,-9.542429,-11.005316,-23.18798,-24.79522,-19.255718,-23.747124,-32.452465,-17.551342,-12.466098,-18.537003,-22.699558,-25.289362,-23.809011,-22.563951,-28.491133,-32.021175,-30.250153,-28.966637,-26.347473,-25.910795,-27.332228,-23.578203,-8.966223,-3.1945133,-3.9402363,-8.166567,-5.535014,-1.041896,-7.433834,-13.328693,-9.794135,-8.041439,-6.2614326,-9.250022,-8.611146,9.398596,14.853104,14.137556,10.717887,7.847951,3.1847227,-5.4073215,-10.580843,-10.627598,-6.4724226,-6.833227,-11.196428,-14.832283,-5.385434,-1.2942376,-6.9237165,-12.064261,-10.49156,-16.871603,-22.702366,-18.462248,-11.743362,-13.559226,-18.058577,-27.313719,-22.728512,-23.232052,-23.300838,-21.57211,-25.83029,-32.89921,-31.874813,-30.79362,-28.270103,-27.4628,-31.741903,-30.410908,-33.84866,-33.43498,-30.854446,-32.49695,-35.284477,-21.36677,-5.5365047,-3.3703506,-8.82015,-17.950794,-17.453289,-17.610334,-20.51674,-25.653915,-24.293163,-19.276684,-18.253735,-15.3631,-4.2082314,4.707857,2.4026275,-8.562258,-11.15514,-7.5073676,-6.0483313,3.0840108,10.111742,8.374378,-0.8366741,-8.527487,0.96140206,4.20224,-0.8343625,-2.5284503,-8.55528,-3.2852566,-2.3978958,-2.931531,-3.7924817,-6.6960382,-11.951838,-10.258255,-4.8135157,-8.247154,-16.380713,-14.880688,3.5961814,14.13036,15.502134,13.792296,11.974762,7.8009977,-0.48444766,-6.561136,-9.916412,-10.782396,-2.508678,-1.2697066,-3.5456443,-5.4101605,-7.6829176,-10.523268,-11.649877,-14.606808,-14.71868,-2.7483132,-0.88617736,-5.7952623,-8.729266,-9.084237,-9.143007,-7.9548855,-2.5042942,-0.42049938,-4.450943,-6.1605625,-6.803755,-10.9748745,-16.005405,-15.992002,-13.076046,-3.4593418,-3.9158688,-8.54813,-13.151254,-13.928756,-13.988477,-16.099413,-20.851925,-19.292597,-14.466728,-15.241433,-15.315742,-16.174925,-17.734692,-21.388737,-27.782202,-20.004911,-11.876391,-15.230791,-24.164019,-19.898754,-20.254704,-24.42913,-33.231422,-14.524038,-6.283372,-9.234435,-20.093155,-20.842417,-21.627361,-23.159685,-21.437378,-23.986374,-25.55288,-22.899105,-20.89603,-26.009903,-29.132395,-29.189968,-31.985949,-31.090588,-34.303032,-37.34675,-36.992817,-33.961163,-29.659159,-30.298815,-34.688793,-31.248116,-32.006485,-38.292862,-32.002098,-31.019905,-34.42472,-29.387743,-27.807556,-26.602743,-23.33696,-22.447374,-21.319702,-22.445187,-20.263884,-18.716171,-18.318256,-18.305172,-20.132647,-18.03666,-15.464205,-22.213299,-29.877525,-18.445856,-13.761728,-16.668747,-17.98608,-16.650217,-17.258656,-18.59034,-13.810066,-11.675316,-15.496139,-21.636799,-18.9249,-17.444746,-19.327854,-23.276142,-27.202911,-30.298004,-28.4226,-29.330223,-24.268057,-19.942162,-6.7612524,1.28648,0.73682153,-0.6759694,0.6127729,-0.46956325,-6.679365,-9.307903,-12.786316,-16.006927,-21.490116,-19.478275,-19.432545,-22.880478,-26.183697,-23.419962,-24.19535,-28.944534,-29.072325,-29.736898,-29.060781,-34.672485,-34.257286,-27.62634,-25.701164,-28.452019,-28.947174,-25.78928,-28.90436,-32.485935,-34.069874,-25.292938,-0.52208066,4.2995214,-1.8565942,-16.43211,-19.878683,-18.10054,-15.761427,-12.469742,-11.882847,-15.616622,-22.24419,-21.348396,-22.11554,-18.138298,-14.023647,-18.367075,-25.921385,-27.2256,-27.462301,-29.490137,-22.503101,-4.166846,-1.1085235,-6.761801,-15.132581,-11.022482,-8.062086,-15.987586,-18.820267,-22.002487,-26.907318,-25.870941,-24.42775,-22.610481,-27.370825,-24.028872,-23.612885,-21.321184,-22.177399,-18.629257,-13.272779,-17.625126,-25.223455,-23.206627,-15.505668,-14.751022,-10.2375145,-5.304277,-9.261943,-19.696173,-22.337955,-22.106821,-27.934961,-28.886566,-24.811218,-26.203777,-24.131325,-25.632149,-21.257717,-12.171932,-10.816721,-11.4708185,-11.770239,-15.912738,-18.120575,-15.448467,-13.868536,-11.949987,-16.765745,-14.786959,-12.004383,-16.869648,-18.661007,-17.606815,-17.028088,-14.2533,-7.9279356,-6.578187,-11.470413,-17.96324,-20.312452,-22.453854,-21.007164,-12.100142,-8.962467,-9.626729,-11.21917,-10.322193,-8.976177,-10.347785,-13.653827,-14.857125,-15.699564,-14.388591,-16.09274,-14.259725,-7.7782865,-8.626877,-15.321722,-16.827953,-17.432808,-22.585945,-13.247835,-6.3792634,-0.240695,1.0774567,-1.0363634,-5.5950813,-12.301988,-10.614034,-6.5025244,-7.407563,-15.199552,-17.459122,-17.946173,-15.621104,-15.057512,-15.076985,-19.274826,-26.698475,-19.992325,-13.655703,-9.062368,-11.804083,-21.98317,-18.571926,-21.353292,-24.096296,-22.69333,-20.33572,-21.802269,-27.565916,-28.956234,-31.843365,-20.768642,-18.628475,-20.073833,-25.798704,-25.519714,-27.198772,-20.981482,-14.370834,-11.524781,-15.327145,-20.832369,-15.806629,-10.700498,-11.772948,-20.02777,-22.609001,-20.705996,-25.332994,-26.193787,-22.433271,-19.037905,-8.94035,-3.1249259,-4.378458,-1.9874408,0.6930992,1.6207064,-0.4895845,-7.10527,-17.245043,-19.193989,-15.519272,-17.667646,-20.46841,-19.720657,-21.266243,-17.847425,-16.414545,-18.37281,-23.272335,-26.256239,-21.57351,-21.452887,-26.980728,-27.548525,-25.785213,-23.027468,-22.722458,-24.24901,-26.678104,-24.964233,-18.624195,-18.325806,-20.92384,-26.90969,-15.504448,-8.30991,-12.43548,-15.402147,-16.388994,-13.624783,-15.245556,-3.5459182,-2.2945971,-13.352298,-19.96464,-19.240364,-12.017223,-8.733187,-8.158541,-10.898762,-14.5654545,-18.346355,-22.092827,-21.064966,-20.120981,-11.435713,-8.9728155,-12.113224,6.4632516,9.541376,2.654509,-4.5547967,-7.456434,-2.8708718,0.04847075,-0.51136476,-1.8825274,-7.723772,-12.249159,-9.93808,-1.5533758,0.7276608,-1.8326365,-10.37601,-9.606026,-8.5988655,-14.277559,-20.19901,-19.566324,-4.9380617,17.537664,24.51602,23.916431,21.339386,18.903807,13.393521,0.94994295,1.3675764,-2.5333996,-5.632489,-1.9545076,-2.2072613,-6.046817,-2.9282048,-4.0252223,-12.511475,-9.0024805,-6.899722,-6.322484,-10.561609,-9.982227,-9.078958,-8.708923,-12.738932,-16.946726,-18.70948,-17.67929,-16.478363,-16.814823,-18.466568,-25.147589,-24.443808,-28.513763,-26.985878,-29.987942,-24.972054,-22.572006,-22.396574,-26.195007,-33.087498,-27.102428,-26.959963,-27.664759,-26.934029,-26.663809,-25.21486,-23.986755,-23.389648,-23.51218,-27.374582,-28.915241,-26.752346,-23.274105,-17.97731,-9.563295,-11.153618,-16.857716,-21.727808,-22.439388,-7.825982,-1.8479536,-5.8576794,-9.434793,-13.465002,-19.015713,-13.97779,-4.9648194,-7.774208,-17.377995,-14.268743,-18.639797,-16.061937,-17.089397,-17.641731,-16.330761,-10.453968,-7.0370717,-6.5531597,-7.6538687,-8.21437,-9.865847,-10.32128,-9.836229,-9.887973,-13.273317,-16.766132,-14.723286,-12.820332,-13.48078,-13.464113,-14.665688,-21.43079,-27.953548,-27.862736,-23.951725,-22.48786,-24.553349,-27.534664,-33.87986,-25.193188,-20.094664,-19.213741,-21.957047,-23.437592,-21.645546,-23.216684,-25.940504,-26.034435,-24.477911,-23.29973,-26.233326,-29.383457,-25.81865,-23.166256,-27.948458,-24.593472,-24.766487,-27.40332,-25.360441,-25.039433,-28.225088,-26.7542,-27.354147,-26.867847,-19.114573,-10.48403,-4.799862,-7.062905,-11.395397,-10.25085,-8.56818,-9.323105,-12.694444,-17.99603,-24.109303,-27.229378,-13.244723,-12.095135,-20.151281,-26.569675,-29.08098,-29.332409,-29.0638,-23.215935,-17.361137,-19.752268,-26.868963,-26.286182,-25.856686,-22.44459,-21.501818,-19.054007,-19.244783,-24.581379,-26.19226,-28.974232,-33.382877,-32.1424,-24.27858,-3.4033105,5.944911,6.6842628,-1.0132647,-9.289984,-9.488413,-13.084563,-19.605068,-3.9091282,3.0863526,4.8727875,3.909729,3.8648903,2.4875255,0.97855,-1.593699,-3.0856304,-4.0955863,-5.5229135,-4.164718,-1.8356969,-1.2268935,-0.7886307,-1.6423151,-4.9208393,-5.8756304,-13.619429,-17.265375,-17.74336,-19.275599,-19.496634,-15.76429,-10.24856,-11.108894,-19.897938,-27.576496,-17.665052,-12.780289,-9.416943,-8.154414,-10.386109,-11.906799,-12.749072,-16.788729,-17.050648,-20.829485,-27.69305,-22.083044,-19.304193,-23.687666,-26.692286,-27.080467,-25.679386,-27.480415,-26.506063,-26.777628,-28.566238,-15.043026,-10.110075,-9.762991,-8.701092,-10.839769,-16.151035,-18.627422,-22.768776,-26.876255,-25.542679,-18.92688,-20.44532,-23.867844,-25.272638,-26.561548,-28.087479,-28.587948,-26.630276,-25.304014,-26.925573,-27.63508,-28.0966,-28.314594,-27.923918,-28.012959,-27.567978,-29.901888,-28.55274,-27.30746,-24.117043,-23.816225,-28.498787,-24.456198,-21.560047,-23.905611,-28.76663,-29.958836,-28.026316,-26.36596,-7.212059,3.8175461,4.0834694,-4.924553,-10.966691,-4.066924,-5.5299253,-15.2610445,-21.411034,-19.550512,-12.470238,-9.956795,-6.154564,-3.1507385,-2.318905,-5.253549,-12.010952,-14.932383,-18.188616,-14.793473,-6.329029,-2.0036902,-6.284009,-13.219161,-16.60134,-16.263412,-16.034542,-14.107852,-4.5163584,-4.9910784,-10.221143,-12.449103,-15.02632,-16.15216,-17.144625,-18.050404,-18.401731,-17.98347,-9.757319,-8.460454,-10.303123,-10.920768,-8.431744,0.88805026,9.513431,13.938685,16.42007,18.028856,18.578928,18.214357,15.185907,7.2681956,-0.11384395,-9.237406,-4.424134,3.0542822,8.870677,5.1004324,-1.4529585,-3.447266,1.3109393,1.2749971,-2.7774673,-2.4973533,-5.5194736,-8.834644,-14.418117,-8.110782,-0.88877076,-0.54147625,-10.91802,-17.615253,-12.939572,-14.079747,-10.320624,-11.295076,-19.843039,-16.983942,-13.910674,-11.75847,-7.840163,-7.32944,-9.964325,-11.367883,-11.049292,-13.535119,-19.726103,-23.71832,-15.001639,0.5447107,7.8303366,6.064823,-1.7398195,-3.9376256,-7.1078086,-5.2872868,-0.32257378,5.143733,0.7420271,-6.4924355,-11.611353,-13.581396,-20.543655,-7.8899665,-2.6858892,-5.8292017,-5.497847,-10.972257,-16.945467,-16.628733,-16.485006,-14.628925,-15.552831,-18.013885,-19.28271,-19.229616,-20.8368,-24.415396,-19.231503,-17.004028,-19.868359,-20.55151,-23.769024,-25.372581,-24.349546,-21.228672,-20.665922,-20.838167,-11.371565,-10.021367,-15.55888,-13.529225,-12.300934,-14.763872,-19.235657,-24.619953,-16.820797,-17.852514,-24.69118,-22.930855,-18.373306,-17.463238,-15.241805,-21.249521,-27.170847,-25.392475,-22.422695,-17.550558,-13.843456,-15.757574,-23.646498,-27.854517,-29.77457,-27.343212,-24.204014,-24.603329,-16.920008,-14.695208,-15.264016,-17.715847,-16.221184,-10.910201,-10.127388,-10.6870365,-10.113296,-7.2930818,-7.452118,-14.478046,-18.167389,-13.304155,-8.508628,-7.866358,-10.310412,-9.701067,-10.606112,-15.833259,-18.870232,-20.339687,-18.876064,-18.020723,-6.5137887,-4.552827,-10.101395,0.024298877,9.982935,17.277983,20.66034,20.845213,19.462536,17.750227,16.06488,15.473568,9.643775,-2.0865717,-1.2615157,-0.77161384,1.0755212,3.0860808,1.7049533,-0.95231414,-2.8038578,-4.418704,-5.21147,-8.217572,-10.767875,-8.805819,-9.74946,-8.290471,-4.1943593,-5.130854,-5.070386,-6.1477423,-5.073348,-5.343691,-10.428797,-9.705889,-8.291622,-6.7750983,-6.384167,-8.477739,-8.28335,-12.874655,-12.283926,-12.099486,-12.707114,-13.023339,-12.842743,-9.238199,-8.831258,-14.526516,-11.50723,-11.104636,-11.509861,-11.552954,-15.112427,-14.101751,-18.155817,-19.257715,-16.545813,-12.936008,-9.697321,-9.63971,-7.5473356,-8.7644825,-10.550364,-4.0799108,-5.3818326,-15.941859,-17.034533,-16.532696,-18.204365,-16.959848,-16.281754,-19.475899,-21.22081,-18.04867,-16.455105,-15.646669,-15.772605,-13.298043,-6.889166,-6.940318,-14.108576,-16.02798,-17.07179,-18.387028,-15.065956,-12.9683075,-12.271788,-13.777489,-15.724472,-15.289899,-16.085886,-16.169403,-14.329987,-14.205666,-16.081585,-19.749146,-23.935814,-21.017082,-19.697258,-21.774353,-22.87017,-25.283169,-26.791647,-21.11361,-20.774734,-21.738796,-15.548822,-9.419109,-11.467274,-11.719524,-5.5174103
-29.416206,-25.933235,-25.033062,-27.060436,-28.102854,-27.465195,-25.964016,-24.389225,-27.449379,-26.135836,-26.008438,-27.269756,-27.441746,-29.518002,-33.70175,-29.541763,-20.803148,-19.561003,-21.51091,-19.905502,-17.17669,-17.813992,-21.085703,-15.207858,-16.520618,-14.887999,-14.731819,-16.860508,-2.196198,-0.4540692,-11.126876,-21.910734,-22.183002,-20.804089,-19.224655,-21.152843,-20.489986,-17.850468,-12.069436,-4.2897377,-7.192426,-18.804167,-18.401892,-19.635128,-24.68091,-23.17036,-17.87666,-19.147633,-18.90174,-18.489279,-24.070488,-19.690378,-18.622808,-23.875772,-26.254639,-28.352745,-25.753878,-22.168024,-24.723534,-28.97892,-28.118736,-24.430954,-26.244562,-32.454876,-30.806908,-16.305397,-10.377394,-15.241808,-23.90942,-19.533117,-18.593288,-19.081661,-16.604559,-13.576694,-15.90591,-16.963398,-17.645836,-16.810461,-15.929821,-13.8916025,-14.439602,-22.48468,-27.100182,-27.303055,-30.89451,-26.048223,-21.481365,-15.995869,-13.592252,-12.156282,-0.94978523,3.7153614,0.38544863,-1.4427358,-0.115139864,0.46402556,-0.526958,-1.6466722,-8.484963,-21.54111,-9.651798,-2.1328201,0.91479075,1.5021199,-8.01361,-10.172958,-1.1462482,2.6375914,-0.6595478,1.604017,3.668835,-5.523784,-15.327623,-16.832577,-12.121568,-16.899582,-17.116398,-13.682799,-19.767048,-18.611437,-12.466665,-14.584324,-22.051777,-20.304111,-17.76632,-16.169647,-10.461918,-11.558874,-14.980527,-18.870962,-22.627571,-20.766657,-20.005947,-19.047031,-19.947554,-24.707222,-27.445225,-24.487885,-21.861933,-20.855696,-16.57549,-18.771837,-23.752731,-6.140775,0.8063668,4.407025,4.6570053,4.026997,1.2784526,0.9850547,2.1667447,1.9395168,-2.3181934,-10.946737,-16.047709,-5.8593073,-5.2538395,-1.2342442,-1.0256315,-13.487143,-16.585703,-15.476753,-3.8690796,0.17000815,-5.8888316,1.1875775,0.4187889,-11.003958,-13.1759815,-17.02675,-16.098688,-16.92845,-14.372946,-14.733377,-18.75216,-17.145275,-21.24203,-25.443504,-16.689007,-7.6718855,-6.15178,-8.107256,-15.878817,-15.692289,-16.807617,-24.75296,-23.48082,-20.612661,-18.00475,-23.41545,-24.90421,-22.718231,-24.375874,-24.06068,-20.389166,-14.394306,-16.967243,-19.666962,-18.45011,-15.346134,-6.415258,3.9977255,10.817106,10.578493,2.0506272,-10.001989,-7.7166834,-10.458795,-10.384125,-9.683997,-9.880569,-15.885467,-13.529465,-16.33362,-18.998003,-16.986448,-20.307224,-17.728092,-13.468608,-8.6706915,-2.074618,0.6631071,-3.3067157,-7.703911,-15.004235,-20.223768,-8.295664,-3.0321167,-5.4983625,-10.415697,-19.478575,-23.158207,-13.226218,-6.088733,-10.084032,-18.437626,-20.765102,-19.850288,-20.632317,-24.570524,-16.335674,-13.016053,-18.257729,-21.403416,-25.890978,-25.003986,-26.691734,-28.58741,-30.021263,-27.02442,-24.227566,-27.442572,-27.353798,-22.953545,-10.94129,-1.252023,-0.5903221,1.1098796,3.930917,1.405031,1.2870247,2.470281,1.354531,5.509554,7.5851336,6.322953,1.9645697,-6.5248322,2.0962484,3.9323082,5.3799367,0.46983597,-4.171259,-5.7554636,-11.656672,-16.099812,-13.907644,-3.624635,-0.020060774,-5.9475784,-17.0649,-7.602811,-4.890018,-12.623967,-11.684967,-8.13142,-14.801832,-17.265238,-13.139666,-12.379335,-19.171316,-20.867624,-19.282543,-18.6408,-20.314228,-25.194714,-33.259483,-32.00547,-29.588516,-28.643337,-26.609615,-26.64564,-29.613163,-30.746353,-28.981703,-31.608307,-29.194057,-26.964947,-24.460697,-25.616112,-22.110308,-8.417672,-3.4252787,-3.2442143,-2.9411614,-4.3636446,-9.015607,-13.977171,-17.032017,-18.568129,-15.448145,-12.166886,-6.7350626,-4.515224,3.2969928,1.1334695,-10.969915,-12.600532,-11.645411,-7.091465,11.067223,19.581305,19.754313,12.434939,3.6516883,6.1078854,9.524906,3.2806304,3.569614,-0.18651432,-3.2272944,-2.7305915,0.89302087,1.1049767,-8.352192,-11.600474,-7.6657066,-9.197098,-10.107555,-6.2975597,-7.0856023,-6.376279,3.1009007,0.94868267,-2.0753913,-1.3718448,-3.608039,-7.6198554,-11.075197,-3.0366497,2.808457,0.5399567,-6.4944677,-1.8134968,1.2560465,-1.1494112,-5.820374,-9.425987,-8.951793,-10.486534,0.6623249,3.6415741,-3.7468023,-14.491959,-14.01916,-14.7054825,-16.329706,-8.052455,-0.25246525,-1.5474854,0.31785026,-0.5847713,-10.021173,-15.743471,-18.101141,-13.803235,-5.3410797,2.1421702,2.338892,0.28536817,-0.51864606,-3.5148027,-4.8972507,-5.909889,-7.377596,-9.724102,-11.1213,-15.157427,-20.364902,-21.42041,-18.93181,-22.412659,-18.513945,-11.549381,-6.1155868,-4.890209,-6.5257306,-10.766035,-21.003283,-27.892248,-17.022253,-6.8671427,-1.1799797,-2.00824,-5.2443123,-7.029452,-10.278584,-12.880368,-13.001481,-16.087269,-21.284565,-24.997791,-27.64559,-27.50129,-26.02103,-25.724537,-27.816067,-26.273693,-28.535917,-30.46167,-28.415138,-26.26731,-32.095284,-37.32808,-31.414085,-33.27063,-36.72276,-32.10102,-27.80179,-32.385784,-31.306532,-31.573406,-28.165333,-26.462849,-34.454956,-32.638405,-30.765903,-31.083086,-31.506218,-31.763079,-28.377829,-29.9609,-20.329134,-15.865025,-23.20366,-31.894749,-13.220591,-1.2674319,0.435741,1.1980367,3.415387,5.317889,6.623145,4.088058,-5.240641,-10.699379,-16.505693,-15.410721,-14.156027,-15.763273,-19.933483,-14.385639,-14.031888,-15.217786,-13.084057,-13.846285,-16.382051,-13.148961,-11.2481985,-15.02972,-17.627104,-16.791374,-15.386242,-19.263634,-19.708298,-10.329796,-6.2349415,-5.9209166,-6.1042314,-6.7893243,-9.329544,-14.802085,-19.669128,-15.098927,-16.679886,-20.348434,-23.813396,-28.050024,-33.967197,-31.536842,-26.389793,-23.73317,-20.113173,-21.753094,-22.493382,-26.086092,-23.612892,-27.196558,-26.81512,-12.330463,-2.9711747,-5.509616,-20.60644,-24.264393,-23.780582,-22.892029,-21.1503,-13.857878,-11.228348,-17.307272,-24.290962,-19.891777,-14.333529,-7.618272,-10.472843,-17.820536,-21.969646,-22.890903,-22.178196,-20.436386,-11.663309,-10.816955,-20.108212,-19.396015,-16.6926,-13.525261,-16.702404,-16.35542,-17.165857,-21.802607,-21.46011,-18.856688,-15.675085,-15.25956,-13.174287,-12.865344,-19.267208,-10.3784275,-6.1511335,-0.5020105,-2.9943097,-7.2197237,0.10395422,4.0948687,1.4054013,-8.03057,-6.567684,-10.002155,-13.017606,-15.683035,-18.098454,-19.902382,-21.777132,-19.813778,-22.597906,-19.474937,-16.893898,-21.562355,-26.162836,-25.45934,-22.820251,-22.721397,-24.38308,-29.997143,-28.320202,-22.95588,-19.748024,-14.732451,-14.643169,-15.959145,-21.552603,-29.491499,-24.097261,-25.167694,-19.592249,-12.722626,-11.32914,-12.656122,-17.976168,-23.901608,-23.72904,-24.114182,-14.679197,-15.56725,-20.982521,-20.784529,-2.4386563,4.678882,5.5269184,3.5898452,1.2844926,2.4624753,0.9563592,-6.2656927,-13.028054,-9.327336,-8.924279,-12.358423,-13.689983,-15.424558,-17.579264,-13.099579,-12.93219,-18.802588,-17.450674,-17.39157,-16.315346,-8.362896,-8.549702,-8.151133,-4.6644535,-4.7954774,-8.189708,-13.256072,-13.085041,-16.810598,-27.300636,-24.001703,-21.889133,-21.85109,-13.911652,-9.227626,-15.271144,-14.347658,-4.5241804,-3.394344,-5.0518503,-4.158897,-2.8955474,-2.6537478,-4.4472523,-5.4004164,-1.6023653,0.42761877,0.2099699,-3.188837,-6.284377,-7.8703394,-0.040369052,2.5676956,3.3183823,2.5575778,-0.6755901,-1.2539827,-3.0985365,-7.9285097,-17.479609,-14.57453,-13.031636,-14.408126,-21.832603,-20.472645,-20.884254,-18.849628,-15.767803,-16.08652,-14.792463,-16.456589,-12.577977,-13.945366,-16.182175,-17.105373,-20.338272,-21.860817,-25.23041,-26.337336,-27.644175,-24.952179,-26.299156,-26.448013,-24.544548,-24.582567,-27.402285,-25.045784,-26.476315,-29.509459,-35.28137,-32.11444,-33.895317,-36.757156,-35.765747,-33.143784,-32.83059,-35.190727,-25.934406,-20.09263,-22.9228,-28.481894,-17.530373,-11.250135,-16.456066,-15.680555,-4.586607,-1.4020163,-0.7079024,-0.47872466,-0.7778863,-7.745922,-18.816408,-19.197205,-12.772437,-12.62631,-17.689741,-18.574158,-16.633718,-17.764381,-19.620584,-20.203657,-20.26047,-6.2793684,-3.8526254,-9.008974,9.9946785,15.951156,12.529852,4.516494,-3.906324,-6.468151,3.5078049,11.732111,14.03672,12.539662,8.798786,9.874944,12.731758,13.796766,7.3007326,-2.457024,-2.735194,-5.223178,-4.974743,-9.352101,-8.363306,-6.082905,6.6658173,12.183127,8.22234,4.8255787,4.831283,3.1755493,-2.2232537,-6.7334385,-9.287628,-10.351164,-11.450019,-13.396746,-16.066618,-10.7730665,-10.439634,-16.194157,-16.046005,-16.749397,-13.615833,-14.644686,-13.27455,-11.543333,-15.517392,-19.22089,-20.343903,-17.036684,-14.21673,-14.20474,-9.912806,-5.3808694,-3.6341584,-4.9716287,-8.780468,-10.638683,-9.936565,-11.186915,-15.288705,-21.042349,-18.269402,-17.769209,-21.17651,-17.594093,-12.778911,-13.280014,-20.481844,-23.459856,-20.299463,-22.003166,-25.9348,-27.118769,-23.878057,-23.36351,-20.030926,-20.524319,-12.718514,-11.832859,-18.089725,-23.401695,-23.328753,-14.633522,-4.775061,5.5086513,10.33298,9.278811,7.5164676,6.5403943,7.7152596,4.759314,-1.3776797,-1.372607,-4.68449,-6.841633,-10.24716,-10.763865,-7.344036,-3.5842764,-2.0378802,-1.1581852,-0.5477143,-1.4776883,-1.1332275,-1.1821144,-0.77268964,-0.9859645,-2.940576,-4.469413,-6.9365625,-8.574298,-9.6362915,-10.1201,-10.909784,-11.445632,-9.216297,-6.7259474,-5.585375,-5.8249755,-8.165942,-7.1347246,-7.1382,-8.060454,-10.132667,-11.301967,-11.8015785,-13.368004,-16.02364,-15.621453,-14.972727,-14.466924,-13.185507,-12.488011,-14.237937,-10.132289,-6.9491415,-7.6355386,-10.496812,-10.90365,-10.576681,-10.593743,-11.416489,-12.993002,-12.3737755,-11.337721,-8.884093,-2.8861375,0.6815314,1.3053541,4.3769603,2.752911,5.138565,9.344126,9.245478,3.0069745,-1.4990788,-7.0331407,-8.734398,-11.534485,-9.788493,-8.354488,-13.113547,-14.761171,-14.776067,-16.777905,-15.139178,-16.665838,-15.799629,-16.704777,-16.010883,-17.303146,-21.168062,-14.297697,-10.63794,-7.2586765,-2.7688005,-2.4418764,-6.0684485,-2.9992664,-2.059192,-7.30073,-16.927357,2.7012374,8.566585,7.992693,4.7790747,-4.247975,-9.149369,-13.470931,-14.307155,0.9298011,6.102873,3.720485,-6.797628,-9.373018,-10.377647,-10.411643,-0.4760748,2.169588,-3.8605342,-11.942624,-13.724269,-13.538492,-14.526205,-15.1039715,-11.878425,-14.224548,-16.02301,-19.872076,-15.575973,-14.672611,-18.21693,-13.464908,-2.505907,1.2897966,-1.4259162,-8.737488,-14.1923485,-10.71219,-11.545402,-13.015671,-12.227235,-10.688876,-11.44679,-8.418753,-6.175763,-5.3529205,-5.777883,-6.5987234,-7.6743717,-9.040743,-10.601067,-12.282679,-14.959912,-19.779697,-19.79037,-20.483952,-20.4403,-22.796993,-18.867908,-17.186665,-14.42319,-8.034933,-5.7865863,-5.3940725,-6.4380207,-8.53115,-12.450712,-14.445732,-12.951697,-14.866643,-18.967377,-16.60539,-14.478329,-17.998716,-18.747658,-16.103262,-16.675488,-19.815199,-23.01598,-24.336702,-26.39425,-31.692095,-32.4998,-32.058014,-30.055351,-27.954037,-28.151134,-23.631222,-20.179129,-18.591255,-14.4175625,-12.933073,-13.630315,-15.863752,-22.60379,-24.295862,-19.676388,-7.827635,1.6893865,1.6025554,-8.114941,-5.694122,5.2002525,6.7676306,2.7296817,1.5568557,3.0037162,5.3695936,4.1935954,4.8032007,6.9203444,6.3834553,2.4940157,1.3548801,6.856318,8.253022,8.188404,9.853604,8.674435,1.6068144,-7.229972,-9.744951,-11.16667,-14.933548,-7.550001,1.9417267,2.6797163,0.64680046,0.4500029,-4.5544934,-9.871153,-9.710713,-8.151636,-13.877696,-10.860933,-9.0318985,-11.604367,-10.462193,-12.735542,-8.613399,2.4242325,2.6213179,3.4564266,5.7440205,7.088918,6.7168026,3.7830138,3.7702882,-1.04138,-7.105407,-12.054825,-11.370172,4.193808,15.070452,17.711102,16.448479,14.867593,12.760868,6.0896177,-1.8570424,-0.49014634,-1.5425711,-2.9659162,-4.3519816,-5.0704794,-5.663812,-0.43706432,-0.92061454,-2.2643313,-1.3504388,-2.1295304,-2.7703176,-2.9392524,-9.774797,-14.147206,-15.120031,-3.9196615,3.949099,2.1571083,-0.5399136,0.16240987,0.5498961,-0.57009715,-5.8304615,-15.265798,-5.697564,5.8615313,10.354295,9.8731575,3.683655,-4.4490366,-9.462712,-5.0650887,5.4407554,7.3945484,2.1527317,-0.9305257,-7.835441,-7.4855328,-9.662203,-4.03994,-1.2952797,-5.126251,-2.3775249,-7.7679787,-15.766654,-16.018076,-17.106808,-14.149241,-17.11446,-19.511047,-22.548492,-17.85436,-17.72919,-11.973084,-3.9963937,-4.788081,-11.290589,-14.373965,-17.424467,-12.851764,-11.477587,-14.162539,-15.723316,-12.803251,-6.647373,-8.032031,-11.648298,-10.817624,-11.535448,-13.246721,-17.58301,-18.7032,-15.9512005,-18.165564,-23.360859,-19.689875,-19.742262,-23.541386,-26.961185,-26.906698,-20.852634,-20.403158,-21.86965,-19.797623,-15.412332,-16.406378,-21.824265,-24.70149,-27.322857,-23.64557,-21.64377,-23.930046,-22.463898,-22.77651,-23.732767,-14.1387415,-7.3293834,-5.5012836,-5.387111,-7.3481364,-11.966654,-11.697463,-10.171497,-9.897843,-10.979898,-11.690462,-11.561844,-11.19623,-11.20562,-12.687582,-13.540273,-14.493855,-15.96294,-16.158531,-15.671729,-15.222824,-11.399823,-9.150402,-14.127872,-13.12599,-4.9425187,7.390621,11.73853,14.36875,18.931753,21.564259,22.879923,23.678682,22.150917,20.847343,20.465958,18.748592,17.05378,15.92657,15.786839,13.639239,13.285109,11.489765,9.375159,8.942137,10.609736,11.395971,11.437497,10.199777,10.465299,12.393398,11.768742,11.467104,11.04884,9.767939,7.9380155,7.688742,7.961278,7.33445,7.382904,5.9907775,6.019394,7.8859463,9.202433,8.745383,7.531131,6.1341915,4.279838,0.037821457,-3.5826755,-2.2799468,-4.27057,-2.3802824,-4.5701513,-6.614106,-6.145529,-3.167362,-2.3390326,-4.2000184,-9.809299,-6.535754,-4.3837447,-8.675052,-11.064102,-8.167834,-2.12425,4.359876,2.3110545,-9.98081,-14.493723,-20.930058,-16.603897,-16.603043,-15.914269,-15.967266,-17.545975,-19.910297,-22.213577,-15.734184,-16.663269,-21.486166,-15.717546,-14.147657,-15.316023,-18.20565,-18.941494,-20.051853,-20.863556,-21.096382,-22.438725,-24.525826,-22.975138,-20.82204,-20.177412,-20.686865,-20.145838,-20.301395,-21.619274,-20.507431,-21.479305,-22.673895,-24.531025,-23.849243,-24.05261,-24.670479,-21.272743,-21.967981,-24.271904,-23.371754,-20.812439,-16.279732,-13.270329,-11.767703,-8.822449
-27.371986,-25.19374,-24.746798,-26.143406,-29.529018,-29.929653,-28.493546,-30.791798,-31.188261,-26.951563,-29.533775,-27.588482,-28.783247,-32.66189,-32.60593,-19.675259,-7.450056,-7.7645183,-15.284998,-20.45124,-21.31137,-19.726364,-19.58114,-16.656185,-15.99702,-13.286917,-10.900133,-11.67347,-0.35950375,0.19250414,-13.196156,-23.220894,-24.326994,-18.847033,-16.339043,-20.49381,-19.828196,-17.219872,-9.754557,-1.7336023,-5.1809263,-18.357609,-14.422653,-18.199497,-25.489628,-26.932922,-19.991175,-19.19656,-26.482357,-24.795067,-22.357449,-19.566605,-17.513582,-19.80347,-19.935274,-22.088366,-25.350578,-23.137686,-22.10682,-27.260725,-28.656961,-27.137873,-27.40608,-24.265783,-22.595295,-6.6062393,-1.6693747,-8.02033,-23.32361,-23.122192,-14.9164095,-15.064787,-11.145124,-6.7399254,-6.8018637,-7.833707,-8.492429,-8.420387,-8.147425,-7.474969,-11.040924,-22.55398,-20.415749,-18.12414,-19.463308,-16.824316,-16.05223,-14.264499,-14.762783,-2.5828438,6.076667,9.509144,9.327857,8.124817,7.765658,7.766233,7.05332,5.630146,1.0763134,-5.585413,-9.21764,-10.481797,-2.2594059,3.7878609,1.188263,-1.178271,2.7490594,1.7882897,-1.2004592,0.5442371,4.965752,0.4216684,-11.061625,-11.388417,-13.0803585,-21.634289,-22.657875,-18.187733,-19.757841,-24.889048,-16.710022,-14.6727,-20.044815,-18.773077,-17.239681,-22.482836,-19.55428,-17.393562,-23.585241,-27.839613,-21.199167,-19.904648,-26.11162,-24.669567,-22.416191,-22.284416,-23.383678,-20.529078,-16.445908,-12.681951,-11.874653,-12.379533,-15.265454,-4.15316,5.578744,9.460942,10.751398,10.867962,9.625684,8.337286,8.0504,7.927453,5.7299004,-1.5421705,-7.7230983,-8.025328,-10.591457,-2.5127807,0.7597113,-6.271344,-16.795614,-15.745117,-8.186399,-8.706501,-13.264545,0.1782516,2.09733,-5.1860723,-11.720221,-12.994013,-13.743752,-16.433146,-19.077047,-15.272848,-16.371637,-19.553814,-19.489592,-22.149136,-12.924166,-2.5526233,1.1475798,2.055415,1.3720541,1.64796,-0.94511867,-8.014318,-18.955317,-19.688265,-14.98329,-18.54946,-24.074564,-20.706236,-17.947035,-15.119246,-14.991265,-15.887997,-13.574823,-17.440918,-12.191094,-6.160853,2.5111725,7.8242683,8.402797,2.8844368,-4.36238,-10.405363,-6.667626,-8.788845,-8.844759,-12.338408,-11.625626,-17.152313,-14.451381,-8.360253,1.8435135,3.7345884,-3.5414455,-19.332636,-12.439949,-3.2042356,5.817175,9.618423,6.4768863,-0.5074184,-9.827702,-13.875418,0.076485485,2.3589582,-3.4814968,-5.619177,-15.22005,-19.114212,-9.454763,-2.6762161,-6.174187,-11.969477,-9.659,-13.299992,-17.17393,-21.236267,-10.722054,-9.067639,-18.27993,-21.20038,-23.558073,-23.620026,-24.193087,-25.59595,-23.694408,-23.838623,-21.365507,-21.905642,-27.013775,-16.893944,-0.7580674,3.1881003,-2.904296,-3.3542452,2.638631,3.4782715,4.5902524,9.610674,10.37023,11.764226,9.803692,2.9388688,1.9392302,0.8334083,0.7588494,-4.72626,-3.1291482,-2.283503,-8.030284,-12.423959,-16.760418,-16.168243,-14.475417,-9.601961,-2.0554945,-3.6924589,-12.269747,-16.132307,-16.324314,-19.409502,-14.038317,-8.228997,-12.80571,-18.949097,-13.548241,-14.012631,-17.646336,-18.076498,-17.834713,-18.996803,-20.768772,-24.696812,-30.722443,-29.651283,-30.43097,-30.160557,-26.67074,-29.750692,-34.28357,-32.623558,-30.083847,-28.562603,-28.211514,-27.014984,-27.440575,-28.66822,-19.113132,-2.6961212,2.918841,4.3258705,4.2732005,2.8675761,-1.6455078,-10.223752,-12.67089,-13.349666,-17.009466,-13.049026,-6.5800104,-5.4931087,-1.6272273,-4.9707823,-15.086887,-14.526438,-11.798204,-7.635456,8.200316,14.016447,18.67447,20.705135,20.209568,18.426947,14.213257,4.7197156,2.0098178,-4.7841134,-2.9448757,-2.2835433,1.1431618,-0.9953512,-10.196814,-4.8188043,-1.3804023,-3.1502914,-4.901809,-3.428393,-4.777579,-12.612334,-5.7798996,-4.486387,-11.190197,-10.510963,-6.4061356,-4.2343693,-7.7463865,2.1798196,8.932962,10.368594,7.717376,9.253735,11.348341,9.635431,2.078246,-6.38103,-6.8551254,-7.836033,0.90058976,2.3060505,-6.822927,-8.797073,-8.568346,-10.485317,-10.8424,-12.581319,-4.222801,-0.076480165,1.8153198,2.8328168,-4.7211976,-19.93044,-19.962902,-13.45416,-1.7862796,7.7928395,10.973148,10.505205,9.0249605,6.885555,4.8507185,3.1870174,1.1910487,-0.90607584,-3.471303,-8.895842,-13.500279,-15.27008,-13.680059,-14.562616,-14.048851,-6.069706,1.5954779,3.7509587,2.132674,-2.7914686,-11.1891985,-19.011385,-17.18385,-3.8302028,4.5324454,6.641853,5.1912413,2.1383848,-4.7582693,-10.179558,-8.14178,-11.262006,-17.36441,-21.344864,-27.823284,-21.806812,-20.367676,-22.50243,-20.422672,-18.46993,-21.835287,-23.896845,-24.45016,-22.880571,-27.998016,-32.99211,-29.372982,-28.878767,-27.872871,-29.052643,-26.199211,-29.183228,-29.348738,-27.659248,-28.02368,-25.639248,-30.6606,-31.785173,-31.069542,-29.431767,-30.883837,-29.469767,-29.12546,-30.867823,-17.259808,-13.307714,-20.98507,-29.733543,-9.7301655,2.0056195,5.705615,6.80435,8.08815,8.326881,7.0881515,3.9074252,-1.9633843,-5.85597,-10.85754,-12.790624,-13.681359,-14.902807,-15.390589,-12.416564,-13.551935,-13.603963,-10.880221,-12.196871,-13.735948,-14.993546,-17.175062,-18.803581,-17.423325,-21.303139,-16.988369,-17.458708,-17.712605,-5.628297,-1.3387928,0.6240165,0.91661894,0.07047583,-1.7774174,-7.8971343,-19.45841,-13.969153,-12.539967,-17.133682,-21.599075,-27.798283,-27.086327,-24.13867,-22.034986,-20.579449,-20.683422,-20.356441,-21.71431,-22.259588,-21.638754,-25.45816,-27.577688,-12.18424,-7.866581,-11.68968,-20.789442,-22.793257,-22.909393,-24.36673,-19.239166,-2.4451706,-1.1959336,-9.181376,-20.460526,-15.371441,-9.891482,-3.0538206,-6.6382504,-16.871073,-19.40368,-21.71017,-15.924134,-13.81187,-13.477211,-13.507765,-21.36255,-23.233957,-27.360622,-24.432001,-21.014835,-17.20077,-15.972899,-17.825674,-21.549425,-17.09837,-10.815321,-11.155118,-12.947701,-13.5321665,-15.470128,-5.2409143,5.038318,9.952476,10.983081,10.857683,12.588865,13.018431,8.149067,-5.6103964,-14.039005,-9.981272,-9.171247,-11.885368,-11.39262,-12.938114,-12.343258,-9.857215,-10.041962,-10.45444,-9.970818,-12.899419,-17.16655,-15.450439,-16.440876,-20.403244,-22.902302,-21.041088,-18.770514,-17.261627,-16.521784,-5.9761624,-4.617793,-13.289062,-21.610191,-27.003267,-24.06202,-23.646564,-23.057411,-18.616573,-16.36248,-21.513195,-21.105509,-19.12779,-22.621096,-23.835676,-20.127584,-21.087637,-18.637865,-13.6927595,0.29353362,5.9004235,8.129002,9.066884,9.433983,9.255624,6.4654675,-2.1574755,-8.962747,-6.043559,-6.362155,-9.461241,-11.128274,-13.2568035,-15.232754,-16.33032,-21.439327,-22.943726,-18.984829,-19.578148,-14.921627,-7.322029,-6.4393854,-2.4191155,0.6549151,1.0517116,-2.2913656,-10.862951,-10.651436,-16.773813,-25.893068,-20.354534,-19.300058,-20.372667,-13.438728,-11.727448,-20.02113,-13.449833,-3.5225854,1.2154742,2.2727373,2.595819,3.2146945,4.177113,4.4397326,3.3227394,1.6994447,0.8658597,0.50734645,1.1601746,2.8098547,3.4584548,3.765111,1.7672966,-1.1428899,0.38155407,3.174925,3.2531526,0.18788822,-6.399337,-15.164774,-16.141495,-13.918959,-11.790361,-17.604116,-18.370531,-16.325415,-14.878017,-15.46884,-16.624,-16.566029,-20.799767,-18.258032,-21.554981,-20.264202,-20.169498,-21.986322,-23.076366,-25.748627,-27.09592,-31.651995,-24.430883,-25.396826,-24.968798,-23.897173,-23.80465,-25.389824,-24.44089,-26.446049,-33.892258,-34.190704,-32.55943,-31.21543,-38.356426,-35.20468,-32.755566,-32.368877,-29.383947,-20.819546,-16.795023,-22.220755,-34.55128,-21.35276,-13.850639,-16.705387,-15.257539,0.9942505,6.873904,8.573838,8.411225,6.6464043,-0.14424309,-10.943842,-11.887647,-7.4440184,-8.265793,-19.386194,-20.864069,-15.74234,-13.832584,-19.800938,-21.855936,-18.525074,-3.8960652,-1.0889817,-7.993278,2.7298174,13.827252,15.255505,8.427111,-1.8822223,-3.5774226,8.681411,16.728062,17.99792,15.441617,16.47709,17.637241,17.703175,15.140868,8.429517,2.8507013,1.6825211,-1.3924768,-1.615479,-5.2569246,-7.0916843,-6.707243,-6.5399666,-4.1056256,-6.439105,-7.291258,-7.7107434,-7.780241,-5.40694,-9.68608,-12.494365,-13.374561,-14.075115,-14.732683,-12.930922,-11.5447,-14.951216,-15.328635,-14.84089,-15.236742,-16.645418,-18.19093,-11.093796,-10.112552,-13.745989,-18.134438,-19.8208,-14.052696,-10.488347,-6.035443,-1.3551778,2.028517,2.8742867,1.4470651,-0.9517562,-2.4252453,-2.734902,-3.7406383,-6.5146046,-9.646048,-9.426559,-10.0508585,-11.601776,-8.985958,-5.932607,-5.813696,-8.598532,-12.497455,-15.249721,-21.236336,-24.81403,-21.503384,-21.824808,-20.057667,-17.781183,-19.342663,-17.047888,-14.352946,-13.636333,-17.92172,-26.08082,-15.189261,-1.5181596,9.669794,14.70201,15.8960905,16.278948,15.840828,12.9032345,5.9792757,6.1671395,5.902097,3.3181639,-0.23389177,-6.928097,-4.552143,4.3841734,9.6464405,12.246025,13.631564,14.371195,14.361554,14.351149,14.165731,14.02031,13.854023,13.442197,12.809745,12.095672,11.610348,11.5012455,11.483524,11.214317,10.936681,11.138069,11.721762,12.211099,12.153917,11.836433,12.04203,12.015258,11.728016,11.47043,11.443501,11.301071,10.886965,10.527346,10.506915,10.540265,10.699044,10.960536,10.943781,10.658527,11.11889,11.737619,11.48465,10.897427,10.856298,10.999418,10.874559,10.426243,9.936875,9.78095,9.742447,10.005484,10.735806,10.183537,4.9101343,-1.482213,-1.3716935,7.627523,12.847118,12.657209,6.7812753,-0.89120495,-2.293458,-3.9047399,-6.982895,-7.762681,-8.505441,-12.832996,-14.734299,-10.77135,-11.905701,-13.731646,-13.524248,-17.986427,-13.458648,-13.142242,-17.095154,-12.338192,-1.8808793,1.7868251,4.8227477,8.176573,8.813832,7.7762837,7.4059696,7.3547688,4.655685,-1.2073487,0.9112694,0.50019014,0.8860302,5.3501244,1.1671257,-7.406302,-8.903327,-4.448313,0.40033394,2.212536,2.3630767,-5.983496,-11.336512,-9.151524,-4.4315677,2.2831652,5.970449,5.280116,1.1896156,-2.314715,-0.028118866,0.7771195,-3.451165,-11.186375,-14.666953,-17.663067,-20.163452,-18.77149,-19.801214,-14.517747,-4.544809,5.3646035,8.649563,5.849038,-2.456417,-10.691691,-6.6340923,-4.226607,-9.488621,-16.158062,-15.3896675,-13.924202,-3.3995042,0.6396175,1.5969064,1.4623089,0.69672734,0.40622872,-0.3099327,-1.7305683,-3.437169,-6.292556,-10.078613,-10.905155,-11.844202,-12.4451065,-13.298235,-12.552623,-11.045307,-11.114607,-9.097506,-4.9494324,-1.6762936,-1.8451576,-4.495042,-10.266366,-10.900595,-9.818913,-12.777077,-17.727428,-12.065586,-9.821766,-13.784988,-13.776768,-9.713577,-10.571672,-14.930816,-21.114979,-22.036715,-20.888405,-24.861814,-28.688917,-29.63108,-26.654121,-24.781515,-24.98523,-20.564056,-12.437,-8.459416,-5.7970104,-4.752629,-6.0330267,-9.343884,-17.761656,-20.761557,-16.334354,-11.017971,-4.8541694,-5.5952854,-14.942664,-11.859299,1.4274309,7.784868,10.731545,12.445477,13.359418,13.488152,10.327731,3.5097203,-0.28393155,-1.839483,-2.5680387,4.3973203,10.657852,12.246074,11.84042,11.307394,6.728527,-0.52828795,-5.748681,-6.175499,-5.3511453,-8.219899,-9.8348255,-5.154159,0.8917848,7.073042,11.49637,10.9196615,4.4323773,-2.2056394,-4.2937117,-8.089739,-7.7430515,-9.094085,-13.08166,-17.881453,-18.070522,-8.693113,-0.7324886,0.06591444,-4.503785,-8.47988,-12.208111,-10.459013,-11.258559,-7.0527654,-8.930351,-17.237242,-13.366955,-11.383039,-0.36594856,8.730519,12.757679,13.8369465,12.748264,9.138036,1.3329952,-4.1732492,-7.5471587,-6.9746475,-9.156149,-9.547137,-8.791551,-6.5480556,1.1255379,5.594038,6.3896847,7.034149,6.0555754,3.8440464,0.78812015,-7.728519,-15.423459,-9.238203,1.7290097,7.477885,8.374501,7.890485,7.8948,7.620055,7.095827,3.7476854,-0.9525117,0.66594815,4.0166483,0.046320952,3.919269,5.449398,2.5422168,-1.1979574,-0.019396896,2.6747606,-0.88363624,-4.751536,-1.6508443,-5.1742268,-6.000485,-4.8144636,-5.21338,-7.9897995,-7.653488,-0.3878558,-2.5497224,-13.682742,-17.747162,-15.440798,-13.84104,-16.622799,-21.95512,-19.198465,-18.512915,-17.388844,-5.616234,2.9717755,4.3510437,1.9334037,-2.3829224,-10.762432,-10.297665,-8.707069,-12.996598,-14.86198,-8.723146,-3.6704493,-7.124053,-15.079325,-20.249416,-15.198814,-15.810688,-21.276636,-16.661055,-16.582157,-24.426783,-23.172646,-19.071602,-17.669802,-19.107908,-17.60606,-23.104908,-22.86383,-18.583677,-17.254513,-18.456512,-20.762589,-17.973867,-20.948444,-24.430798,-26.011147,-20.262371,-16.969917,-21.3863,-23.224731,-20.414143,-17.925217,-9.344395,-0.96172917,1.8687179,2.2709904,0.06211999,-7.662462,-6.563626,-1.9630958,-1.7199122,-2.9550037,-3.5120025,-3.6914718,-3.6531277,-3.922193,-4.686801,-5.4592824,-6.4125576,-7.002764,-7.130247,-6.933885,-7.587429,-9.256557,-10.658183,-10.527567,-10.010038,-11.393011,-10.879264,-10.289029,-8.097743,-0.37646022,6.327658,10.903887,13.842838,16.038767,17.03825,18.083212,18.963545,19.408905,20.088795,21.21458,21.21326,21.452301,21.006937,19.988815,19.686567,20.36793,20.828228,21.175838,20.859468,20.63311,21.191818,21.129738,20.810778,20.624315,20.345325,20.13945,20.262894,20.348024,20.285099,20.322153,20.12563,20.294899,20.810682,21.110209,20.820658,20.063093,19.169481,18.307549,17.036436,16.337673,17.04831,17.593964,18.106453,17.659986,16.888826,16.440544,16.662756,17.043169,16.890646,16.680449,17.151342,17.385849,16.808569,15.860368,15.557579,16.239325,14.937466,7.6657314,-2.1839442,-3.4771,-10.055447,-12.664288,-11.531488,-12.28448,-9.493164,-6.5060325,-10.6301985,-16.221611,-7.1985383,-5.860615,-7.5151486,-7.844715,-8.515364,-10.947238,-12.578596,-11.837793,-10.867206,-9.1953535,-9.93139,-11.523014,-11.872058,-13.6039505,-15.250776,-10.721636,-12.056648,-20.762707,-18.646374,-14.482658,-15.644476,-12.745129,-10.309644,-10.03749,-11.698283,-17.960379,-19.751427,-12.164268,-11.651747,-15.138262,-18.342035,-15.766104,-14.79308,-12.594582,-7.2640095,-9.286248
-28.08842,-33.538574,-36.437428,-37.43217,-36.888405,-38.475864,-40.047344,-38.747246,-32.59349,-27.54012,-27.01431,-22.483475,-21.246815,-27.098415,-25.23569,-16.02053,2.4115622,8.657715,9.198797,5.2366085,-1.0934497,-11.291174,-12.60943,-11.110511,-7.594643,-10.911598,-13.420085,-10.110336,2.4659019,2.4251964,-12.017414,-15.514182,-14.341005,-13.431054,-8.510447,-11.018003,-13.433796,-11.989666,-5.142176,1.7097353,-3.1438491,-14.259584,-11.324036,-14.326136,-18.57149,-20.085783,-18.452398,-17.761942,-15.830341,-15.770271,-15.212057,-17.586819,-16.367086,-15.98693,-17.811792,-20.698357,-22.858196,-9.726635,-1.3065089,-2.607396,-13.720449,-23.232862,-22.33536,-13.276544,-7.4913273,1.6134548,3.0612552,-2.3100643,-13.436814,-22.791294,-16.62866,-16.238733,-9.306843,-5.7832108,-10.774046,-16.548845,-17.531143,-17.18767,-18.08513,-14.260614,-12.846618,-18.664755,-23.880522,-18.226187,-16.14238,-14.450882,-9.19875,-4.5896544,-0.9568174,2.4379718,1.8026905,-1.45049,-0.07283384,-1.482157,-3.361483,-3.7268078,-4.430281,-4.537153,-4.3930926,-8.47761,-13.621502,-16.001675,-9.677831,-2.4094846,-3.475122,-8.732409,-8.995844,-9.170118,-9.935386,-6.8656883,-1.0602533,-4.208934,-15.297279,-14.188763,-16.28521,-22.272793,-23.391445,-21.833057,-19.897923,-15.651888,-19.057995,-20.803461,-22.796412,-29.218391,-26.010887,-24.669199,-23.035536,-23.873684,-28.344267,-25.389643,-24.678545,-25.102253,-28.747683,-23.004536,-21.066776,-22.501028,-23.183298,-19.84467,-14.436655,-14.470897,-12.931034,-9.833914,-9.978426,-5.7370596,-3.794836,-3.5511837,-2.322893,-0.99864924,-0.94354737,-3.3896213,-5.6021347,-4.560744,-2.2616003,-4.5088997,-11.470202,-13.545093,-18.182255,-6.8675213,-2.2906206,-8.13923,-19.090193,-18.705347,-13.742395,-15.727229,-22.936039,-9.36853,-5.848458,-8.531422,-14.36491,-21.408535,-23.093761,-25.638685,-26.696814,-19.588081,-20.145893,-18.036043,-17.254202,-13.218188,-4.1332316,-4.234817,-6.6650968,-3.6335328,-1.2779629,-1.6680539,-1.0468799,-5.217833,-20.281498,-13.918879,-10.0494175,-13.696945,-20.227432,-21.00874,-16.59861,-18.017738,-16.817553,-15.051722,-11.492193,-11.358384,-11.311218,-8.248433,-4.3914757,-4.4403477,-9.679127,-12.093636,-13.647013,-3.0733693,2.894616,4.2131004,2.2852075,-0.98762923,-5.5236573,-10.760721,-8.417695,2.9556692,8.551702,9.06218,3.1651382,-13.611499,-12.517002,-6.07343,3.6771483,4.826482,1.1070427,-6.0415955,-15.7932415,-12.764429,0.057060327,0.108569264,-5.2982144,-2.4115634,-8.7770195,-17.177347,-8.092694,-3.518475,-8.441458,-9.410301,-6.814744,-13.507394,-19.280258,-16.244028,-10.494233,-9.543022,-15.771483,-15.156727,-18.331772,-17.691551,-18.17223,-24.835758,-21.935825,-22.299377,-18.753092,-21.605095,-26.02029,-9.626523,0.4681216,0.3487599,-8.310221,-11.730274,-13.203047,-0.15413257,7.789061,7.0544367,5.9584103,4.7379694,-0.62538993,-7.3059874,-5.1150327,-3.5605261,-8.405657,-12.588977,-13.870764,-10.692411,-9.629494,-11.17487,-15.454874,-18.71964,-20.136745,-18.29828,-8.208004,-4.4100695,-10.569294,-22.31777,-19.385908,-21.200233,-15.344859,-7.10505,-9.892483,-21.719296,-18.961458,-19.623882,-22.146809,-23.93864,-23.047745,-23.120102,-21.772337,-24.023668,-26.329088,-26.889996,-28.603481,-28.845282,-27.158447,-28.94066,-32.54494,-29.242367,-29.230968,-33.507378,-34.28493,-33.933784,-33.27041,-33.532818,-19.96978,-7.7898912,-6.772857,-6.751608,-7.4268503,-7.946112,-10.817729,-14.099358,-16.061762,-20.337864,-20.007036,-13.232975,-3.5046866,-4.3078127,-7.0359426,-10.767706,-21.931894,-20.250492,-12.352938,-9.324467,1.0308026,2.0596428,6.4807916,13.424545,16.553953,16.59523,11.319077,2.2669392,1.5421866,-2.9556525,-6.3338776,-5.445075,3.2146966,1.566111,-12.182342,-10.041014,-10.284834,-7.4334793,-8.281633,-11.441765,-13.088275,-13.362752,-7.5563154,-7.462988,-13.517366,-16.03366,-5.4004474,-4.4542227,-9.910823,-4.7966523,-0.033442374,4.3057685,3.065319,1.8274515,3.3728697,5.253797,2.7838778,-6.789114,-11.884809,-6.7547493,4.3596034,3.1155615,-9.871513,-9.0370455,-11.250357,-13.897236,-16.575352,-20.050034,-16.53487,-3.255475,4.0280337,1.6282706,-7.899058,-18.502897,-15.011725,-15.773421,-9.04152,-1.1571846,2.0180867,1.7992026,-0.132705,-1.9463005,-4.546785,-6.5598674,-8.583075,-10.020559,-12.311654,-15.229417,-19.318985,-21.77665,-23.147797,-21.515608,-20.623558,-13.592768,-7.085629,-5.7194877,-7.0474124,-11.077117,-18.261797,-24.44067,-24.800415,-12.013689,-5.299552,-2.634283,-3.2984734,-5.854854,-13.187101,-20.927067,-17.152006,-14.528998,-16.96934,-17.228453,-15.556067,-14.52709,-13.612834,-17.03676,-22.568474,-18.876818,-18.887737,-22.097713,-27.39318,-26.351868,-23.930725,-25.52973,-25.77718,-24.773949,-27.72519,-28.941545,-27.760296,-29.321178,-27.623579,-30.262444,-27.232428,-22.633053,-19.740526,-14.870981,-15.348611,-16.768482,-17.397196,-18.337368,-16.61464,-17.316683,-13.12902,-10.291281,-18.547056,-21.189495,-15.228816,-8.806103,-6.686041,-6.978397,-7.210964,-9.367915,-15.0840435,-14.366288,-12.339629,-13.135683,-19.836945,-23.370071,-23.528229,-21.252615,-21.188068,-22.602388,-22.828463,-23.193382,-24.771769,-28.23948,-28.291576,-19.325172,-19.13914,-14.667028,-8.298096,-10.047434,-17.188389,-22.683422,-13.988861,-6.232461,-9.525023,-11.163964,-10.223512,-11.6528845,-11.315704,-15.961446,-24.099447,-23.645609,-22.768913,-27.322657,-28.729237,-30.126505,-31.92312,-30.889357,-29.850313,-23.78789,-25.49018,-29.976282,-28.457357,-32.94379,-35.57636,-32.300064,-33.38352,-13.115043,-10.318554,-18.15872,-28.07825,-30.903627,-33.92613,-35.718132,-11.099247,9.120095,15.086939,13.550706,7.297103,3.1178327,3.5464501,0.9771368,-4.5891085,-5.2923717,-8.559308,-11.867512,-12.241829,-10.174207,-14.14765,-14.3196535,-10.352145,-11.051656,-15.408596,-15.117392,-16.081764,-10.347991,-8.488447,-9.738771,-10.668142,-12.239372,-7.093489,0.80763286,1.3772397,0.068350665,-1.3019818,4.6689634,7.18585,4.6483507,5.4034686,5.890431,5.804333,5.129651,2.0200462,-9.683935,-15.917437,-12.158583,-13.483897,-19.781702,-18.192007,-17.853758,-16.702341,-16.208189,-15.782106,-16.104868,-16.836533,-19.003872,-21.3195,-18.218836,-18.213972,-15.5307,-19.103897,-22.431288,-20.66455,-20.286264,-13.215256,-5.3058906,-3.2471557,-8.157581,-21.534063,-18.304083,-11.940653,-7.728694,-6.5802712,-11.926983,-22.99569,-25.119707,-21.012356,-19.7362,-24.969135,-27.950462,-18.033274,-12.5926285,0.0084404545,5.600352,4.6943197,-4.5833235,-9.255402,-3.4075916,-1.2544243,-2.395081,-4.210706,-12.004518,-18.805143,-15.642742,-15.835037,-18.658403,-22.084454,-19.491474,-19.027025,-18.639711,-24.407818,-28.615334,-24.695642,-22.268171,-19.804913,-17.303038,-12.529337,-11.38945,-10.7849865,-10.454434,-11.141924,-11.665849,-12.13096,-23.586742,-23.854944,-23.351774,-25.40572,-19.453953,-12.469944,-12.230836,-20.553864,-15.887819,-15.054122,-11.211833,-9.278102,-9.653852,-10.122374,-7.8755894,-5.057202,-6.029602,-12.741369,-15.01782,-9.797363,-8.783463,-3.6769319,-1.9580777,-7.4348884,-17.187986,-21.08696,-13.91611,-11.245655,-11.057643,-14.092275,-17.438856,-14.429521,-13.432276,-17.374304,-15.919668,-21.410267,-16.066647,-10.080186,-11.543921,-15.936062,-19.43935,-26.52093,-27.715435,-24.333305,-23.624716,-22.067068,-19.515415,-21.929846,-29.934664,-31.867283,-32.983635,-33.235184,-29.966469,-33.88353,-34.499268,-37.81863,-35.249794,-33.426464,-37.58081,-39.85138,-41.714043,-41.705917,-39.469555,-36.39248,-40.200367,-38.40872,-36.328365,-28.480297,-21.494398,-19.212992,-19.72417,-29.246914,-37.13722,-24.3293,-19.566353,-22.469387,-16.20522,-5.725317,-2.360136,-0.80068296,-0.9498838,-0.9440511,-4.6615047,-4.1671915,-6.126142,-4.6550007,-2.559846,-9.2776785,-13.811034,-12.542818,-11.694118,-18.379425,-21.316957,-20.738619,-3.1825159,-0.97140676,-8.160627,-4.0086584,4.7990627,7.877087,3.9505134,-3.2400117,-2.0567338,1.7107302,6.2525983,6.2185664,2.3712914,6.1526327,6.6942663,4.5825768,0.23685144,-3.1540532,-8.699695,-9.60249,-13.561356,-15.041715,-14.449386,-15.810327,-13.123879,-5.360906,-5.904664,-12.395469,-13.083161,-16.326412,-18.223713,-18.333565,-19.407001,-18.205204,-20.240553,-19.038843,-10.573685,-6.91329,-10.203972,-20.912487,-24.543648,-19.402157,-14.637434,-14.867716,-10.744694,-10.458267,-16.449265,-12.02091,-10.994488,-12.274665,-13.957695,-14.534969,-10.576897,-9.35597,-8.730938,-9.206209,-11.079935,-12.054553,-13.3532295,-14.500417,-14.871392,-15.79254,-17.41596,-18.454964,-20.62569,-21.358627,-18.675941,-17.275042,-15.442875,-13.509768,-18.513655,-21.89378,-25.695574,-26.716759,-23.245697,-23.945457,-22.479385,-22.004145,-25.279137,-27.441282,-24.722197,-23.885042,-23.168068,-28.47956,-15.097464,-4.7772846,-1.3916261,1.0795544,3.7469487,6.232692,6.558809,4.538849,-2.4618578,-4.388653,-3.3206496,-3.9852586,-8.517455,-5.446864,1.2855132,2.2959976,3.9653156,6.2747974,7.563387,8.481561,8.564834,8.4806595,8.132711,7.7610197,7.6919346,8.003379,7.7465115,7.558512,7.36642,7.6074114,7.783491,7.620036,7.2519217,7.006647,7.0107036,7.3558025,7.399273,7.4793057,7.639852,7.5423236,7.4491854,7.6465297,8.092453,8.003225,7.7830086,7.734425,7.7908955,7.645262,7.7164755,7.880021,7.7411575,7.431166,7.360092,7.3267727,7.0992513,6.887755,7.0662856,7.289837,7.117986,6.7570806,6.401598,6.139201,5.8026,5.4677467,4.397868,3.3050919,1.1306927,-5.125544,-8.43089,-6.0764594,-2.1622665,0.27681234,-1.3334805,-10.393602,-13.739248,-16.049414,-18.497145,-19.777046,-21.44514,-22.185696,-21.885014,-19.54411,-20.237234,-23.290325,-23.449724,-21.954233,-16.477837,-8.807604,-4.102412,3.6084127,6.1217175,2.396867,-0.03500965,0.48176855,1.1569192,1.378227,-1.1004704,-1.3027288,0.0013613886,-3.6570504,-8.67633,-13.386471,-7.644204,-1.7871041,-2.0576282,-8.068097,-13.227344,-9.045455,-6.608832,-4.148943,-4.0183334,-9.125055,-12.372276,-14.246037,-13.17742,-11.645977,-5.9792833,-0.77766806,-0.9892371,-3.7838469,-2.1795435,0.55438274,-3.0394568,-7.9331517,-12.702023,-15.349984,-18.00159,-17.59619,-21.70108,-15.97773,-8.12089,-2.3279657,1.4182024,3.1856961,2.5297766,0.8271495,0.076905124,-0.5392163,-10.83582,-14.99077,-11.915918,-14.111137,-10.645374,-8.706225,-9.134928,-9.475272,-10.7474985,-10.067035,-10.2751045,-11.683718,-13.120249,-15.9177885,-18.919725,-19.667124,-19.696316,-20.419422,-21.99629,-21.69673,-21.563797,-20.325752,-20.303175,-19.514591,-16.629637,-16.896498,-18.773499,-18.110765,-17.657324,-19.329285,-18.559172,-21.823868,-22.62124,-21.64819,-22.779264,-22.548162,-20.922932,-22.524118,-27.242325,-30.693377,-29.06821,-28.832752,-30.400736,-31.583282,-34.72101,-37.94824,-31.615074,-20.951586,-19.27354,-16.4213,-15.867715,-15.707227,-14.581919,-16.42177,-18.353119,-24.521797,-24.80731,-23.040026,-15.3618,-6.3991776,-7.9751163,-20.072632,-22.255182,-12.332278,-4.8158126,0.997827,4.2488556,4.617885,3.8950276,3.676522,1.192724,0.35924858,-4.388687,-11.345005,-6.79426,-3.9331107,-3.8786724,-6.094285,-6.1490097,-5.5398655,-10.976249,-18.394653,-18.108618,-15.704185,-16.83605,-17.821163,-16.671373,-8.497047,-1.2106551,7.624713,12.574948,10.358311,-1.0436231,-7.2227726,-12.13997,-8.296824,-8.790063,-11.514798,-13.356302,-17.296597,-9.557883,-10.336027,-14.187319,-8.747508,-10.280462,-12.282862,-13.602737,-15.448054,-8.336224,-9.410112,-18.566433,-20.861807,-20.76775,-11.506439,-8.594028,-11.993692,-17.92425,-12.978432,-9.647649,-13.887995,-11.651478,-17.713966,-20.413935,-20.522762,-24.593998,-15.715839,-10.094708,-5.791827,-2.6473694,-2.709688,-2.825223,-3.6500154,-5.5672026,-7.4358993,-4.382402,-3.3064337,-1.6803777,-2.4203162,-4.964053,-1.9339854,-2.432755,-3.3335733,-4.4736204,-3.083181,-3.0553446,-5.7786756,-7.8949804,-8.959029,-12.739285,-6.530408,-3.6346772,-5.440506,-10.352438,-11.498535,-11.914048,-16.650793,-9.64991,-5.5228176,-8.250886,-12.161556,-16.2885,-19.63359,-24.6805,-14.539686,-5.3609414,-6.8733425,-15.978919,-22.114235,-21.766386,-13.316652,-14.212276,-20.399952,-18.684586,-15.957361,-13.85839,-11.611439,-5.2128463,-3.1981564,-2.936267,-4.1337194,-10.202049,-20.619986,-17.417845,-10.398771,-2.2150722,0.933282,-3.1543267,-9.251783,-13.386016,-19.556807,-22.043703,-20.764935,-23.426403,-18.094994,-14.555377,-21.131601,-26.422861,-27.452621,-23.29405,-16.33967,-14.64569,-21.838013,-25.308601,-19.361519,-11.240538,-11.833393,-14.881898,-19.296251,-25.967106,-27.690813,-26.14819,-19.73469,-14.384526,-14.528904,-14.123937,-12.492133,-13.925496,-13.311394,-10.327393,-9.183386,-8.409112,-8.557974,-14.122173,-12.959882,-10.881607,-12.086046,-13.927597,-14.294027,-14.456808,-13.595358,-12.022516,-11.633141,-12.539625,-14.741021,-16.867506,-17.09959,-16.527079,-18.413403,-17.570543,-17.373821,-18.679138,-17.603079,-17.556034,-17.494896,-20.529385,-21.260532,-20.468328,-17.876888,-7.036092,-7.748651,-16.02229,-14.61227,-10.923337,-6.1961436,-0.5143101,4.93871,8.443701,10.188797,11.205479,11.632289,11.266874,10.898851,11.03237,11.185036,12.04854,12.338462,11.942835,11.660772,11.444677,11.016504,11.092629,11.658669,12.543553,13.1497965,13.204936,13.142809,13.334537,13.731028,13.923878,13.647494,13.460953,13.2457075,12.924253,12.042046,11.9670925,12.100542,12.245263,13.048133,13.96844,14.479584,14.329929,13.722638,13.153368,12.747887,12.78784,13.207828,13.794493,14.267217,14.777172,14.6902275,13.97246,12.956995,12.250076,10.248412,3.5320268,-6.114449,-5.794272,-10.444678,-14.857363,-12.181058,-12.550814,-14.070039,-11.760866,-14.732819,-18.073324,-11.698681,-9.892538,-10.87926,-11.996531,-12.654772,-14.090566,-13.0588,-10.690036,-11.94166,-9.601169,-8.657919,-9.824168,-12.039326,-13.652619,-14.357559,-13.761551,-15.485114,-21.04823,-20.037243,-17.251413,-18.565628,-16.723434,-13.923971,-14.074718,-15.45204,-19.202738,-18.50944,-15.485237,-15.551241,-19.15818,-20.393764,-11.514138,-6.8137984,-7.64059,-6.7537827,-9.596654
-34.353508,-38.085815,-38.32479,-41.85585,-36.95686,-34.052013,-35.92418,-32.53453,-32.790504,-32.774185,-29.311369,-22.478924,-19.892422,-26.776068,-26.369017,-17.444942,-0.07147706,7.617857,13.930408,17.60473,17.667788,14.44933,6.0418787,-4.622279,-2.5224605,-5.991909,-12.095901,-7.3011584,7.1524386,8.181667,-2.7226388,-10.358362,-9.405711,-2.1954484,2.6314285,-2.1680923,-9.436886,-8.844065,-1.858305,6.5781546,2.9059448,-4.81645,-1.4397652,-3.7997494,-10.058884,-17.226389,-15.648445,-11.883142,-10.403566,-10.837933,-10.484425,-12.097875,-16.131723,-11.298599,-7.898653,-10.175318,-13.820458,1.3418759,6.5304847,4.454792,-2.234444,-15.535128,-18.326967,-7.355505,1.4526358,8.722877,8.621752,5.071804,-5.1358166,-15.951175,-12.363524,-9.813993,1.8515959,7.041194,2.2757905,-10.98591,-12.281829,-12.469461,-15.106451,-10.481249,-7.387355,-11.637934,-16.89067,-17.816334,-16.773369,-19.972939,-4.565627,5.3045244,8.307467,5.8031325,-0.43731654,-7.981701,-12.686958,-9.992037,-11.290392,-14.590885,-18.608404,-16.971853,-18.797739,-21.899704,-15.103364,-14.273094,-17.762533,-15.467289,-16.271767,-21.251352,-17.637344,-16.69305,-14.711805,-14.526329,-14.080211,-19.534184,-20.498926,-1.9052732,6.6984663,6.594797,-0.7583976,-14.251447,-13.126312,-10.504927,-13.951742,-16.61865,-17.937992,-20.135796,-20.085522,-21.193855,-22.597235,-23.360512,-19.408644,-22.346176,-23.762535,-21.494106,-22.996773,-18.712593,-18.103998,-23.88905,-18.912785,-12.647587,-14.35914,-18.715418,-8.9157095,-5.5700965,-7.713152,-6.2517157,-7.621627,-10.646591,-14.684486,-17.108278,-21.830225,-23.26195,-24.762932,-22.838709,-25.3671,-23.657948,-22.925323,-22.257912,-24.643246,-12.044384,-8.3622055,-16.117968,-21.968304,-20.99485,-22.956991,-23.562983,-28.294771,-21.472858,-17.839725,-17.829716,-16.356388,-20.587704,-20.615232,-25.21763,-28.670874,-23.824005,-21.65641,-18.760231,-19.307684,-5.2318544,0.49843597,-2.759149,-15.393582,-17.990013,-22.210512,-23.019564,-11.960228,-10.755376,-17.720406,-10.410059,-7.864558,-14.747691,-20.048904,-19.086044,-12.461487,-14.200139,-19.639256,-13.990817,-10.31004,-12.994869,-10.29994,-14.574538,-23.22386,-22.72957,-22.54184,-21.951208,-13.072414,3.681624,9.7925825,11.268735,11.39763,10.904622,9.126618,6.850512,3.806418,3.1525154,2.8036146,1.4911296,3.6076858,-0.41717517,-3.0808604,-4.6837873,-3.7774398,-4.724532,0.9822518,-1.4503025,-11.350096,-10.9326935,-4.3850565,-6.2957296,-1.304161,2.9158413,-0.9419617,-5.4924936,-7.725273,-9.669636,-14.415743,-11.631499,-7.485998,-12.139862,-23.020914,-19.270647,-19.141397,-16.966177,-20.400661,-19.90725,-23.49571,-21.0911,-21.082289,-23.161087,-24.317738,-22.303295,-19.084957,-22.185627,-20.41382,-9.869247,-6.986684,-12.455517,-16.292875,-12.945816,-13.707477,-7.163597,4.990029,8.978781,8.229403,3.3870664,-6.0990214,-9.848154,-13.2073555,-13.731054,-14.736893,-15.498561,-13.68287,-13.208785,-15.981857,-23.117971,-21.5547,-20.034678,-16.44892,-15.991705,-15.9733095,-12.631792,-16.842064,-24.005033,-19.091436,-19.682865,-21.37624,-10.774522,-11.76321,-20.720669,-21.064938,-22.248096,-23.135767,-24.685467,-23.97174,-24.297909,-22.825386,-22.232983,-19.422052,-17.943905,-20.166273,-19.29987,-19.845999,-18.723148,-21.535313,-22.151348,-24.263863,-30.166069,-32.66442,-27.727854,-24.024782,-25.131603,-23.1819,-14.470896,-15.268792,-22.937746,-28.669613,-25.336685,-20.336035,-3.0627742,-0.3520732,-8.338889,-19.394749,-12.648315,-0.15908766,0.19337274,-8.336266,-12.089249,-22.171345,-21.457312,-7.6786737,-4.8132734,-2.047621,-0.1278924,-6.0386286,-11.0963745,-14.086289,-2.7488902,2.8459275,8.1245365,8.1634445,1.6575065,-1.3934388,1.6787455,10.234956,8.056594,-9.246233,-11.146059,-9.721105,-6.2200775,-7.4818325,-14.047084,-13.855988,-16.013773,-16.226582,-14.911685,-17.287119,-16.608662,-2.3601463,0.37579185,-7.5101523,-7.1997924,-9.730177,-10.944623,-16.737377,-20.10342,-16.398975,-2.1695561,4.193792,-1.068531,-12.54093,-0.1754082,10.600685,8.8683,-8.565827,-9.803862,-7.851407,-8.705651,-12.108909,-13.907147,-18.784063,-2.1806114,11.21451,13.03356,5.2583814,-7.417974,-12.149744,-11.710417,-14.337497,-10.88866,-13.193933,-17.429604,-14.424252,-16.521385,-19.415821,-16.877405,-12.252209,-13.971925,-19.226755,-17.987331,-17.341764,-19.73438,-18.925018,-19.307701,-24.228615,-25.627651,-24.104801,-25.595694,-22.398302,-20.91584,-19.699791,-22.28666,-22.997808,-19.443487,-19.286364,-22.937454,-24.596691,-23.885643,-26.76502,-25.081587,-17.123793,-10.675511,-11.895694,-12.377196,-11.60709,-11.103418,-10.362995,-13.352395,-19.272783,-15.661635,-15.740928,-17.487995,-19.242218,-19.482315,-19.398922,-21.92401,-22.346857,-20.409946,-20.806248,-23.667812,-24.152431,-25.510845,-24.588099,-28.908787,-25.135044,-21.534346,-16.669107,-12.96261,-14.725398,-15.611591,-16.043276,-18.25628,-13.640793,-14.18433,-7.426545,-4.6567087,-13.65439,-15.910157,-16.896465,-21.070423,-18.701359,-19.267475,-24.976301,-20.815811,-21.115139,-17.867123,-16.278217,-16.82039,-20.373877,-17.897537,-20.326141,-23.570385,-21.5598,-8.520102,-3.9190319,-8.888446,-22.620983,-24.892332,-23.598835,-21.230804,-14.382434,-5.1241064,-4.6920776,-5.373784,-10.1069145,-24.353195,-8.198959,-3.0157866,-9.522421,-18.410275,-13.201115,-17.76693,-19.274567,-22.62459,-18.296648,-19.691788,-23.051281,-25.137619,-31.47842,-28.856281,-30.91263,-28.924526,-29.601498,-23.255173,-23.209137,-30.822674,-32.663013,-32.47399,-33.2315,-34.306957,-32.407955,-14.9810295,-11.9892235,-17.49625,-27.205784,-32.814266,-33.94658,-37.180134,-9.054795,8.83802,15.913418,17.709665,17.172144,16.252335,11.858709,0.307001,-2.2453418,-2.5085487,-2.0240195,-4.2013946,-9.889903,-9.23068,-9.039897,-10.93828,-10.9134245,-7.938809,-11.020783,-8.527979,-9.339425,-6.4441147,-3.8217032,-9.619551,-8.709802,-5.380647,-1.7460114,9.130918,12.953096,13.725382,13.609083,12.004661,5.3465123,-3.7147422,-8.668482,-6.3327336,-9.866466,-11.847682,-9.688992,-10.70339,-8.422717,-9.735447,-10.412812,-15.046878,-12.829443,-11.115521,-14.833179,-21.483727,-22.636837,-20.321442,-15.1815605,-14.823008,-19.909378,-23.7757,-15.470139,-10.776188,-14.543753,-18.332207,-20.0354,-15.5825405,-7.4465437,-2.2755036,-1.6196269,-4.8245068,-17.648664,-8.077942,0.73357433,4.7264853,4.2152805,-3.681171,-17.339218,-16.000084,-13.788172,-14.90498,-20.414783,-20.229837,-11.774053,-6.875274,3.41174,7.773204,5.7659826,-5.1210756,-12.977829,-12.885735,-17.763254,-19.95265,-19.03984,-18.155901,-20.835926,-16.443611,-18.02797,-23.923388,-21.14394,-17.609194,-21.546232,-24.197678,-23.664661,-21.237614,-23.936916,-23.322643,-24.064934,-18.350586,-8.683253,-7.4585156,-13.502559,-18.73571,-20.90081,-13.685705,-11.739567,-20.804115,-23.823893,-20.65978,-25.976221,-18.72467,-11.453249,-12.801165,-18.409454,-17.125263,-18.509813,-19.775866,-22.818806,-24.115107,-24.805906,-24.868242,-22.461884,-21.805122,-26.080313,-12.45529,-2.6945174,-0.45761067,-1.3682544,-3.2516365,-7.0733,-12.643376,-17.721298,-19.173084,-18.85481,-21.506441,-23.137444,-20.57814,-9.426432,-9.679968,-17.825745,-10.529493,-7.7778,-6.6958933,-8.020319,-10.469193,-10.647994,-16.1854,-23.973652,-28.122206,-21.225395,-18.67895,-18.056826,-13.398866,-16.353718,-29.51003,-27.050638,-28.317415,-28.950788,-28.062685,-33.61177,-33.46755,-36.08998,-30.335442,-28.96944,-35.845284,-37.299065,-41.965103,-43.14435,-40.18868,-34.722664,-36.301334,-38.88095,-34.821846,-30.86441,-24.64696,-21.969088,-21.205845,-30.32361,-37.966576,-29.532282,-24.824833,-25.58362,-18.277246,-13.607069,-18.239456,-22.784103,-8.332303,-6.4879084,-9.91311,1.5952122,5.1571465,6.219385,2.927566,-8.688519,-10.688653,-10.696855,-10.122391,-13.135186,-18.340282,-12.747737,1.5699844,3.048791,-5.7431107,-4.3408756,-3.1919262,2.7058887,3.503705,-0.9948754,0.9821754,11.5302925,11.822109,2.3888736,-3.990717,-12.258064,-13.045021,-5.5816736,-5.438816,-9.939112,-11.979664,-10.95862,-13.973561,-16.779919,-12.242979,-11.427429,-16.759119,-7.93799,-7.383996,-8.092,-4.7039247,-3.7999656,-2.3775456,-4.0503244,-4.53945,-3.5654263,-4.7004046,-6.8514423,-5.071053,-4.0428357,-8.02106,-20.440884,-21.766018,-14.819135,-10.183023,-11.560912,-10.08141,-10.379486,-14.294715,-5.8085446,-0.07644433,0.73357964,-0.19330916,-2.0239952,-4.564374,-9.536277,-21.879322,-25.036795,-20.579342,-23.31744,-29.453354,-35.169132,-28.667572,-28.943066,-33.101036,-32.259945,-32.955624,-35.275837,-32.90034,-37.78783,-29.511557,-26.400475,-27.698421,-22.267502,-23.52073,-28.556116,-29.800388,-26.975124,-20.427608,-13.317873,-15.443432,-29.80658,-29.45451,-27.689674,-29.770777,-27.642622,-19.189928,-13.420562,-13.175903,-13.562089,-13.393578,-18.509396,-20.83945,-14.818333,-16.545294,-11.843367,5.2961216,11.770142,13.186227,13.465141,11.480232,4.2019277,-0.42410862,-4.2246885,-6.252302,-5.531941,-7.472557,-9.328526,-9.167591,-10.868296,-10.702068,-8.68662,-8.332444,-9.68724,-11.805272,-14.530019,-18.75366,-15.662943,-16.168253,-14.756459,-12.045713,-14.051226,-17.828047,-17.1037,-16.235954,-13.96336,-13.516512,-15.904626,-15.5273285,-18.93005,-18.778942,-14.171293,-14.879488,-17.693642,-19.326359,-20.279093,-17.556835,-18.414982,-22.038979,-24.735195,-26.739176,-26.391,-24.446053,-25.70366,-26.015827,-25.975496,-26.956707,-26.775839,-26.442379,-30.470293,-31.833706,-14.344045,-6.129299,-4.877811,-10.492016,-7.7073784,-10.909098,-9.633771,-11.038456,-22.316296,-29.425243,-28.286898,-26.465399,-27.186665,-28.7945,-31.15287,-29.793259,-26.292923,-27.694265,-31.127308,-28.58241,-21.582588,-14.318062,-2.2754188,5.6836987,7.979693,5.686176,-2.9836025,-11.544895,-14.066982,-14.658855,-16.237852,-18.73862,-17.663782,-18.158724,-21.743357,-18.818672,-19.024405,-19.161047,-19.26983,-15.546212,-17.329895,-13.963624,-12.434753,-12.132126,-9.466068,-10.714199,-14.050989,-14.582521,-16.901258,-16.435043,-11.713179,-9.81603,-10.641687,-8.522182,-0.31401187,3.6649535,2.9048157,0.5473039,-1.6842955,-3.033998,-4.779692,-7.0292354,-9.636191,-16.611803,-12.04091,-8.981947,-9.576839,-3.4285736,8.101532,12.090775,12.8713875,11.537434,4.9665885,-8.882794,-11.756536,-6.7189,-7.3515663,-10.842609,-6.181408,-6.3739533,-10.016046,-15.446344,-14.467969,-15.345031,-15.226166,-14.205222,-17.081331,-21.35624,-22.530298,-17.80002,-16.839138,-20.22909,-24.314114,-27.977905,-24.210629,-17.811129,-15.443383,-16.79443,-19.704424,-18.031311,-13.537802,-13.214037,-15.620279,-18.530308,-26.975052,-24.753098,-24.234745,-25.729988,-26.417105,-25.802334,-23.61472,-22.203196,-22.010496,-21.871931,-22.856094,-25.307625,-25.955698,-27.435032,-29.684732,-28.157959,-19.993376,-17.617905,-19.78775,-28.154642,-29.637568,-22.757996,-22.646933,-22.308405,-25.296,-23.829018,-22.032642,-25.027859,-14.1268215,-13.432035,-22.581757,-26.823402,-10.109318,-2.4928515,-1.4855438,-2.701387,-5.7565455,-11.342301,-0.48802274,4.628255,3.6429276,-1.5621036,-12.763271,-12.934178,-11.688622,-16.111124,-17.438747,-16.69267,-15.020308,-20.610596,-27.278084,-28.346804,-23.965897,-21.397938,-21.667637,-20.465708,-18.897758,-12.690647,-9.06075,1.4806795,5.6370854,8.277109,7.2061086,-4.1851416,-10.888051,-9.970473,-13.022074,-14.318925,-18.876493,-14.943203,-12.204375,-12.237395,-16.968882,-17.288889,-15.5199795,-13.668937,-16.938433,-11.081263,-12.408856,-21.329826,-26.075855,-24.388405,-15.030203,-9.65032,-10.963683,-12.895655,-13.766786,-13.096266,-17.885586,-18.126642,-22.4246,-26.895164,-29.47321,-26.84004,-18.656448,-12.583443,-13.290977,-22.170467,-19.005375,-20.962048,-21.571674,-22.0689,-6.6716948,2.9914215,5.6394725,2.6420949,-5.1815166,-11.614727,-14.734268,-13.074059,-15.256042,-21.488598,-23.338129,-21.787605,-24.073112,-22.157227,-21.466782,-21.458595,-20.657696,-19.665026,-20.69831,-24.04336,-24.809887,-26.031513,-25.921112,-20.722996,-20.764112,-26.320824,-27.230629,-26.58447,-25.033466,-24.801046,-20.260256,-13.80459,-16.839315,-13.501534,-14.237263,-21.678879,-15.337667,-14.230099,-13.073294,-12.195111,-13.322712,-12.202462,-11.560009,-11.421783,-11.643619,-8.133145,-6.9056892,-1.6737305,-0.79003954,0.039751288,2.3810287,4.0602765,2.870269,-3.2389941,-7.961199,-11.560141,-17.571787,-20.177538,-20.112764,-18.730898,-16.593983,-16.690918,-19.606192,-17.358858,-18.908283,-24.442211,-14.986198,-8.799647,-8.835413,-9.732058,-10.816284,-7.078081,-7.3384004,-11.087737,-17.606028,-21.359043,-23.201735,-25.713432,-13.886336,-5.004245,-2.3236682,-1.8955241,-2.5976799,-7.3494487,-16.461569,-19.425426,-19.833649,-20.860218,-24.157211,-25.193365,-23.041462,-23.085768,-19.675007,-17.831362,-22.24546,-27.3544,-17.206299,-6.64206,-3.4432778,-4.2129154,-9.066583,-20.636917,-28.154879,-22.596704,-21.373936,-17.962498,-17.13989,-21.154163,-18.58194,-18.03013,-17.538307,-20.323338,-21.865854,-22.803547,-17.831564,-9.905671,-8.559672,-11.1586075,-14.930119,-17.562572,-16.631727,-15.688591,-17.290613,-11.37885,-11.189539,-14.123034,-16.71025,-18.99461,-21.2192,-19.674911,-16.09806,-14.620981,-13.295545,-14.742195,-17.881498,-19.111097,-20.906008,-15.300016,-14.433466,-19.283201,-19.479961,-19.097958,-19.635368,-17.894915,-19.81696,-24.548986,-23.538242,-20.600832,-16.405666,-17.108414,-17.431633,-17.6436,-17.874615,-16.93114,-18.325735,-19.19498,-19.371304,-19.993275,-18.691236,-18.33923,-18.156988,-19.196276,-19.859653,-20.380047,-17.400944,-17.916899,-21.404297,-19.985172,-17.362371,-14.818501,-7.903128,-10.4702015,-7.0846133,1.2287073,-1.6628256,-12.364742,-7.610859,-6.344593,-14.496075,-18.16577,-21.766539,-21.02535,-14.016804,-14.048143,-26.321356,-26.109482,-22.196255,-21.453161,-17.528008,-13.518586,-15.358077,-11.464743,-9.089326,-11.492975,-17.10878,-15.080278,-13.345723,-14.689177,-15.345483,-22.117699,-18.834484,-16.934057,-19.648827,-17.009346,-19.971584,-22.107376,-20.83894,-22.168987,-19.95322,-19.77473,-17.634293,-22.296408,-24.301767,-11.458797,-6.3217735,-1.5403256,-1.128649,-5.582257
-31.273296,-33.961266,-35.422752,-30.25836,-30.075075,-31.063463,-32.57111,-31.59442,-28.552696,-27.512897,-26.601948,-27.036898,-23.447601,-24.728334,-27.26469,-21.760143,-11.810032,-9.178392,3.5069718,12.470317,17.826258,19.64234,19.366785,20.002996,18.759682,15.347137,15.13268,14.525514,17.610764,14.296616,2.777209,-1.765129,-1.6310029,9.104718,18.08914,17.412605,13.416302,15.217571,15.850332,15.608339,7.825725,5.519437,15.231377,15.97241,13.668726,13.483995,12.790538,13.389083,12.953503,10.765884,6.419539,1.2063975,0.82688975,1.7846568,3.0822375,0.057269305,-6.5427785,3.7571502,5.7803974,6.491754,6.319728,-2.8591375,-12.02712,-11.075902,-1.110504,7.011799,6.1082726,4.5853157,-3.961792,-13.55921,-13.3923,-8.695286,3.5687318,10.032852,7.5815682,-4.957741,-12.536451,-10.431542,-10.292044,-12.265721,-7.6522303,-8.071371,-15.700971,-15.158029,-9.219284,-4.141498,-3.1925633,0.6871302,1.0708808,0.72129154,-2.8905149,-12.843029,-14.938602,-14.488667,-15.395108,-15.226623,-16.116411,-16.20806,-19.91172,-24.63721,-20.244036,-18.98362,-20.21183,-20.100214,-21.797714,-24.262451,-22.597559,-23.54492,-20.89217,-19.601032,-16.404173,-18.16162,-17.96312,4.013542,14.9889145,17.869183,14.30789,6.572964,1.0662745,-2.798132,-5.3526974,-8.143484,-8.686834,-11.642675,-13.572655,-11.9816,-14.633714,-17.738544,-14.08537,-16.420502,-17.168722,-14.248334,-13.451365,-1.7158085,0.029407626,-5.1110716,-7.5843964,-3.2300045,-8.255313,-17.544413,1.431508,8.4696665,10.12702,7.1187205,-2.2671702,-6.7145376,-9.328226,-12.174808,-16.559444,-19.359663,-17.827816,-17.511757,-18.23389,-18.326832,-16.979383,-18.96059,-21.033379,-16.337988,-12.808528,-17.88185,-19.855362,-24.170341,-25.723957,-23.039452,-25.254044,-19.056078,-15.183908,-19.007877,-21.25599,-21.526472,-16.089499,-18.35089,-23.280514,-23.484398,-23.852036,-20.853159,-16.664127,-9.659744,-6.969716,-8.649727,-18.776539,-19.53727,-21.674362,-27.69245,-22.259686,-18.042198,-15.181456,2.0730267,6.688929,0.40222016,-9.9013195,-13.30143,-11.295954,-13.812475,-13.999672,-4.455077,3.1093194,1.1306742,-3.2408772,-10.959755,-20.889812,-20.545864,-19.682346,-23.739965,-15.459228,-2.5864563,-0.33570644,-0.85597074,1.4400184,3.1852148,2.8434205,2.6788971,0.39189208,-8.105181,-9.377377,-4.869179,0.803123,1.0848342,0.2098298,-3.5227885,-11.888493,-11.706639,-1.8271761,-3.0379512,-12.289189,-14.998497,-14.334103,-16.782114,-7.7307553,-1.3252616,-3.8450165,-9.016019,-14.000294,-18.535114,-20.036114,-13.494824,-6.1800833,-9.494055,-23.37285,-21.622694,-20.975143,-19.813858,-20.147703,-23.675707,-20.973997,-22.888739,-24.78628,-23.243921,-25.291718,-23.814737,-23.482498,-23.90816,-19.22695,-17.783472,-19.80376,-20.033356,-20.056587,-18.801481,-17.572693,-17.607792,-9.9840975,-4.509739,-5.1643534,-7.3469024,-14.917931,-21.232956,-23.336279,-19.614826,-18.127571,-16.49603,-15.962513,-18.335728,-23.42785,-29.809082,-25.829237,-24.040659,-22.470673,-21.399143,-19.581436,-21.395197,-25.51836,-25.25585,-18.424442,-21.0797,-26.436356,-19.436054,-22.512852,-25.151026,-23.899366,-18.271517,-21.34985,-29.401854,-29.091902,-21.735888,-19.765732,-25.867664,-22.94949,-20.613522,-22.7162,-22.874996,-23.652824,-24.194944,-25.580341,-26.542824,-29.126358,-33.11149,-35.450184,-32.203506,-29.987669,-29.96368,-28.79665,-25.058598,-20.972149,-23.81423,-31.525074,-28.464073,-14.734502,6.732247,11.561516,5.688817,-4.1234455,-5.6509,0.47745764,0.99203575,-9.350811,-13.56027,-14.765205,-17.046215,-4.9796886,-2.5980248,-7.1079254,-7.2522287,-9.8254385,-12.320279,-21.420343,-11.336961,-2.7804556,10.858979,18.679071,17.085373,4.9033885,6.235482,13.706069,11.005765,-1.4254875,-5.921651,-7.124943,-4.476382,-5.7926674,-8.417313,-10.348467,-12.47419,-11.086465,-9.865768,-5.8876295,-3.6745155,2.6422002,4.4030027,-5.505043,-8.486742,-7.174768,-8.427466,-18.184772,-18.189993,-16.423822,0.22590382,10.325017,9.25682,0.45588386,8.2691965,15.120381,11.415072,-2.5796626,-3.2633133,-1.9389939,1.0592496,2.1988518,-3.1796167,-11.87129,-4.989689,9.475156,17.914856,19.380638,17.481634,13.3102,6.7783875,3.8244047,0.82700616,-2.2720673,-5.074132,-6.673224,-5.824234,-0.3631769,-3.2860188,-10.831087,-10.93922,-13.528079,-11.554977,-9.826937,-12.872171,-8.634756,-8.926775,-11.411824,-11.430498,-14.434771,-14.635723,-13.615707,-15.283922,-16.531933,-13.914472,-13.161984,-14.479028,-16.860884,-15.177651,-16.022505,-18.31514,-17.164785,-15.65914,-14.492382,-15.362959,-17.538616,-18.65086,-21.10266,-26.804754,-25.164162,-22.558151,-22.297852,-19.767511,-21.628502,-18.867777,-21.393183,-22.890373,-23.274878,-23.833046,-21.082289,-21.569262,-22.994484,-22.135345,-27.167929,-25.174885,-21.998665,-24.045979,-32.155388,-25.944237,-21.964533,-22.540817,-26.850403,-24.467194,-25.381145,-24.767017,-19.050194,-8.978505,0.98850477,1.6964636,-9.0197315,-17.65041,-19.335724,-23.038473,-20.963333,-21.893467,-25.539612,-22.757492,-21.0206,-21.686964,-18.545078,-15.233326,-3.7852144,1.0650424,-2.4969656,-10.787449,-5.9699965,2.1287742,4.10984,0.4725026,-12.334414,-17.469566,-18.63196,-14.942908,-2.1829913,1.4371624,-3.926404,-6.0460663,-6.500963,-16.640911,-5.356083,-1.7645779,-8.351492,-13.846157,-7.2506075,-11.324251,-20.397177,-19.875902,-16.200258,-16.98099,-20.758142,-22.644003,-30.479637,-31.435202,-28.422184,-29.083729,-26.532099,-23.024988,-21.682577,-23.669022,-27.097698,-27.646885,-30.297756,-33.408302,-33.112114,-20.78149,-13.349588,-12.924428,-22.069902,-30.816889,-33.516003,-34.123997,-11.16115,-1.3693709,-0.8784957,3.5872283,8.630023,10.164091,8.372683,7.177762,10.677206,7.954393,8.747693,9.752815,9.613954,3.5627794,-8.872589,-9.406238,-10.200462,-14.6523485,-13.926768,-11.824031,-5.786563,8.549558,13.21528,10.73859,4.931188,3.7795029,1.6651335,4.175332,5.5366907,6.866431,7.400059,7.412948,4.6226387,-5.95893,-11.049051,-12.527652,-13.175746,-14.44322,-15.915164,-14.301542,-11.030634,-10.19072,-11.116799,-15.732079,-15.210829,-13.194928,-18.390476,-22.289965,-21.71839,-23.99345,-19.671404,-15.62778,-18.898443,-21.030138,-15.952978,-7.827744,-9.055416,-17.292082,-23.04332,-20.484776,-3.7787213,-0.9043027,-3.0943048,-2.860375,-11.01013,-9.886207,-4.676978,-1.7480396,-1.166199,-6.1342087,-8.688873,-11.623243,-13.337317,-17.55656,-19.624466,-16.951262,-12.123593,-4.770091,-3.0701804,-7.8729606,-5.5641575,-9.432256,-15.365152,-19.541271,-25.157015,-22.315556,-17.540915,-19.249723,-14.575754,-10.494873,-13.723172,-16.95628,-15.358551,-10.714015,-14.87291,-23.590052,-18.494457,-14.991642,-22.300188,-23.409801,-16.176502,-11.414241,-5.6979837,-7.8453326,-12.300402,-17.671112,-19.361225,-11.954164,-11.041588,-14.763515,-8.040167,-9.725732,-15.277921,-12.147884,-8.055171,-8.478663,-17.640846,-20.146603,-25.410343,-24.1407,-21.863129,-24.653423,-26.234758,-25.571182,-22.991005,-24.275806,-27.039633,-17.769514,-10.486331,-8.844801,-9.393912,-10.581583,-13.631289,-18.019676,-20.862633,-24.130634,-24.771248,-27.907955,-22.942236,-11.67817,-6.394129,-10.891136,-20.757309,-11.468621,-9.458603,-10.34895,-16.2046,-13.952078,-8.2186165,-10.737182,-8.644435,-8.632242,-15.610624,-19.978117,-14.242613,-8.379165,-14.074613,-25.314768,-25.39746,-28.730568,-28.527267,-28.515902,-28.610489,-32.40067,-34.996555,-34.823105,-33.37266,-36.864246,-34.683784,-33.143173,-34.33552,-37.231133,-33.34045,-34.916504,-39.074966,-36.536476,-30.732412,-29.127071,-25.394575,-23.714314,-26.331772,-30.25381,-27.094687,-20.653866,-23.540241,-21.736927,-18.107569,-18.70495,-19.858803,-5.9378004,-3.649816,-10.879784,-4.9765964,-1.9139395,10.879093,17.742474,17.470465,13.562725,10.705063,3.3760552,-3.292822,-6.0199094,-10.577356,5.8176546,9.183697,1.4677892,-1.46311,-3.4159055,4.6724997,14.751029,15.35914,18.02941,20.4524,16.003485,3.2156014,1.4538505,-1.899363,-5.3093386,-0.0117736105,-2.3437712,-8.118208,-8.642698,-8.267035,-10.082627,-13.636946,-6.836379,-7.6092744,-12.105346,-7.9466696,-4.3663173,-5.583948,-4.700549,-3.595037,-2.0609937,-5.788534,-6.5281925,-5.6739054,-7.2665586,-8.527128,-6.370902,-7.6816444,-9.095651,-11.4114275,-15.6546,-16.352999,-10.389223,-9.853314,-17.285069,-18.00935,-17.951008,-9.623614,-6.2384753,-6.226448,-6.50128,-8.566773,-11.236406,-15.553057,-21.123104,-23.265411,-22.683952,-20.57657,-21.980383,-24.362295,-22.14732,-20.346745,-20.563705,-21.049147,-26.016037,-25.95311,-24.087866,-22.419647,-26.139446,-28.769741,-16.018265,-8.415485,-11.887952,-27.175163,-26.026989,-21.745691,-15.702577,-6.763134,-8.857296,-22.868307,-22.388115,-19.762283,-25.938427,-27.56569,-18.425985,-13.4336605,-13.854495,-9.7311945,-9.697143,-14.56674,-19.262945,-21.01043,-20.211319,-10.709551,4.156247,9.560524,10.76104,10.154455,7.2604427,2.1749463,-3.001844,-8.722865,-10.105768,-9.483184,-10.411774,-11.435557,-12.319865,-14.422269,-13.102349,-11.392898,-11.507254,-12.904221,-14.425063,-18.03091,-20.708992,-19.664095,-19.364258,-17.160223,-15.663895,-18.577179,-21.555853,-21.85551,-19.590298,-17.305157,-17.667177,-18.604881,-16.509089,-17.635038,-18.870426,-16.189217,-15.535679,-18.903788,-23.075657,-22.702322,-20.176668,-19.866755,-23.009117,-26.253078,-26.414392,-28.21699,-27.261822,-26.754322,-27.318983,-27.882326,-28.87904,-28.718891,-30.237856,-32.187035,-33.482372,-20.880924,-11.596716,-12.9942465,-14.479728,-5.870695,-6.785984,-9.5658245,-12.689226,-23.216303,-28.41736,-26.707535,-27.952866,-30.225077,-29.101507,-26.444529,-23.100069,-24.81018,-27.314665,-29.844305,-20.533895,-10.619265,-6.9145274,-5.7059164,-0.53683305,-2.0462294,-6.5330887,-8.58384,-14.872656,-17.95012,-21.56788,-22.822815,-27.009586,-27.360004,-29.685184,-31.31899,-23.942282,-18.5548,-19.723522,-20.646664,-22.51162,-15.46336,-11.203411,-14.345896,-18.564451,-16.153658,-15.330311,-16.207449,-16.416061,-17.191488,-15.37107,-17.056461,-17.647583,-14.862659,-12.215338,-7.5462155,-4.422848,-2.8004262,0.04477068,-1.1779668,-7.712431,-9.265945,-9.187771,-12.843627,-14.024249,-14.678024,-14.883522,-18.013271,-11.63257,-0.12943147,3.493872,5.1885204,6.336276,1.2666483,-14.153755,-14.784937,-13.79388,-14.177833,-12.291819,-10.788376,-12.840876,-18.129854,-18.48509,-16.759375,-20.151155,-19.90665,-18.307417,-21.254902,-23.69848,-27.67218,-25.931513,-23.281525,-23.600353,-22.749178,-26.17472,-27.467178,-25.408667,-22.341702,-23.784086,-25.26674,-24.844318,-21.316708,-20.659367,-20.906153,-20.443516,-28.812843,-28.401447,-27.475521,-30.997992,-31.895782,-30.27194,-29.150387,-29.30405,-29.923168,-31.555069,-29.835827,-31.474102,-32.72429,-33.812683,-36.12981,-32.96277,-26.501177,-25.67754,-26.257475,-32.92098,-25.618282,-15.943014,-15.268099,-21.40121,-29.44443,-21.289728,-20.538883,-23.515484,-12.496717,-12.740712,-22.774956,-23.454998,-10.722799,-6.323744,-6.73593,-7.2356606,-9.346456,-12.808371,-7.604678,-5.396602,-11.027548,-14.209414,-19.688591,-10.745753,-6.4449787,-10.190606,-13.003274,-15.2696495,-15.831999,-20.451912,-24.618652,-23.841766,-26.173347,-30.080711,-27.695461,-26.746313,-22.733374,-16.459217,-12.328826,-11.393831,0.027575567,12.159325,13.88135,6.1232333,2.406557,1.1632959,-7.735963,-16.121008,-12.714869,-8.941395,-9.937348,-10.681793,-14.315107,-14.601759,-13.89105,-13.121841,-16.939615,-8.7929735,-9.035991,-19.484488,-21.963345,-18.619694,-15.053454,-15.842928,-13.9641075,-13.678527,-16.664898,-15.755686,-17.607634,-19.949942,-25.348793,-28.533613,-31.758335,-23.885292,-20.387245,-16.848413,-16.45396,-21.4474,-24.472157,-22.263887,-13.096781,-6.191374,-5.039,-4.1339245,-2.9669821,-2.3518403,-6.1261835,-15.361074,-20.060644,-20.272655,-21.183271,-24.32519,-29.037518,-27.595167,-25.982754,-25.871305,-24.932138,-25.150183,-24.264439,-19.360176,-18.014076,-19.19826,-19.80013,-19.487566,-22.398367,-24.184978,-25.663902,-25.593176,-25.454956,-24.571093,-24.414186,-23.727777,-22.687292,-18.416988,-21.648338,-19.86042,-14.128542,-12.696429,-11.971443,-13.417834,-15.283822,-19.883095,-20.149303,-19.778248,-18.8195,-15.54741,-14.677819,-14.350921,-9.725511,-5.057903,-3.5461724,-3.9322603,-4.240156,-6.840522,-12.087904,-15.5323515,-16.360306,-18.494259,-22.307228,-27.958258,-27.947252,-26.899443,-23.333954,-21.586826,-23.428488,-21.9452,-23.155209,-23.752678,-20.239725,-14.736871,-13.215856,-14.49737,-12.089969,-5.9327865,-8.566205,-8.167394,-11.831828,-22.526703,-19.926424,-16.327034,-14.369106,-11.154024,-9.841024,-9.726437,-10.156435,-13.653192,-19.622921,-20.301552,-16.713797,-16.404396,-18.617321,-19.912178,-19.634758,-19.478443,-20.052063,-21.640146,-25.482513,-29.628654,-20.58326,-13.511962,-11.546484,-11.729914,-15.299999,-25.452745,-32.00707,-30.78747,-26.982376,-18.986456,-18.402079,-25.179491,-24.943525,-21.188477,-22.590876,-23.605637,-23.169401,-21.537664,-20.012814,-18.750551,-14.66478,-13.363028,-14.517135,-15.959568,-16.264486,-17.855145,-21.562775,-19.654879,-18.131687,-17.325552,-18.52979,-20.2666,-20.529821,-18.201372,-16.058773,-14.425905,-14.346376,-17.74874,-20.735216,-21.949497,-22.434856,-16.308764,-15.379709,-20.523304,-16.354738,-14.818048,-18.42023,-16.559464,-19.681679,-22.618258,-19.77445,-18.385874,-14.833075,-16.265804,-19.952084,-19.93856,-17.754446,-17.886583,-19.806492,-22.206213,-19.602537,-20.434992,-20.260239,-17.0051,-18.481848,-16.170004,-16.761808,-21.9516,-16.105078,-13.764975,-14.310727,-19.718882,-20.042322,-16.951485,-14.297471,-15.372125,0.69306827,13.584643,15.218039,10.326581,10.172562,7.685125,-3.9289868,-7.742242,-6.1143756,-10.338917,-11.424786,-8.430841,-12.597045,-12.742809,-10.243884,-13.144705,-23.419514,-21.421444,-16.383562,-14.625013,-13.820771,-14.735462,-13.601075,-20.199125,-16.686123,-15.057646,-13.669617,-11.966206,-15.496669,-16.83868,-9.358492,-10.471011,-15.018449,-21.247957,-20.577528,-18.796074,-19.366888,-13.451811,-10.978051,-13.198339,-19.723886,-18.381502,-10.239021,0.7970493,0.11691241,-0.42905852
-20.487967,-23.92707,-28.030811,-28.138004,-29.411957,-28.073614,-32.665344,-31.68152,-32.839607,-30.210733,-28.691334,-26.655392,-23.463003,-23.017046,-23.805597,-23.379234,-17.624294,-17.789165,-21.26199,-11.036461,-0.62570775,7.029809,13.216661,19.738491,23.344038,24.87318,25.768597,25.370024,23.82931,17.492857,8.222517,4.527357,3.2458282,10.9291935,20.239758,23.506975,24.55964,24.806795,24.081347,20.989742,11.293569,6.446594,16.86987,20.499756,21.91615,22.97703,23.252756,23.506767,23.194714,22.361835,20.916084,18.881546,17.73325,17.222956,15.388965,9.476391,6.583855,5.478978,3.454006,5.7388115,6.897538,2.7557876,-5.6469293,-2.2316678,0.13952446,1.8447548,-0.5539436,4.2105765,-0.24108326,-8.158337,-7.1142745,-6.94648,-7.01107,1.5894836,5.060169,-1.2714828,-11.322334,-8.041008,-6.1516066,-9.394825,-8.387253,-8.024107,-9.734245,-9.6734915,1.727644,4.451948,-2.2711012,-9.31032,-10.44565,-13.369922,-13.862045,-16.653238,-16.63036,-18.667105,-12.277764,-9.523187,-9.887935,-10.715638,-13.603504,-20.849773,-29.111212,-26.19022,-26.071827,-24.34743,-21.80321,-17.144468,-17.99526,-22.23449,-20.972929,-20.36174,-18.8928,-18.737513,-20.419283,-2.0096514,6.72398,13.377332,15.22005,9.543071,0.88377225,-0.014977273,-4.7684464,-6.1874647,-3.1226435,-1.8567414,-1.6510283,-2.215628,-4.770838,-11.368251,-14.371028,-15.494013,-16.387064,-17.894926,-8.9764595,6.291089,12.068008,12.444011,10.657707,6.9412904,0.64564097,0.34307265,5.0188994,11.84101,12.959873,9.243459,-1.5876423,-5.185261,-9.82676,-10.996996,-13.025132,-19.915762,-13.991558,-11.161114,-10.470272,-12.204481,-11.959986,-15.473208,-18.448477,-17.686703,-17.747734,-19.705238,-18.847178,-25.57079,-27.401686,-24.290113,-20.61804,-21.806904,-20.812366,-20.274467,-19.19245,-13.11727,-10.205519,-11.131245,-10.240425,-15.137644,-14.340227,-14.170226,-17.735313,-16.519474,-14.024061,-13.997709,-16.673447,-17.908154,-17.895056,-21.498268,-22.02306,-19.638739,-8.082431,6.820141,13.317252,13.48165,10.387384,6.8126297,3.419442,-0.5748293,-4.9168754,-2.0395203,7.9242535,10.087224,6.0248065,-3.2795546,-7.1876073,-9.715189,-13.781874,-13.070175,-6.1156774,-4.534923,-7.6636324,-13.940105,-14.093686,-16.40896,-20.545708,-19.871183,-19.458096,-20.831984,-23.944313,-21.96238,-19.295671,-19.567135,-14.779731,-14.780043,-15.445047,-16.130808,-10.068984,-9.094892,-9.321651,-10.522974,-13.950541,-15.817428,-19.06436,-8.830844,-8.68758,-15.774715,-14.682182,-13.780724,-14.057073,-11.884023,-9.585143,-10.712119,-15.08066,-20.459196,-22.433817,-18.190079,-21.857729,-25.346111,-23.691307,-28.654757,-26.569288,-25.894434,-26.220661,-24.744633,-26.471207,-23.67812,-26.139898,-31.472178,-28.287146,-21.37885,-18.628233,-15.958092,-21.34633,-21.453306,-11.54369,-8.743635,-12.535819,-11.395616,-16.556787,-22.64725,-26.567482,-24.61255,-23.052773,-21.595915,-23.421638,-24.369642,-26.336964,-34.47513,-35.748383,-30.028124,-27.90445,-27.656837,-25.76518,-26.379627,-28.858284,-18.998444,-10.751394,-13.8281355,-22.783804,-20.736483,-26.35639,-28.635414,-22.547342,-15.893449,-17.88387,-26.426153,-31.36105,-26.09154,-24.884243,-26.486666,-27.119102,-28.413116,-33.967922,-35.928196,-32.515915,-29.446991,-32.025627,-33.84256,-35.098305,-35.87084,-33.964375,-36.493423,-41.3233,-35.64671,-35.02071,-26.585257,-24.759254,-27.2406,-32.08839,-31.445793,-13.662071,5.1965847,13.175778,13.703779,10.218302,10.113507,8.60206,1.3855737,-5.8158846,-5.7613664,-4.8244076,-7.429745,-1.5159545,0.59075737,-7.631393,-9.136614,-10.769816,-9.386953,-9.949972,-9.9741745,-9.912291,6.5687227,17.51614,21.756634,21.948559,21.145359,19.831781,10.92709,5.7563586,3.6572444,-0.8981674,-3.837948,-0.63889015,2.896535,1.419397,-4.9800625,-3.9014378,2.004441,8.656363,13.23758,13.304478,7.218988,-1.7843096,0.78101945,-0.456963,-5.709321,-10.585512,-7.711701,-8.384057,-2.0829399,11.718516,14.780073,11.871307,13.226067,13.4021225,5.6420226,-2.1882446,-3.3306603,-2.9659126,-3.3499205,-0.9389996,-2.7325797,-6.199958,-4.2898006,4.3033543,11.134204,16.23739,17.76724,17.442831,17.308014,15.98936,13.276394,11.737907,12.100715,12.536627,12.501588,13.013114,12.000328,9.954603,9.748848,9.578604,9.443416,9.291207,8.058394,7.627854,6.8996925,5.8473277,4.8307223,4.8324547,5.4262257,4.4053283,4.368006,4.084316,4.4507294,4.27404,5.0998693,6.157618,6.221151,6.2903547,6.2996535,6.924372,6.909757,6.5159936,6.6200085,6.971366,7.333336,7.1934433,6.652809,6.7102556,6.844675,7.0499177,6.942496,6.4568877,6.4059343,6.6884584,6.272648,6.055997,6.229735,6.548313,6.621457,6.310053,5.695633,5.155117,5.3575487,6.0133705,5.98778,5.8289523,5.6816645,5.4549723,5.414981,5.6832404,5.712359,5.948447,5.8659544,6.0571246,7.106081,7.2501698,3.0639892,-3.3075988,-7.807435,-14.87975,-13.740368,-10.533739,-9.094731,-9.916597,-12.1216955,-16.470573,-19.265177,-16.47228,-13.696295,-4.277457,1.205963,0.8019769,-0.053729605,2.925418,1.5728933,-2.4688787,1.0517635,0.7532526,-0.51116174,-2.8559067,-2.9136596,-0.18524203,-2.3574655,-10.7152605,-8.1606,-6.6126747,-12.055649,-7.6058054,-8.778271,-16.377573,-13.704147,-3.2921643,-4.043794,-15.208192,-21.177586,-19.132889,-18.399937,-21.732256,-24.665945,-29.465363,-25.45055,-24.564104,-28.937359,-26.436954,-23.514261,-22.075119,-22.553713,-26.722237,-35.233223,-32.178806,-27.714718,-28.299229,-19.766329,-14.802576,-16.835531,-21.556946,-28.329546,-31.20985,-33.9708,-17.59515,-4.9825616,-5.5141425,-16.627316,-16.846577,-13.2283745,-4.4301496,7.743924,15.434446,17.78713,18.99121,19.584452,18.173702,11.371609,2.1143107,1.3106793,-0.241413,-6.61763,-14.635816,-13.272892,-1.6146928,10.327249,15.761603,17.653162,17.731684,13.792812,6.695389,3.0094764,-1.9588537,-8.052102,-10.529629,-3.0022275,-2.9755137,-8.654891,-6.0655427,-7.350344,-7.9917407,-5.63984,-11.870689,-13.964701,-6.068798,-6.610703,-9.299376,-14.675005,-14.173099,-14.256019,-15.033997,-18.436783,-20.593576,-17.490736,-15.6137085,-14.0983925,-9.866494,-8.952478,-2.6985173,4.165327,1.7472208,-11.088661,-13.693483,-9.163154,0.4125816,0.43343592,-5.2180824,-3.6107903,-9.029135,-10.331584,-15.08522,-14.964085,-6.637909,-1.7488031,-1.3036143,-2.74148,-4.087218,-7.862769,-11.922077,-5.498509,2.1314356,1.8916073,-2.7311125,-8.239159,-10.205484,-14.210128,-14.2387495,-13.737778,-18.791977,-12.540823,-6.2574377,-5.4745855,-2.798984,1.911406,-3.2996154,-14.01462,-8.495201,-4.6734424,-1.3980424,-0.26409698,0.27844366,-3.7862885,-16.366863,-16.011822,-12.126708,-1.841511,4.6562443,0.701908,-9.781578,-12.061331,-5.855813,-2.9818096,-9.846472,-8.563116,1.966136,5.258193,4.552688,3.0006816,-0.3789237,-6.4594975,-10.4419,-14.393087,-18.916159,-14.64011,-12.018763,-13.3847475,-17.959991,-21.114864,-21.218508,-26.74702,-26.88051,-17.89172,-16.829145,-21.517128,-25.935364,-21.680187,-20.847414,-23.792583,-27.22639,-24.624153,-22.601978,-23.889467,-22.82841,-8.577459,-6.2117662,-14.426477,-23.532887,-20.13681,-21.463844,-21.650183,-23.64473,-18.488026,-5.9501815,-0.19469397,2.2188356,2.127294,-0.6537538,0.31904295,1.233459,-1.1474223,-7.53885,-7.497489,-9.561824,-11.070027,-9.112227,-10.44366,-14.085735,-16.587885,-20.830914,-21.853897,-22.989384,-19.638847,-14.827824,-14.786629,-19.21692,-17.855228,-16.283659,-17.305773,-22.879272,-24.645233,-18.510569,-16.455795,-18.347462,-16.748722,-15.397457,-19.842024,-21.609106,-12.316975,-11.857976,-18.642933,-15.302154,-15.046818,-16.405209,-3.5651517,-2.3828902,-12.819318,-12.500459,-9.385173,12.15877,19.851572,22.215702,23.277845,23.580893,22.169186,20.178778,19.15196,19.919682,19.178474,14.461607,4.7384133,1.5813501,2.3059092,7.7650204,17.689625,21.18497,20.988531,17.45384,10.67169,6.6027503,2.2422574,-1.1496844,4.6744986,5.3375883,1.3974764,-1.5162547,-4.1134014,-4.1259747,-8.033482,-7.457259,-5.8646035,-5.742445,-3.6847317,-2.3013182,-4.574203,-6.411277,-7.797191,-9.692838,-6.333422,-8.151667,-9.535102,-11.059489,-9.163025,-7.1615844,-3.0951195,-5.380616,-6.53408,-7.15015,-13.574672,-15.972514,-5.5324593,-3.154023,-8.989323,-5.1602354,-1.73284,-3.3441496,-9.708925,-8.52495,-13.251118,-19.595076,-17.946941,-15.614129,-15.000494,-15.27679,-20.01052,-16.078972,-18.356846,-20.61696,-19.217052,-16.18718,-15.892178,-17.888893,-23.62233,-24.823395,-19.419878,-18.350712,-23.839094,-23.94344,-5.6667557,4.6072445,2.7892556,-8.776228,-11.196543,-13.220324,-11.585697,-3.8170304,-6.3617125,-19.458946,-19.289795,-16.806377,-20.76767,-24.886606,-19.85769,-16.28625,-16.974209,-14.573106,-17.465816,-21.729527,-20.654383,-19.94736,-18.808485,-17.0805,-12.857245,-15.084371,-19.59053,-18.082657,-15.53348,-14.373675,-12.23899,-12.485626,-14.742601,-14.494494,-15.270687,-18.364216,-20.86815,-16.478296,-14.138283,-17.175907,-14.571972,-15.853458,-21.797104,-20.588211,-20.70958,-24.57167,-23.932364,-20.187553,-22.179256,-30.22287,-23.376207,-21.250427,-24.084976,-23.978958,-21.636898,-11.243265,-8.895582,-10.456213,-5.6137133,-4.103037,-8.446021,-7.123778,-5.183349,-9.105915,-12.598013,-13.725117,-18.187624,-20.698149,-24.239885,-27.533247,-25.148819,-23.475925,-24.196394,-23.22887,-22.512196,-26.101173,-24.089775,-26.330164,-29.520493,-22.131422,-12.894825,-10.961762,-14.839069,-10.682386,-14.755469,-15.979212,-16.259064,-22.919548,-29.54189,-28.888653,-27.792387,-27.42466,-24.789059,-18.774963,-18.459576,-25.83548,-24.925972,-26.831873,-8.984575,2.3732643,4.031392,-3.2439752,-10.076078,-13.312895,-14.218651,-16.971718,-19.20095,-16.513084,-20.295238,-22.180428,-19.040598,-21.572624,-23.659647,-21.424686,-16.437075,-7.9108834,-5.614192,-8.027155,-12.253343,-13.8947525,-16.33549,-24.841452,-19.572472,-4.6654534,3.5386662,6.6161017,7.5907316,6.889274,2.905773,-4.110363,-8.542711,-12.887579,-15.730952,-16.478474,-17.552322,-13.047151,-6.512565,-4.085525,-9.135526,-10.4122505,-10.559312,-13.283901,-13.948459,-16.40224,-20.326073,-21.573574,-20.106972,-15.015903,-14.23947,-17.067347,-8.466678,-7.8349676,-19.881416,-19.127598,-21.39596,-23.272999,-16.673334,-15.27423,-20.150347,-20.72403,-16.975842,-18.362907,-25.785658,-31.052444,-26.145374,-26.637194,-31.052553,-31.35523,-29.970669,-33.493156,-26.859701,-18.746918,-18.249838,-22.66756,-22.520658,-20.661905,-22.723797,-24.029747,-25.354815,-28.924927,-29.288078,-26.79288,-26.457098,-29.977306,-31.92795,-38.66202,-40.63032,-38.729202,-40.6468,-44.06607,-40.604767,-38.92424,-42.23741,-42.17506,-38.845036,-38.54584,-46.83826,-46.329994,-36.239136,-26.800098,-25.388706,-24.551966,-29.379436,-18.440596,-8.514506,-8.844148,-17.263973,-22.943462,-18.10631,-16.674284,-23.276714,-16.730518,-16.818302,-26.967928,-21.803255,-14.248085,-15.586451,-14.877683,-13.650709,-14.998483,-16.875645,-10.040933,-5.334408,-5.1387157,-9.783364,-18.712284,-15.490015,-14.014558,-20.66922,-25.72775,-21.440704,-17.605265,-19.857908,-18.842852,-16.986988,-20.648663,-25.650557,-22.582989,-21.16739,-21.224533,-22.1386,-15.845956,-12.720574,-5.554473,4.0679693,11.846404,13.37803,12.843809,7.805147,-3.4758358,-10.201573,-10.322557,-8.107316,-7.3468776,-5.281683,-7.2241154,-6.753528,-6.2619834,-11.415605,-9.339093,-6.70673,-10.334253,-18.875572,-19.691631,-17.287804,-16.580912,-20.932638,-21.195892,-22.25191,-21.259365,-20.40435,-18.329128,-19.951416,-24.764175,-28.114845,-27.89396,-23.582361,-25.685627,-25.174276,-23.979063,-23.231743,-24.730934,-9.911525,-4.559285,-5.0278215,-9.828274,-16.566513,-16.966324,-16.288168,-17.311926,-22.329514,-22.18301,-23.527927,-25.029308,-32.040794,-37.457623,-36.145294,-30.426939,-23.28012,-22.36516,-27.153875,-22.209246,-15.763878,-12.230969,-12.078352,-12.084192,-12.458457,-13.602688,-15.979012,-16.992882,-16.552479,-17.187227,-16.885603,-17.656225,-18.286963,-20.333052,-22.71221,-26.736479,-21.630032,-16.82937,-14.981716,-12.24531,-11.669998,-20.060993,-25.779562,-24.88735,-23.428772,-19.229334,-19.108574,-20.661972,-23.946026,-22.834988,-22.1788,-23.15858,-24.917402,-28.426563,-29.45166,-24.007692,-21.392223,-17.387827,-20.7782,-23.738146,-26.8277,-29.133223,-33.536774,-23.443108,-18.326294,-22.75366,-33.142895,-14.576053,-8.736176,-11.22677,-17.591892,-25.002285,-28.773685,-12.173957,-5.3505373,-4.49792,4.072526,5.7949343,3.932264,1.3301239,-2.5984433,-4.8975286,-11.88455,-21.19336,-24.692913,-22.89352,-22.180117,-21.621277,-17.736193,-14.502329,-13.487837,-14.311595,-14.585923,-15.902101,-15.113654,-20.065376,-24.716976,-26.154596,-27.765703,-24.242943,-21.590267,-26.472311,-29.4715,-28.467434,-35.31015,-38.68293,-35.97503,-32.092644,-19.249884,-14.592274,-12.653368,-17.003963,-20.110737,-19.399616,-20.52892,-20.0924,-18.248419,-21.242512,-16.469618,-16.938532,-17.78029,-22.343441,-21.321808,-21.51379,-21.223585,-23.959267,-14.550875,-8.579665,-7.9249735,-7.9127045,-9.959175,-19.05193,-22.609901,-18.87293,-17.661991,-19.739136,-24.446447,-19.010565,-15.629936,-16.111528,-17.779737,-19.012468,-17.798313,-17.056059,-15.563219,-17.641216,-13.433236,-16.424759,-20.334831,-16.846336,-17.89471,-20.769028,-24.46011,-19.395895,-21.508411,-20.351126,-19.611393,-18.883078,-18.721188,-18.119791,-12.584173,-10.327659,-10.048138,-12.371936,-11.327047,-10.701379,-13.114768,-9.425789,-8.20354,-13.092056,-14.280423,-11.076041,-9.08018,-9.366957,-10.611574,1.1649088,13.34259,18.42343,19.670261,18.58652,11.98062,3.2780635,1.486856,-1.5715337,-4.690767,-4.3788867,-7.3607225,-8.147129,-3.3327951,-3.4949098,-9.080427,-12.111008,-11.64854,-15.025331,-13.031778,-8.839093,-7.7506275,-10.92042,-17.577538,-8.353836,-2.9099088,-4.044174,-6.533078,-8.8207855,-11.799175,-2.686899,2.9425428,4.3036847,4.310487,4.084759,3.6825087,3.1246743,4.7994485,6.5814524,5.024628,1.6494493,-1.153041,-2.5318828,0.20688824,-3.6524162,-1.132955
-27.083195,-26.670492,-29.681244,-31.450912,-31.696737,-31.95533,-33.187405,-33.905483,-35.30732,-31.238565,-30.670889,-26.818428,-23.151037,-22.83152,-24.04711,-24.091919,-22.91191,-21.563595,-19.40276,-18.483694,-17.957232,-13.666643,-9.546302,0.27818534,7.0108647,11.614691,13.916875,13.374165,10.891328,5.913615,-1.6532416,-4.1484776,-7.024653,1.1438011,4.0470243,9.368696,12.718514,11.446243,9.818581,9.065254,1.8451242,-1.811379,0.15915005,2.240695,6.9387703,9.388802,10.1214485,10.422439,10.093903,10.8653145,11.82005,10.612559,9.20964,8.591383,7.1200266,4.288811,2.6982486,0.3176087,-4.901951,-3.3423343,4.4264836,4.2612286,-2.527669,-3.887608,-3.7206807,-6.018428,-8.129472,0.124235444,-1.9758239,-15.145841,-16.15497,-15.861936,-17.218616,-6.0777626,0.47889337,-1.6568356,-11.941713,-16.957369,-14.447948,-13.357946,-8.870377,-8.221431,-16.520864,-11.74959,-3.3763237,-1.2996997,-6.18479,-12.649092,-10.643197,-16.036167,-16.544828,-19.075182,-22.393536,-26.021368,-19.887493,-18.796669,-23.787537,-23.813417,-22.692715,-24.96487,-28.212946,-24.884865,-25.806683,-26.742657,-27.096426,-21.397007,-19.36427,-18.55775,-14.068008,-18.115936,-24.095448,-24.925507,-21.114614,-19.554756,-16.990631,-5.842111,-1.0263895,-4.5522346,-5.3291945,2.6619072,-0.41372314,-8.597658,-8.208815,-6.612647,-6.1824255,-7.082052,-9.824194,-15.150166,-18.974815,-20.711012,-23.913204,-21.952307,-7.374585,0.4269281,4.4065056,5.557478,4.4269867,2.676884,-1.6009297,-3.3122442,-4.0398474,-4.828883,-6.1712837,-0.93625426,-3.8343096,-10.443336,-13.988735,-16.799318,-19.819067,-23.038904,-23.86608,-24.640284,-21.437656,-21.012867,-21.683662,-25.138866,-23.801014,-22.04114,-23.17171,-26.429062,-27.638159,-27.791714,-25.75711,-14.105755,-10.24618,-16.101088,-23.893223,-24.724901,-23.04858,-14.161606,-6.5541453,-7.8252225,-13.238796,-17.36822,-13.755976,-12.743312,-13.957877,-15.641924,-15.7066345,-14.757071,-17.540817,-17.682789,-20.438889,-22.235899,-23.965057,-22.7626,-16.090816,-4.652948,3.031007,6.807276,6.16566,4.3320174,3.2566519,-2.374512,-10.396739,-10.39609,-3.2433257,0.43482822,-0.2957879,-8.312082,-14.082935,-15.860157,-18.060743,-12.856274,-8.841566,-7.080262,-10.699311,-16.391085,-14.429498,-17.151287,-19.361614,-20.576706,-23.665083,-24.391106,-27.99028,-24.172657,-23.363674,-28.168606,-26.49208,-24.900091,-19.680445,-15.9909115,-15.809658,-12.410175,-10.517599,-12.245892,-15.04582,-18.43651,-22.661827,-20.43932,-17.165615,-16.87451,-15.9493885,-14.505198,-13.342801,-13.444744,-17.378353,-18.101313,-19.095581,-27.64888,-21.327396,-16.355188,-21.983664,-26.485111,-25.709772,-27.344217,-25.600683,-29.898775,-29.919464,-28.508871,-27.312992,-25.913452,-30.391792,-31.19455,-27.71144,-26.950188,-18.037899,-12.677389,-15.300279,-18.861403,-14.981408,-10.876101,-12.734312,-13.855595,-17.811684,-23.11593,-29.176277,-28.01445,-23.504736,-21.90201,-22.6774,-20.808105,-23.323605,-27.888668,-35.2278,-29.858082,-27.749765,-26.285263,-27.643703,-29.809816,-29.981823,-16.054375,-8.533865,-12.605291,-23.466063,-21.94273,-27.859476,-29.782143,-21.099977,-16.08381,-20.519585,-34.915672,-34.64225,-31.945238,-26.218227,-25.377962,-27.099962,-25.85018,-29.306248,-38.10142,-31.839115,-30.059378,-30.813477,-34.090797,-36.61673,-34.634335,-33.31944,-36.118244,-36.459248,-36.17154,-32.83288,-24.205742,-24.360798,-29.700459,-36.23483,-32.361923,-17.504375,-6.9271574,2.4439354,7.9527817,9.123856,10.789508,9.000846,-0.66476583,2.6031325,4.7123494,-2.013945,-6.9196815,2.4333029,4.7842317,-4.7251754,-12.391381,-14.1247,-11.69031,-10.263432,-10.610052,-11.001625,3.4540713,7.441714,12.502755,18.043573,18.997423,15.984278,7.0781965,-0.6198509,-1.8762649,-3.4623117,8.69802,12.759031,7.8052588,-0.78122306,-4.7325125,-1.8548448,5.3955703,6.610095,8.256638,8.071716,2.6584651,-5.799131,-4.4040737,-5.7812767,-8.384546,-10.645256,-10.810425,-10.929547,-8.609548,0.71817046,6.422324,8.938275,7.3103695,0.92202044,-7.680779,-9.869549,-12.389717,-14.849892,-12.62065,-13.363255,-4.6081023,-3.1512654,-4.800971,2.796908,2.46991,-5.820208,-7.2139874,0.38300008,6.6637278,9.238832,9.027546,8.30426,8.203127,7.287837,5.6409473,4.157062,4.8887935,5.0639844,4.869455,5.1826725,5.0484304,4.2597322,2.71694,1.3743912,1.8634689,2.6875887,1.9912745,1.4503993,1.695,0.9209007,0.24263732,0.7734955,1.3988569,1.7461294,1.944825,2.625358,3.261585,3.8016949,4.144517,4.367106,3.959701,3.5451589,3.6419008,3.7727091,3.539065,3.3266068,3.2170322,3.6052406,4.310823,4.474817,4.1184525,3.9240623,3.778573,3.2382956,2.7987933,2.8924415,3.110508,3.242071,3.0841231,2.300129,1.6435359,1.8498284,2.4393573,3.0112457,2.9484031,2.5288377,2.6353848,3.0060406,3.2366216,3.2096884,3.2389655,3.255817,2.903001,1.7464982,-0.21591589,-3.4552426,-6.9743085,-8.94553,-11.829476,-17.9442,-18.335415,-14.497542,-13.487278,-14.123461,-15.65877,-18.744385,-18.151848,-16.234806,-11.781348,-13.729543,-9.001009,-1.6196434,-1.5674202,-4.657394,-13.072619,-14.159274,-6.2964163,-5.644556,-4.827326,-1.7200003,-3.1609428,-8.501991,-19.402863,-24.344559,-13.0735,-6.9894915,-10.203663,-15.204954,-16.67822,-20.97923,-20.739586,-7.6621895,-6.144561,-12.473625,-20.973946,-21.903816,-20.792408,-22.525803,-26.8958,-28.243366,-30.003517,-30.463055,-33.32413,-34.78804,-24.6888,-22.958506,-25.840282,-28.512508,-35.09289,-30.091793,-32.64508,-34.74973,-19.34268,-17.928516,-21.77628,-25.987484,-28.944948,-33.238636,-35.95608,-20.941141,-10.985442,-12.524738,-19.124907,-19.761484,-19.919132,-14.222782,-2.547027,4.1021824,6.1378517,6.1988063,6.6221695,7.1782665,2.124274,-7.841816,-6.4207597,-8.341774,-13.422853,-16.333906,-15.273114,-12.026667,-3.0048838,-2.165535,5.4859233,9.758104,9.042658,7.427528,1.3004498,-6.0520144,-8.649591,-13.748186,-9.805113,-9.281079,-16.247375,-14.79618,-12.792067,-12.832006,-11.766814,-16.075228,-2.8589332,7.2366953,5.3407807,-8.707321,-11.937454,-12.322441,-15.388278,-15.461771,-12.85601,-16.148111,-13.785326,-13.722838,-18.156288,-11.441421,-8.934019,5.874914,8.470785,2.90257,-4.9324274,-14.531622,-6.646979,2.9310384,1.1879386,-5.7869473,-3.418048,-11.753366,-14.972113,-15.991276,-18.06603,-0.5833256,6.2096815,6.6326723,3.1048694,0.013041424,-0.45800877,-3.7238061,-4.5961833,2.9155576,0.7981488,-10.364556,-13.027967,-14.4297905,-15.014075,-15.325622,-16.063309,-19.50248,-15.880482,-10.754162,-9.966286,1.0549917,9.727823,9.274551,1.4553273,2.2409663,3.321323,-3.615894,-3.611084,2.454781,3.3021295,-2.7152288,-8.8244095,-8.414229,-0.07522101,8.726653,11.004114,6.889552,-0.36431688,8.89371,9.265872,-0.5768131,-6.6099224,-4.839135,-1.2145747,0.5215087,-1.7159903,-8.071102,-10.097613,-13.325935,-16.360361,-15.680262,-13.679306,-13.386524,-16.136705,-18.681099,-16.678215,-16.40298,-24.131866,-19.849323,-11.748861,-12.052868,-17.464575,-23.31481,-20.747395,-19.845078,-17.530281,-12.289871,-12.810721,-16.123459,-14.315475,-14.313159,-13.694931,-14.161258,-19.92326,-20.739727,-20.218834,-20.088207,-21.074953,-23.943445,-21.38087,-8.97788,-3.8071208,-6.0751457,-3.8725672,0.7415352,1.649586,-1.2419993,-5.9755874,-11.620975,-12.884468,-16.178337,-16.910133,-12.4953785,-11.901726,-13.947149,-17.375172,-20.806618,-22.341995,-22.543575,-19.057758,-16.432688,-17.513523,-21.023996,-18.80769,-17.230103,-18.417688,-23.021149,-20.735458,-19.819767,-18.606573,-15.951366,-20.613747,-22.114298,-21.697021,-12.48395,2.4654849,4.888853,-2.431561,-9.580257,-11.553837,-14.644087,-1.240191,0.30253133,-10.820679,-16.950438,-8.370757,3.0283766,1.7666669,4.721988,10.46837,14.218149,16.583221,17.844435,19.711031,21.121105,19.61795,11.947409,-5.5967283,-3.0552723,-1.7671545,4.836307,8.242272,7.0524216,3.9169667,2.0426521,3.2219818,0.49818856,-5.1835012,-6.3485365,0.12146841,3.4245493,0.86830795,-6.138661,-0.8775756,1.1367491,-5.61917,-12.6366625,-9.853649,-10.903164,-12.156505,-11.860553,-11.678828,-7.9271355,-8.246014,0.944938,6.413969,5.026168,-3.6097715,-12.63453,-9.807533,-1.1468219,-1.4665482,-7.9648213,-3.6103127,-6.8673983,-13.530465,-11.705639,-3.7119036,-5.711436,-12.655763,-7.471986,-5.764147,-7.7878046,-12.385765,-12.646984,-16.982014,-20.040972,-17.936573,-16.140276,-15.8955765,-19.528547,-20.643108,-19.624855,-22.997702,-21.337206,-20.256155,-20.451487,-21.78909,-25.886118,-26.806536,-26.481722,-22.464657,-26.072163,-25.484715,-24.79116,-2.226354,12.91671,15.982149,10.367945,1.2960091,-1.493442,-3.2954283,-4.277016,-5.7819266,-8.324457,-12.117437,-10.278093,-11.559186,-14.725397,-12.290327,-12.642502,-14.912474,-15.626911,-19.979862,-16.59337,-15.347528,-16.252884,-12.8868,-13.889669,-15.112605,-11.483959,-10.316847,-12.593853,-14.685356,-19.28641,-18.817575,-16.80688,-16.562248,-14.498384,-15.831211,-18.964106,-23.77578,-19.849716,-17.802628,-17.169868,-18.250147,-19.608791,-24.26527,-25.90878,-21.661552,-23.197788,-28.669914,-26.116144,-23.825483,-25.439098,-26.541035,-27.400312,-29.332533,-29.701784,-23.382252,-12.017075,-11.280052,-11.610355,-8.647573,-7.352934,-10.029835,-9.241529,-7.993322,-10.584476,-13.135387,-18.892115,-26.75209,-27.391531,-26.023443,-29.71263,-24.626608,-20.283957,-22.2715,-24.688179,-26.5416,-27.118557,-27.24014,-29.145786,-31.803083,-23.752533,-17.860754,-15.735234,-18.294054,-21.185406,-25.092594,-18.137373,-18.616146,-25.746235,-30.435337,-31.47728,-25.06723,-21.95959,-27.784065,-21.753597,-18.633911,-26.065754,-27.20552,-26.600006,-10.960735,-1.7201269,-0.22135548,-6.3424006,-11.7163515,-17.03223,-17.02766,-16.157509,-20.111866,-19.509012,-23.190681,-25.864067,-21.318192,-23.786852,-24.709309,-23.137089,-19.1715,-9.286226,-8.139355,-13.320162,-18.190289,-22.407667,-20.082981,-18.917469,-15.757089,-4.3965397,1.0441233,4.103266,4.8707695,4.097038,0.49336576,-5.9628754,-10.77303,-15.397297,-18.087208,-22.525375,-18.991348,-16.404892,-8.008547,-7.397444,-14.834425,-18.065157,-17.471703,-13.445448,-10.955586,-17.427658,-24.276789,-23.408155,-21.69971,-21.980694,-20.707119,-19.249138,-15.94369,-14.715849,-18.540655,-19.647316,-22.681559,-22.150127,-19.323719,-18.504025,-20.591679,-23.483025,-22.929405,-17.68724,-17.703068,-25.000875,-30.77667,-30.81699,-27.12329,-28.525877,-28.21276,-29.866405,-29.5057,-22.65377,-18.890951,-19.711206,-20.77087,-18.842701,-21.3857,-26.99833,-27.268017,-26.3168,-29.463919,-26.43647,-24.911087,-33.19141,-35.903637,-35.341904,-31.480293,-34.778618,-37.74703,-41.721592,-39.27851,-37.347057,-37.239563,-38.799316,-34.614647,-32.340492,-37.42707,-34.797497,-31.14291,-21.998505,-21.255505,-24.864765,-31.182392,-6.613533,9.401925,12.2858515,6.20899,-3.696971,-0.33748043,-0.39290962,-8.124672,-12.1607065,-12.595511,-13.762117,-11.978845,-13.592707,-14.561433,-14.067974,-16.227066,-20.676947,-13.933716,-11.127045,-7.3664885,-8.954891,-12.82234,-17.626465,-18.948244,-23.362816,-19.615799,-17.70194,-21.36923,-21.610474,-24.600266,-25.168943,-23.76059,-23.75618,-22.806122,-20.46059,-15.021629,-14.078427,-13.928066,-17.092676,-22.086555,-12.357515,-4.7225184,-0.4964216,2.306827,5.208881,10.060932,12.521152,10.267616,9.240401,7.584606,5.7190804,-0.060788237,-5.979541,-7.3661065,-6.970057,-7.374413,-7.7300596,-3.5395775,-5.692169,-13.817505,-18.405937,-18.239475,-18.272793,-19.177797,-19.361685,-18.017675,-17.245682,-18.412931,-20.551125,-18.771122,-19.40861,-23.09265,-23.869333,-24.384787,-24.7587,-21.529205,-18.481358,-18.583214,-21.64125,-11.034059,-6.1888475,-2.8255591,-4.148796,-12.46635,-12.7528105,-13.801318,-16.552303,-20.575037,-25.80919,-24.289036,-23.592537,-22.517506,-25.03862,-27.691996,-22.166636,-18.639675,-22.302687,-24.344902,-21.86363,-20.658417,-21.732468,-23.614187,-24.894402,-25.22743,-23.137604,-23.74385,-24.731867,-28.186312,-30.869179,-29.191341,-30.507772,-25.375015,-24.007042,-29.462204,-33.39806,-18.416834,-13.985653,-12.493797,-11.273495,-16.233557,-26.784746,-20.71981,-14.594919,-18.770306,-22.199202,-20.487547,-26.443956,-28.796537,-24.855606,-22.317202,-23.026443,-25.216145,-24.186596,-26.096386,-29.58294,-13.550738,-2.3530505,-2.169495,-10.347152,-18.78339,-18.271032,-13.36557,-13.387873,-19.119493,-21.249159,-25.047604,-2.6226168,6.6239195,6.294761,-2.5534723,-12.893128,-14.092661,-6.7990227,-2.6082954,-6.9746,-0.5633,0.81557983,-0.45294273,-2.1789424,-4.195953,-7.503929,-12.840027,-25.355904,-22.953926,-23.849388,-20.842575,-21.27939,-21.640064,-22.621376,-24.477161,-19.207218,-17.713682,-14.477228,-12.885604,-14.168616,-15.046881,-14.472484,-14.778113,-14.130436,-13.266729,-13.903507,-16.344767,-19.158108,-20.985634,-18.605637,-16.457478,-16.742666,-3.2569993,3.5439806,3.3973112,-4.206221,-8.081229,-11.423087,-15.4658165,-19.533966,-19.073885,-19.882,-12.469863,-10.846444,-13.01165,-14.853507,-15.203928,-15.497598,-14.305043,-16.748747,-16.131798,-9.490612,-8.198862,-7.9857783,-10.301182,-17.867931,-22.395615,-22.061499,-22.676674,-26.431982,-25.12101,-17.398264,-19.216988,-27.355335,-24.783888,-21.235592,-21.180782,-22.860815,-21.512295,-19.574497,-19.59645,-19.721191,-24.719807,-23.653118,-22.714928,-23.155901,-22.640255,-21.500042,-22.476803,-23.843615,-21.336685,-20.153332,-22.977598,-22.857779,-19.716528,-17.634148,-18.093689,-19.233654,-21.650145,-19.59428,-19.221972,-19.66659,-15.447889,-18.152376,-18.26144,-16.232315,-14.863176,-17.583448,-18.220695,-5.711258,-0.37363702,2.2144864,7.320661,8.491733,1.1935899,3.8554697,9.091013,4.0170045,-5.5704207,-0.49466765,-0.33807808,-8.745121,-11.749219,-13.384066,-19.150198,-12.995169,-12.812576,-18.450974,-18.722809,-14.187584,-14.851637,-18.324467,-16.688068,-8.844819,-4.6224494,-4.4253173,-6.716301,-13.183796,-11.813055,-5.6462975,-1.1459138,0.46534714,1.6453701,2.3754578,2.5138903,1.9384176,1.4353752,0.7346276,0.6788569,0.19197813,-1.588446,-5.5575614,-8.27953,-14.140997,-4.783153
-31.164707,-35.60181,-45.104645,-43.838333,-45.87267,-35.601192,-31.558537,-37.012405,-35.967003,-26.235935,-26.09018,-23.491798,-22.214916,-29.049381,-25.46604,-25.438095,-29.036373,-33.025925,-24.3604,-17.733206,-17.864311,-15.744494,-14.7062025,-6.3804107,-4.444869,-9.011403,-14.187289,-15.713977,-12.378984,-12.039436,-20.26003,-28.311138,-19.139185,-0.40953133,2.4598603,-4.872938,-14.103274,-13.3875,-11.801605,-6.47976,-9.557186,-3.879027,-0.93386793,-6.172257,-12.154187,-14.944233,-18.822407,-15.482405,-18.221016,-17.82983,-18.271072,-18.287407,-14.675964,-14.346516,-15.023306,-15.674401,-21.216515,-20.862888,-22.004622,-19.037304,-12.15691,-10.730381,-17.7478,-22.069128,-23.894428,-17.87157,-16.072433,-10.472636,-12.908335,-16.306541,-15.285076,-17.35781,-18.639536,-15.391608,-12.820607,-16.449783,-19.595205,-22.863941,-25.071554,-18.291452,-2.8641202,-0.5968775,-6.116378,-6.0652585,-11.72781,-16.479416,-17.070408,-11.44005,-4.207309,-3.4630778,-5.5852966,-6.982089,-12.142391,-19.63982,-16.218584,-11.045448,-10.332941,-13.653699,-18.402527,-18.504824,-17.583828,-15.873221,-19.648592,-24.409311,-25.719126,-24.005924,-18.285099,-13.780478,-4.487129,-5.113698,-14.460657,-27.862373,-20.642874,-9.158914,-4.5574408,-1.9986421,-1.1416126,-2.8587465,-3.084176,8.703104,11.855569,9.738888,7.0333843,2.667228,-6.395512,-10.589832,-8.371196,-10.40401,-15.068533,-17.129395,-15.1224985,-18.53515,-16.233557,-11.340008,-13.487001,-13.572086,-11.995222,-6.487698,-8.828116,-18.505152,-12.29537,-5.203823,-3.4711096,-6.8518057,-12.064696,-11.762545,-16.228388,-19.644545,-23.56031,-25.961971,-26.711823,-29.886148,-26.108463,-21.23631,-20.25338,-16.48349,-11.31119,-13.616996,-20.490248,-20.04324,-20.8166,-24.324707,-18.421919,-6.050749,-5.5160093,-10.759748,-18.185644,-23.05214,-22.618649,-4.1852636,5.490819,6.1677356,3.4629238,1.5294272,-5.6475477,-12.650756,-13.569275,-18.233376,-21.083958,-22.581665,-17.633318,-14.489661,-17.538223,-21.701529,-22.307964,-20.402798,-18.959543,-13.973673,-11.900087,-12.801948,-15.6332245,-13.282038,-6.6468697,-11.2907295,-14.2382965,-5.7936764,-3.9809587,-5.071597,-5.520656,-10.703073,-17.10521,-19.430716,-22.020834,-16.97598,-16.9857,-18.5138,-12.066196,-12.107662,-15.097462,-18.466608,-19.185152,-17.979,-19.2745,-28.198559,-29.3497,-28.686468,-30.509232,-34.71177,-26.09718,-22.092323,-18.751797,-19.680248,-23.520794,-25.253872,-23.412064,-24.411394,-20.50503,-17.156994,-16.934776,-19.85934,-23.073215,-30.173088,-25.940475,-14.947396,-15.199627,-13.661366,-7.2069697,-5.2157884,-5.478151,-6.4652815,-7.653628,-7.3369527,-11.942362,-17.591064,-23.130056,-24.702446,-23.600304,-21.875805,-25.532751,-28.788193,-25.989662,-22.159441,-26.079456,-28.921219,-30.652306,-18.301529,-7.77251,-5.936511,-12.332958,-19.321007,-16.256449,-17.984722,-18.428747,-16.020163,-16.843029,-21.36368,-25.144995,-28.583164,-18.547375,-9.611138,-10.367442,-19.230726,-23.575718,-23.314077,-23.500994,-21.78392,-18.963512,-11.123547,-12.255002,-22.138174,-26.435022,-11.384016,-6.7164164,-13.215216,-19.022686,-17.389301,-21.386997,-23.03806,-21.272285,-17.277279,-22.59261,-31.411476,-31.602798,-29.859032,-25.421276,-18.69589,-13.858982,-12.738652,-13.418894,-13.366196,-13.653092,-14.426917,-16.118357,-18.788944,-21.45426,-24.994211,-26.396276,-26.434517,-26.735933,-25.493122,-27.247656,-22.007755,-19.348644,-25.45785,-29.572521,-28.145302,-20.411507,-9.017541,-8.789449,-15.988336,-11.482885,-7.2331915,-6.44923,-6.053813,9.601075,15.678845,14.07991,9.020879,8.375807,7.374315,-4.3997164,-15.108736,-19.216982,-15.843688,-8.972831,-4.687011,-4.666357,2.8080046,5.5234118,2.2553053,-0.6242681,-7.1882725,-1.9920304,-2.817912,-18.70811,-15.09205,-4.4864697,8.548755,15.89204,16.935272,15.298426,14.866461,13.910938,7.598825,-0.8268699,-1.3244795,-2.1973078,-3.5909042,-8.428838,-6.993821,-7.7605696,-10.130286,-10.777845,-9.316014,-11.116938,-7.381618,-5.6428576,-7.6701193,-7.8587694,-6.7164397,-5.204831,-4.3105574,-9.240333,-10.781617,-12.71098,-12.801792,-13.200581,-10.334884,-3.9554622,-4.056289,-2.394134,-0.4693259,-4.178322,-12.60983,-17.765226,-16.28305,-18.293964,-15.938621,-14.890625,-14.794377,-17.51582,-21.196014,-22.189768,-22.29417,-22.92469,-21.981407,-19.892723,-20.020584,-20.683273,-21.922216,-19.22559,-21.647476,-27.244081,-27.446348,-28.789066,-24.216242,-25.21585,-26.3951,-27.139114,-26.419258,-27.629452,-23.334595,-22.623985,-21.77391,-17.963226,-18.595936,-18.754963,-18.190277,-19.548653,-18.02141,-15.457186,-12.8848,-14.661036,-18.020462,-23.635483,-28.236656,-26.736372,-25.266186,-28.91139,-28.457912,-27.79063,-25.741121,-27.334166,-28.936796,-28.651016,-29.121723,-26.449596,-27.410423,-30.03338,-32.416794,-28.299295,-24.134256,-23.961098,-26.305037,-26.989323,-23.980816,-23.785732,-25.026844,-26.202795,-24.957655,-25.369267,-29.347607,-20.61534,-20.422632,-26.388271,-24.061949,-27.016212,-24.781313,-24.524334,-27.37511,-29.007397,-27.658195,-24.360561,-14.486973,-14.674992,-17.136053,-16.80094,-12.978207,-10.121538,-11.148678,-12.152162,-13.843799,-11.924236,-13.0667925,-12.237433,-12.841798,-16.76131,-16.35693,-18.72715,-18.143272,-22.290451,-18.274286,-12.375347,-15.910802,-22.941416,-20.62463,-20.322477,-23.991337,-17.747433,-18.95119,-22.817831,-24.475248,-19.990385,-16.029373,-13.761124,-10.021783,-9.886202,-12.126187,-19.46389,-24.380045,-22.94022,-22.534914,-23.502579,-29.239607,-28.08156,-26.798122,-25.08979,-30.382751,-35.650677,-15.25859,-11.733829,-18.599949,-25.713179,-25.718346,-27.901678,-34.67669,-25.578175,-18.354548,-14.410691,-17.02151,-20.738995,-19.917162,-17.74578,-2.4367352,1.8306637,-0.17452128,-3.7696638,-6.0378556,-8.677981,-14.7288685,-18.823933,-18.795279,-21.227388,-22.57692,-19.521223,-18.820694,-14.6755705,-4.773927,-4.9095325,-7.4159913,-13.097658,-0.3484652,7.39213,3.6185238,-7.0704165,-10.958281,-16.660627,-18.689522,-12.06114,-13.17284,-20.209003,-21.080357,-17.863651,-17.605331,-21.452131,-0.18519044,11.3532715,13.994644,12.135774,9.077361,7.227762,7.240061,7.235817,7.213283,3.1060407,4.8744783,5.278742,0.266732,-4.80404,-4.9808745,4.3583508,4.91993,2.9431365,-0.16155201,-13.06749,-3.8859508,-0.91437167,-6.032295,-6.84704,0.723756,-2.5427506,-13.50267,-14.632267,-16.120817,-2.6459665,7.6036034,11.685955,12.180778,11.309814,11.149551,6.9461555,-5.913324,-7.6540895,-4.0705853,-5.237265,-9.742172,-14.945219,-15.036455,-10.837711,-11.063646,-14.741718,-17.57858,-12.788891,-13.683104,-3.4729228,8.278798,14.16852,14.478607,13.561467,9.411011,-3.7646255,-5.7287316,0.77473664,3.4447112,3.0064213,1.4004292,-2.8439353,-2.9548085,0.79472077,9.630829,13.517597,14.233123,14.943218,10.210445,1.6972936,-3.1472678,-6.0020227,-9.230932,-5.8623548,-5.660689,-8.390076,-2.5469003,-5.3705115,-11.0505085,-4.472116,-1.0527337,-0.7484399,-1.1782148,-3.6967204,-7.8308554,-3.5201695,-1.3397623,0.24072704,2.156664,3.3675888,1.8065311,-1.4146234,-4.9091372,1.060389,3.5575793,2.020979,0.70067763,-0.14556578,-1.3784837,-4.40797,-7.539027,-15.702115,-20.50204,-17.731188,-16.942337,-16.295294,-19.729961,-16.209957,-14.249028,-16.80461,-22.757038,-22.056696,-16.645979,-17.980396,-17.784184,-14.090435,-13.833818,-14.669904,-16.304165,-21.093588,-24.194506,-24.827587,-22.32361,-21.857615,-24.233063,-23.398504,-24.18229,-25.022053,-23.795626,-23.931438,-26.02001,-24.38129,-24.479862,-26.00735,-26.92457,-28.637774,-22.580444,-24.205002,-26.142666,-17.721527,-16.0996,-17.571856,-18.478746,-7.9556265,7.155326,12.935411,12.2290535,7.1865063,-0.51579624,1.7995837,5.344806,4.096372,-4.9591565,-12.538601,-5.071146,5.795027,5.467928,-3.2458723,-11.1178255,-5.100618,2.8704839,5.3080463,4.4517035,2.8348854,3.9667754,3.125362,-2.421787,-5.730301,-8.882726,-1.7016321,4.0254436,0.39946228,-0.16048822,-2.7926497,-10.109449,-15.569507,-13.793168,-15.224453,-0.48586774,13.429321,18.24612,19.505968,18.742382,19.202982,18.733776,16.573757,12.172336,8.64105,7.592181,5.0356917,-0.2915954,-4.283097,-3.2560945,3.8329024,4.266307,5.6510534,3.3900933,-4.2712855,-1.7642872,-0.23842269,-4.448257,-9.127437,-4.387233,-1.9582403,-1.7615528,-4.879262,-2.9608786,-7.9583397,-12.978373,-11.741774,-12.8898325,-16.573523,-18.463104,-15.77291,-13.418919,-11.788944,-14.382882,-10.5056095,-9.7549925,-12.685446,-9.565504,-9.678293,-13.603081,-11.707367,-11.534702,-13.724662,-13.472656,-14.448307,-15.679127,-15.168371,-16.721514,-17.326086,-15.4338665,-17.054888,-5.8814287,9.025747,17.373852,18.158327,13.6541605,7.6657085,5.910888,9.102134,4.4059834,-0.26089308,-5.220179,-6.2030478,-3.8572679,-4.8620853,-7.573661,-7.6121817,-13.4309,-13.113728,-10.182213,-12.374733,-16.020401,-17.855385,-12.714206,-10.356773,-5.856285,-6.686807,-8.971924,-11.122845,-12.40373,-9.995958,-14.509806,-13.555145,-16.24708,-16.886593,-15.221022,-16.996086,-20.011345,-17.079256,-16.41798,-14.943893,-17.86041,-18.516792,-19.350288,-23.039997,-23.825855,-24.86969,-23.986553,-20.618793,-21.132374,-25.407013,-22.430275,-23.395128,-26.656744,-25.94197,-22.583748,-19.558098,-18.985498,-20.695534,-24.769499,-22.457275,-25.192818,-24.794548,-27.344604,-26.349123,-20.195805,-20.518421,-25.71862,-30.860483,-32.28054,-35.448433,-27.939556,-19.123178,-17.809303,-19.51811,-23.074759,-25.825441,-27.24527,-29.234604,-32.848793,-26.757984,-20.80194,-19.2303,-21.246569,-25.386673,-23.547956,-15.76193,-17.454983,-26.264923,-29.189617,-31.190908,-26.70481,-20.426647,-18.429417,-3.7284312,3.6117659,4.5001774,3.414689,3.5235991,2.8225114,-4.2456927,-15.142237,-14.448614,-13.4892,-14.9014435,-14.443293,-14.757862,-15.588461,-15.640912,-19.712114,-25.86451,-25.844963,-23.487862,-21.385185,-21.302614,-20.275946,-17.586342,-19.441511,-26.409771,-28.1367,-25.221022,-22.695412,-20.535046,-13.42238,-7.0002646,-2.7729917,-3.733177,-4.444906,-4.8225145,-7.258745,-10.398775,-11.235209,-14.198255,-15.793278,-15.812777,-20.415762,-17.575342,-0.48184407,4.6700583,1.1631347,1.5428461,5.0979896,6.9393563,3.011606,-9.552032,-13.004715,-14.593015,-11.502605,-11.544967,-16.045391,-19.147543,-13.03234,-7.326009,-6.612387,-7.126443,-9.11298,-7.843394,-8.048278,-10.345451,-11.772011,-12.625694,-3.4646285,4.1189227,5.02032,-0.07019096,-6.003341,-3.4258177,0.27720627,-0.67521155,-1.4600892,-5.8018856,-18.349672,-16.554693,-16.839819,-16.254246,-12.471285,-16.899698,-21.443937,-16.190832,-15.179553,-15.920271,-13.947412,-12.184093,-11.708014,-12.085871,-14.267806,-15.330219,-15.033176,-15.414648,-19.356684,-26.122152,-31.159708,-29.563437,-30.260515,-26.145592,-23.00088,-22.509604,-21.498512,-22.116367,-25.430868,-20.292164,-19.76886,-21.9268,-26.575115,-3.4770908,13.444056,18.749111,17.52876,14.387148,11.81852,8.3251915,-0.58429533,-2.4394994,-6.007062,-7.4120274,-7.6575356,-8.441288,-6.485576,-6.133576,-7.4828696,-11.426969,-8.775758,-5.9806514,-8.928171,-8.191319,-10.258962,-11.536051,-12.151392,-16.31995,-13.696853,-11.182508,-12.494257,-16.71028,-16.273155,-18.169407,-17.800852,-17.786423,-17.852594,-14.328948,-8.004576,-8.495413,-9.08577,-13.42865,-19.44925,-13.884292,-8.468093,-3.6122706,-8.119944,-4.3123574,10.895994,16.768192,17.801413,16.861317,13.820072,9.3285265,6.319842,2.1207294,0.034014698,-0.9783324,-4.0216126,-3.2896047,3.5251627,1.3764513,-8.599206,-14.369258,-15.835274,-14.816127,-17.136229,-16.384867,-15.685593,-15.71516,-14.922359,-16.499956,-16.495472,-14.849166,-14.916044,-16.0408,-18.468391,-21.502981,-9.236765,0.22413561,4.4455156,4.732098,0.62755316,-11.006888,-4.1372867,-2.4363139,-9.624118,-12.870968,-11.473302,-10.39281,-12.827215,-16.444597,-19.334696,-18.852768,-18.006968,-19.019331,-18.718914,-18.85792,-19.358894,-18.54708,-19.324179,-22.217999,-20.419823,-20.998373,-20.255993,-26.656544,-25.107319,-20.365088,-18.925886,-20.202263,-26.020977,-32.281418,-31.846539,-30.757534,-21.88056,-16.660212,-20.600662,-30.357588,-17.523497,-2.0386777,6.358486,8.4092,5.722805,4.3176637,4.4599237,1.438612,-8.267693,-9.445295,-11.71829,-17.886486,-19.713228,-18.33433,-19.733223,-26.10327,-16.92956,-10.571108,-9.513852,-12.292694,-9.480626,4.853261,8.68984,6.0780168,3.0176892,4.527795,6.340656,5.2109528,-0.21782315,-6.0890036,-10.78397,-0.034388885,5.6600266,6.571898,3.1230667,-0.6300598,0.20625585,-0.8305854,-1.0696869,-7.7240887,-15.499854,-16.030735,-16.86041,-17.987991,-17.059715,-15.131165,-17.275963,-19.711468,-19.479141,-18.58328,-18.332663,-20.43966,-25.34177,-26.18168,-24.405344,-28.082462,-23.174995,-12.37224,-9.474319,-10.157816,-10.061125,-9.1828165,-9.339599,-9.131828,-9.0129385,-9.692486,-11.786881,-13.965631,-15.146791,-12.787386,-10.028471,-10.451232,5.0233955,14.322565,15.575404,11.487617,2.5332546,-5.840433,-11.813007,-11.043133,-11.124371,-11.216883,-10.919385,-5.006719,-6.2014656,-15.327068,-9.901728,-9.473013,-11.57282,-11.199378,-12.96209,-14.208534,-17.383165,-15.708642,-19.686605,-22.40854,-17.425278,-10.890234,-11.543467,-15.750195,-20.310114,-21.440847,-17.402044,-20.634928,-20.044811,-19.135092,-18.537523,-21.306992,-17.326492,-17.325628,-22.111094,-23.1056,-19.813272,-21.727114,-22.642155,-22.480715,-25.997675,-24.130726,-24.795605,-22.42462,-20.134134,-19.720913,-24.400364,-24.19345,-22.066643,-24.324009,-25.23138,-26.85065,-27.668514,-25.633562,-23.333138,-22.844757,-22.386684,-24.166834,-25.803604,-25.264221,-22.856071,-14.270867,-13.1651125,-5.8550925,-1.4566642,-8.656718,-21.608505,-12.330282,-12.076482,8.454657,17.014252,17.58202,15.182239,13.149187,9.569888,-0.69995856,-4.9543915,-2.3905258,-4.605623,-8.279325,-6.311367,-3.4115243,-2.2518601,4.4102516,4.557615,2.4642427,2.4137797,-0.06369622,-8.2863655,-4.593693,3.3861554,6.083739,6.8924475,3.934426,-7.5148306,-5.3018646,-4.8148394,-7.2059717,-11.786899,-12.466806,-13.353094,-13.858679,-17.824287,-17.191685,-11.070906,-4.864673,-6.911455,-14.119691,-10.583214
-31.78621,-36.86626,-44.970818,-46.078663,-46.055016,-34.204605,-30.831863,-32.4382,-32.34514,-25.437822,-25.254374,-21.142307,-18.653112,-26.258717,-24.635899,-22.545658,-27.723558,-29.62347,-27.925667,-24.547306,-20.222738,-14.268648,-17.213577,-16.050512,-13.52893,-11.734753,-13.202796,-12.58839,-11.132708,-9.026024,-17.194202,-32.20429,-24.170721,-5.039019,-3.0956511,-12.531586,-14.28738,-12.467589,-15.606633,-12.083191,-13.346313,-9.286253,-7.0713525,-13.54434,-14.883907,-18.42094,-21.142147,-17.012745,-17.48647,-20.216047,-20.099688,-18.185133,-19.77987,-18.706486,-17.885923,-23.820156,-26.126057,-29.24328,-25.510464,-26.923637,-24.732073,-23.756073,-28.380993,-24.603355,-24.581795,-24.643623,-21.308441,-18.457157,-20.66088,-18.533367,-14.146206,-15.945254,-16.752125,-15.584149,-14.007944,-17.137993,-20.398561,-22.480995,-23.052607,-22.2725,-5.4168134,0.054517545,-0.1605747,-0.79147184,-8.158177,-12.517749,-15.980039,-13.477124,-5.227184,-4.700181,-6.482893,-7.938397,-13.528868,-18.966663,-17.70704,-11.5865,-9.798881,-12.188486,-17.92875,-17.605957,-15.906216,-12.870535,-14.066472,-22.76103,-26.680504,-25.638895,-21.287964,-7.0934734,-2.0608737,-1.3868551,-7.548239,-22.82568,-17.663937,-7.6713314,-3.121088,-2.201558,-2.2527375,-3.2780533,-5.429442,5.681463,11.346916,12.394051,10.997157,5.2356405,-6.977357,-8.341324,-7.398774,-8.64341,-15.776274,-16.209095,-12.6733265,-13.724984,-18.19501,-18.80225,-17.501707,-12.713556,-12.829896,-9.706201,-11.451244,-19.285063,-11.8191395,-5.520097,-4.943699,-7.155756,-10.744576,-13.715055,-17.024406,-20.229053,-24.375525,-27.190681,-26.037567,-27.963028,-27.40107,-21.37699,-21.83065,-9.217616,-4.6331997,-10.673684,-19.367762,-19.56424,-20.49248,-23.749718,-10.764305,-1.0400188,-2.1381764,-4.4598784,-11.256337,-26.07981,-21.342655,-4.9059,2.9656622,5.8002596,5.3229275,3.8097153,-3.267376,-13.596602,-15.338182,-20.36639,-22.930687,-21.732237,-17.722715,-16.148548,-19.61017,-19.96668,-19.761139,-19.523384,-17.315544,-10.603333,-6.69038,-7.8336153,-11.374275,-17.646423,-10.587692,-11.778666,-17.045496,-8.299388,-4.2496967,-4.5052114,-6.8786054,-9.786697,-16.661636,-21.750582,-19.911543,-12.532324,-14.731444,-17.393904,-10.298263,-8.7177515,-11.853422,-15.701047,-14.110214,-12.808712,-16.847475,-26.9047,-26.688166,-25.89451,-26.451393,-27.798218,-23.093489,-21.055738,-16.63942,-15.16679,-21.838634,-25.838547,-25.578108,-23.609533,-13.941421,-7.4977517,-9.278519,-16.120422,-22.322273,-31.114521,-21.343418,-11.369984,-13.561283,-14.426409,-6.61712,-5.2950673,-6.268556,-7.431896,-8.197453,-7.890336,-12.9689045,-17.185368,-22.490595,-23.838814,-18.521112,-17.244946,-22.895226,-29.66167,-26.292675,-19.6023,-20.940155,-26.479057,-20.327406,-6.122595,-2.0839512,-1.8370407,-1.2786735,-4.3372126,-10.205288,-12.796363,-14.604151,-8.354443,-1.7907089,0.30772355,-5.1652517,-18.056427,-5.9962153,1.1387479,0.99835443,-6.4905176,-14.610823,-16.091204,-18.94081,-17.124155,-15.559287,-5.325396,-4.073088,-13.347801,-19.075825,-9.451772,-5.792857,-11.454035,-15.501132,-14.284864,-17.651882,-19.761269,-19.90731,-16.831362,-21.925571,-30.655743,-32.631702,-23.386461,-19.669897,-19.07474,-14.426874,-12.521649,-13.876575,-14.241672,-14.509314,-15.435131,-16.623215,-19.264193,-21.470268,-24.564665,-25.55233,-25.75306,-25.830704,-25.689127,-25.88757,-17.927542,-16.612625,-25.577051,-26.08944,-30.313595,-22.98355,-15.693186,-14.425175,-16.33484,-17.906515,-10.281292,-7.7806616,-7.01667,4.9547677,13.453387,17.06167,16.983559,15.159542,8.254895,-4.784507,-10.736512,-14.387263,-13.353573,-6.6029525,-1.4642929,0.80528307,-0.95336246,-0.33439055,-2.3889124,-2.2457972,-8.888869,-6.8809643,-7.2649946,-15.296149,-12.896342,-6.874078,0.24767177,7.3659954,14.17585,16.242735,16.37816,15.521894,9.920288,-2.3038034,-3.4996367,-2.4433925,-3.6841416,-8.872049,-6.496871,-3.7023048,-7.823447,-11.7230425,-8.677269,-9.622554,-8.091742,-5.872802,-10.88879,-12.763052,-12.602496,-6.1677523,-4.7246704,-12.831889,-12.081418,-12.212981,-11.380489,-14.188184,-13.808086,-10.178389,-5.8725033,-5.881372,-5.986906,-13.11768,-19.453045,-21.963879,-20.57231,-16.897078,-16.368877,-16.329758,-17.095139,-18.70248,-19.3339,-22.321056,-23.926336,-25.51667,-22.127916,-18.691153,-19.234106,-25.200443,-23.214287,-22.845905,-25.573341,-26.716125,-26.026283,-28.751509,-25.370613,-23.390316,-26.091959,-27.738897,-30.570423,-26.919497,-23.282558,-24.429684,-24.51054,-18.867256,-18.576288,-19.220713,-18.9946,-19.775051,-17.094038,-14.05928,-12.561178,-14.515811,-19.241056,-22.444231,-24.562769,-23.033333,-24.856527,-28.3306,-27.992247,-26.875195,-28.351482,-33.569134,-36.11131,-36.251995,-31.204079,-28.443842,-31.300087,-38.581524,-33.965355,-31.242481,-27.916563,-25.756456,-26.349375,-24.20488,-21.742954,-21.572742,-21.594316,-24.502262,-22.776976,-22.823875,-30.398195,-23.614063,-20.934916,-27.912708,-25.313194,-18.806723,-11.341507,-12.923087,-16.728287,-13.51109,-6.8210897,-1.9495176,-1.8547553,-8.500472,-15.355674,-20.427319,-22.861053,-19.545055,-18.41545,-19.48439,-19.913574,-15.133901,-17.31503,-18.040928,-17.142828,-22.070189,-18.784966,-19.198229,-19.242325,-20.532997,-21.559336,-20.865772,-23.179052,-22.009624,-12.703195,-14.12383,-25.526993,-24.223236,-23.890034,-26.402521,-24.901245,-21.866451,-16.169744,-11.71051,-9.26214,-9.4096,-11.2785635,-16.74405,-21.292583,-21.349606,-19.10251,-20.832333,-26.148779,-24.409636,-24.721508,-26.816795,-34.157864,-37.40402,-15.248674,-10.66702,-15.843689,-21.01681,-24.82454,-28.978977,-32.820076,-25.121674,-17.593653,-12.990395,-16.421572,-20.265387,-17.67062,-15.585796,-5.443831,1.3257508,1.0779366,-2.9152558,-5.516994,-9.415099,-15.255819,-14.945675,-12.134862,-19.203148,-25.34735,-21.651136,-19.806536,-19.008497,-10.328531,-10.356319,-11.5332775,-10.992249,-4.726052,3.7051272,1.1774788,-12.265371,-14.39026,-19.214151,-23.76165,-16.54029,-17.435797,-25.003386,-25.67149,-25.580767,-17.2509,-14.643227,-7.7446074,2.2842069,9.654835,11.802519,11.60784,11.025495,10.067997,8.877854,8.434647,6.5471697,5.2643433,6.0297947,4.5943527,-1.091809,-3.1152585,-5.8897505,-7.6654015,2.1282735,3.718802,-1.576607,-6.6252036,-9.008772,-15.507992,-8.66208,0.5925984,-1.9993975,-18.317001,-18.887993,-16.870527,-11.502281,-5.3643804,-1.1111436,1.7734911,2.1617465,4.624542,3.5965538,-6.9781513,-10.22093,-12.133359,-13.595236,-15.741324,-12.829305,-7.6760254,-6.229945,-9.275425,-15.370186,-13.676291,-9.429127,-12.582523,-10.226597,-2.1046762,4.168375,8.800441,8.612141,2.3227055,-8.993891,-8.146781,-9.723457,-11.926236,-7.761207,-7.378172,-10.654882,-9.591822,-6.654064,-1.4012632,8.3399935,10.85745,7.9159646,-0.86005145,-8.294858,-8.775726,-11.732489,-17.237082,-13.720366,-13.757611,-11.863859,-6.5573096,-9.51819,-13.474524,-5.788582,0.90827024,2.9781892,2.680107,0.49246866,-1.5778663,1.9653119,3.3817315,1.6748847,0.2857482,1.2914954,2.771873,2.0568826,-0.72098434,1.6935477,1.7608218,-3.2708144,-3.0022275,0.08482036,-1.1452348,-4.861361,-7.783258,-13.955517,-15.447574,-19.72157,-18.412802,-17.62044,-14.372891,-9.292351,-8.282326,-12.774692,-16.328638,-20.017082,-19.70708,-22.604805,-22.682396,-16.355196,-13.206684,-14.88966,-17.153112,-20.307741,-22.26365,-21.221598,-19.710957,-20.297234,-20.949566,-22.184084,-22.900024,-22.719116,-22.162338,-22.313364,-23.654043,-23.762514,-23.739635,-24.021114,-24.884024,-26.31486,-22.781794,-21.923744,-22.383709,-16.58789,-14.089142,-15.16225,-16.899721,-10.696665,-1.6480036,8.352505,13.66351,14.485818,13.510405,14.472015,13.489687,6.5083737,-3.843699,-10.947979,-5.9853053,5.112673,4.2053113,-6.0932198,-13.151364,-4.067678,4.3465652,5.8538647,4.88112,3.3146298,1.6834962,0.5155248,-0.2984015,-1.2316043,-3.685154,-3.6762776,-0.82924896,-4.646633,-5.3931484,-7.695859,-12.885702,-14.984321,-13.4650135,-14.794789,4.489005,17.873257,21.319773,20.595879,19.061855,18.683107,19.928215,18.55307,12.893436,10.148702,9.567328,7.780087,3.20923,-2.968227,-7.783525,-3.089178,-1.4112924,2.7708974,4.8799133,-0.13349988,-3.7026043,-4.352968,-7.482396,-7.9413643,-3.202543,-1.2228396,0.08068923,-5.1977944,-7.9069715,-12.77699,-16.926386,-12.933135,-13.269815,-15.398274,-17.292873,-14.849468,-11.702644,-12.928101,-15.984205,-13.074302,-15.212356,-17.95222,-13.410681,-14.370605,-20.908272,-16.463783,-15.132566,-19.377943,-19.334257,-19.658504,-20.425747,-19.350708,-22.672815,-20.592869,-18.747765,-20.772696,-14.576405,-6.234407,7.6804185,15.513292,18.38022,18.326616,17.700665,15.45855,5.714789,0.120556585,-4.527146,-11.064489,-5.872373,-4.8100634,-4.2744374,-4.677576,-12.289201,-12.793144,-10.005123,-10.507305,-12.783871,-13.107089,-14.020819,-13.690061,-6.8171363,-8.335732,-14.330605,-11.223393,-10.681953,-8.033682,-12.512575,-11.595758,-13.789057,-17.741316,-15.708156,-19.402035,-16.785042,-14.997734,-14.147238,-16.399994,-21.45239,-18.951923,-20.603287,-24.79064,-22.359287,-19.218681,-19.046602,-23.651392,-27.352745,-26.549488,-22.580454,-22.27504,-22.364895,-23.803175,-24.139406,-22.43456,-24.5757,-21.750067,-22.157953,-25.083227,-24.712002,-26.163046,-27.8547,-30.615395,-19.186932,-17.314459,-23.567698,-27.679962,-29.443045,-32.780796,-31.722809,-30.597736,-26.59687,-21.213987,-23.34815,-33.521255,-34.27674,-33.059875,-32.422745,-26.06565,-24.67541,-19.208452,-14.939352,-18.699936,-25.340942,-17.634972,-19.350391,-29.336067,-32.321095,-33.453075,-23.409256,-14.137359,-10.140681,1.6927319,8.224325,10.322407,10.395479,10.0308895,7.856445,0.021184064,-9.411459,-11.838311,-10.858707,-10.729179,-10.935236,-9.686578,-10.318185,-12.123844,-16.276329,-22.628582,-23.654325,-21.821636,-18.31638,-17.642786,-16.296143,-14.004841,-18.131916,-23.70638,-23.331373,-22.05326,-20.64257,-19.972843,-10.946568,-7.9330854,-6.19607,-6.8840456,-8.462123,-9.36323,-12.831076,-15.266949,-15.602531,-18.79587,-18.372568,-14.58974,-15.768848,-13.566117,0.27943558,8.075615,9.786562,9.960291,10.083451,8.381199,3.1509528,-8.15868,-15.165997,-12.657389,-7.817698,-7.3071785,-10.762476,-14.9568405,-11.035967,-8.916182,-9.826509,-11.38728,-13.701149,-10.983643,-10.11241,-13.513356,-13.3388195,-7.8693438,0.329379,4.8653874,6.1228075,4.8136287,2.2271805,1.1127715,2.5358882,3.3483806,2.6609075,-2.0418336,-14.830089,-14.113288,-13.937649,-17.502201,-11.680287,-14.410868,-17.602194,-14.103375,-14.404781,-16.221006,-14.251251,-11.272619,-10.678978,-10.617516,-13.548183,-16.165594,-14.6326065,-13.717834,-17.005941,-23.632793,-27.750385,-26.152767,-26.531649,-22.904846,-21.014046,-20.935417,-21.102959,-22.380814,-26.507248,-24.234152,-22.426678,-23.908901,-26.685287,-8.496256,2.8274102,8.457471,12.516955,13.890846,13.12153,7.9908724,-3.0030978,-6.372346,-9.857393,-8.496484,-11.044985,-13.45735,-8.68533,-7.6455956,-11.474678,-14.093366,-14.038554,-10.132595,-9.257237,-9.339735,-13.973371,-20.114897,-16.16769,-18.412598,-19.586613,-19.27845,-15.843449,-16.222412,-16.391886,-17.3825,-19.49292,-18.208881,-18.555935,-13.302814,-0.76519793,0.09844105,-3.7754683,-7.467828,-14.030989,-12.381897,-8.781598,-6.687278,-12.04459,-9.289559,-1.5583532,3.6250548,5.5092072,4.7027435,7.5602717,11.212393,12.722246,4.7506433,-4.950375,-8.114134,-12.105255,-5.3796678,4.3512664,2.2206385,-8.959711,-10.942949,-12.35742,-9.777145,-11.325455,-15.192967,-13.361927,-14.505515,-19.629349,-18.247454,-15.656744,-12.2119465,-17.119793,-19.001265,-17.369516,-12.589349,-7.3151436,1.5905411,5.1740546,5.97375,2.877424,-9.151781,-9.375052,-8.923075,-11.860954,-13.704482,-13.382764,-11.207047,-12.5998125,-16.46738,-21.197979,-24.635914,-25.581905,-22.383781,-19.632626,-22.638693,-24.990543,-19.396723,-16.909224,-22.07785,-24.156357,-21.839165,-21.924763,-28.246532,-27.107353,-13.285439,-11.803915,-19.813967,-24.304773,-28.140182,-32.36238,-24.694319,-15.026784,-15.038954,-19.399078,-28.130953,-20.817333,-4.192456,3.8878179,7.63329,8.456609,7.031185,5.0906553,0.5273285,-8.417789,-9.23329,-11.801542,-15.487642,-18.93147,-17.386639,-18.87912,-24.263184,-16.615444,-9.884171,-8.861762,-11.015219,-12.787111,-2.271369,3.320674,5.148606,4.257723,4.0990415,3.9101548,4.2693367,3.9705315,0.22921167,-5.5533643,-5.189233,-7.4244165,-3.9579306,-2.7931094,-1.0137475,-0.22904357,-0.8516341,-2.6201108,-10.7630005,-17.103285,-13.039507,-15.188389,-18.706373,-20.50171,-24.916897,-20.208107,-18.86472,-21.643917,-20.413479,-21.937616,-21.985052,-23.881227,-24.603584,-24.462364,-26.333025,-27.547205,-21.83538,-22.654734,-26.027828,-26.071386,-23.101524,-23.375633,-23.99421,-25.60087,-27.28073,-29.095787,-29.604567,-29.405437,-27.577862,-17.895466,-14.363033,2.2518098,8.887,14.137546,16.795422,11.234383,-1.7833096,-6.468785,-6.6204376,-8.274731,-10.917754,-12.827525,-3.5275254,-3.6926517,-8.315754,-10.333096,-14.658436,-15.691212,-13.4096575,-13.555334,-12.675653,-11.161949,-10.614587,-13.729027,-14.946035,-17.758263,-14.027543,-12.909105,-14.746018,-15.396848,-19.217566,-17.3013,-16.92638,-16.534534,-17.289345,-19.435932,-20.27829,-19.492899,-19.235792,-23.480137,-22.293602,-19.997995,-18.920612,-20.896242,-24.492023,-27.58619,-24.462547,-25.055468,-25.548372,-22.519173,-18.417938,-21.879986,-22.719248,-25.28994,-22.170696,-20.986813,-27.253067,-27.858467,-29.025333,-26.588924,-24.523294,-23.654346,-22.116459,-19.174421,-21.699532,-20.212227,-10.736271,-9.839013,-8.355092,-3.4983282,-9.468585,-25.511784,-17.325596,-14.082174,2.2639146,10.340504,15.094976,17.205214,16.578289,10.495869,-3.1243029,-7.1512938,-3.3423316,-3.7255955,-7.649602,-6.705288,-2.1267009,1.6448166,7.4115696,9.681545,9.546562,8.709507,4.666956,-5.9189425,-6.484641,4.640105,9.010196,9.410231,5.791895,-4.93829,-4.0996485,-3.8678694,-5.469213,-7.8422837,-8.64941,-9.594178,-12.000037,-17.818892,-17.514957,-9.433499,-3.3737063,-5.726145,-14.989934,-12.903992
-28.674307,-31.831882,-37.526684,-36.712654,-35.972435,-37.656628,-39.35667,-37.775784,-35.29741,-31.693363,-31.695934,-24.11294,-22.862717,-27.56376,-25.731724,-25.479124,-23.827211,-26.447475,-29.883564,-29.311743,-22.013496,-14.231954,-16.60515,-18.763271,-12.950638,-6.2061973,-7.225457,-10.275298,-8.204715,-6.6585875,-16.595903,-25.153864,-24.709526,-10.796997,-9.185201,-17.271206,-18.447468,-16.33495,-15.389469,-12.694491,-14.81855,-13.066372,-12.2252865,-17.699884,-20.583279,-20.339848,-18.065872,-20.426342,-22.410133,-22.699883,-20.293999,-16.91415,-17.23355,-18.807465,-19.457191,-19.462288,-26.111467,-26.654675,-21.680233,-19.230297,-20.666637,-21.739464,-22.313202,-20.14523,-19.628736,-19.894144,-22.881622,-25.937153,-29.670895,-30.258419,-22.218937,-16.839859,-16.78347,-18.560835,-22.330444,-26.937744,-29.705248,-27.077095,-26.326588,-27.411737,-17.944868,-15.977808,-18.161938,-9.171621,-11.993353,-20.746538,-16.883484,-18.164581,-18.175547,-22.645445,-24.527855,-24.220636,-21.593027,-22.95781,-24.099854,-20.205853,-19.681345,-22.992174,-27.745016,-28.171312,-15.778124,-4.4375067,-4.2531686,-14.257535,-23.805044,-22.412678,-18.335274,-4.540277,-2.9740083,-4.7712665,-10.270756,-22.079617,-23.063084,-21.99831,-18.373987,-20.081345,-22.065641,-20.311872,-12.620078,-6.2291675,-7.5011864,-13.61312,-9.874852,-9.678839,-19.918839,-23.219927,-23.352394,-17.687132,-19.364326,-20.650753,-17.376923,-13.749498,-18.361855,-19.800365,-25.242325,-27.364655,-23.654192,-19.17292,-22.17147,-27.82647,-22.381361,-23.76755,-23.730867,-22.091679,-16.203903,-13.066274,-16.98667,-20.204165,-24.986208,-28.05653,-28.482561,-29.170874,-26.582169,-23.128342,-24.458895,-7.71435,-5.1729107,-10.879725,-15.209965,-27.576176,-28.181438,-26.272457,-7.407792,-0.83818936,-4.7348566,-7.3197036,-12.69883,-25.838112,-27.559734,-18.839716,-15.224,-19.38165,-17.072588,-8.349142,-9.720897,-17.629316,-18.486177,-24.314846,-21.04279,-12.150498,-4.91655,-3.7905037,-5.3771667,-4.652584,-6.7387514,-14.728322,-21.873821,-21.849476,-20.645164,-21.162613,-22.68775,-21.869606,-17.778896,-18.37198,-23.716076,-23.449108,-23.173882,-20.057388,-15.771461,-19.381817,-25.769522,-25.473335,-11.818525,-4.574708,-8.982993,-23.45739,-17.938726,-19.121525,-20.399704,-24.52141,-25.141853,-24.208344,-22.404404,-21.674273,-13.028573,-11.271482,-18.257996,-27.970774,-24.349415,-19.562101,-6.418751,-3.1531765,-10.058811,-20.723696,-25.621304,-22.948656,-8.210489,-5.3395514,-11.195658,-15.252604,-24.902067,-27.743935,-17.648022,-11.069386,-16.093456,-23.783476,-21.91631,-23.10544,-26.373775,-26.704342,-19.456516,-17.000137,-24.861248,-19.056175,-15.906862,-17.299408,-20.618628,-24.927185,-32.685143,-35.37475,-30.358486,-25.813023,-25.886917,-25.852394,-9.8956375,-4.0812645,-7.000616,-3.1436589,1.7669512,-0.6379138,-12.064805,-17.1817,-14.4416275,-3.1713428,2.0375838,2.1452687,-1.2374424,-5.015201,-2.3294835,-3.647698,-2.732197,-4.6976967,-13.268933,-14.676533,-13.969069,-15.739479,-16.38194,-10.842941,-5.10498,-8.545648,-17.228416,-17.16091,-17.34975,-18.058685,-16.548542,-12.774698,-17.834541,-23.276917,-20.619122,-18.74036,-19.765083,-25.415075,-27.116327,-24.453562,-23.686647,-26.097633,-25.77753,-22.683273,-21.59836,-20.68026,-21.93908,-23.126194,-23.47762,-23.029583,-23.862537,-24.293114,-23.484783,-25.521347,-24.296558,-21.854729,-22.700008,-18.788261,-18.977234,-25.482332,-27.38267,-31.452854,-30.27667,-20.74541,-18.390215,-21.145943,-24.254606,-22.923737,-11.726876,-6.6466517,1.2781096,-0.4782137,-2.851431,0.285278,4.235861,1.7567124,-8.241709,-8.884461,-9.875126,-15.890498,-19.608574,-5.363181,-1.3311706,-4.5597153,-5.8770747,-9.84148,-14.668207,-17.018003,-8.684384,-9.995382,-17.481781,-19.16909,-11.470584,-2.8842952,-5.4308457,-14.735346,-18.340689,-13.506298,-2.837504,-1.9595407,-16.071526,-18.722178,-12.625872,-11.909609,-16.748535,-2.7973542,4.041781,2.7295158,0.19477534,2.998095,4.0380077,1.1431947,-4.556484,-10.200392,-13.615526,-12.82381,-3.215811,-2.5014062,-9.867365,-12.109413,-14.078175,-10.75779,-7.7233067,-12.46554,-18.033749,-9.108894,-2.8309631,-4.5624533,-13.40097,-20.819458,-20.098522,-22.905132,-18.086441,-14.6631155,-11.487186,-12.834817,-15.500101,-19.297983,-20.642778,-19.510752,-24.144585,-24.740953,-22.504814,-22.045242,-25.728699,-26.821468,-22.531927,-22.299332,-22.651077,-25.384195,-27.218082,-26.172056,-26.474932,-30.282806,-27.004622,-24.324768,-23.484821,-25.149632,-22.201096,-20.883373,-21.283203,-21.645754,-24.257668,-26.338594,-28.345173,-18.737335,-13.05377,-12.3857975,-15.556794,-21.207146,-20.663576,-21.490652,-26.352732,-28.185837,-26.584223,-30.04015,-30.69805,-29.12022,-30.394741,-30.78415,-25.963106,-25.408575,-26.2414,-30.208485,-34.734245,-30.69503,-31.579855,-31.967007,-25.821156,-23.623228,-25.190224,-23.70155,-21.491077,-20.99641,-23.255968,-26.202028,-24.334545,-22.60766,-18.955023,-17.61419,-23.347157,-23.853247,-12.829099,-1.5271295,0.99165297,1.5997462,2.8878136,4.146833,5.070901,2.59153,-7.461968,-17.927307,-25.2457,-29.336384,-23.358624,-20.89094,-18.593672,-15.903929,-13.311878,-15.310823,-19.502731,-20.968494,-20.411491,-17.757183,-16.856983,-17.276342,-12.382555,-10.915404,-17.063187,-22.387106,-16.198225,-7.7953315,-10.401221,-19.684507,-20.127523,-24.563522,-26.382584,-25.652298,-25.17825,-22.716621,-19.5498,-19.064487,-19.506548,-18.604158,-19.357908,-21.258383,-22.017763,-21.206219,-21.998398,-23.599667,-25.028923,-28.48869,-30.448282,-34.363792,-36.024605,-18.165861,-15.22551,-16.427603,-22.998564,-29.282406,-31.764986,-31.36444,-25.90818,-22.296984,-18.545311,-16.257265,-20.612362,-21.562235,-20.596693,-13.881271,-15.016304,-19.465078,-23.583097,-27.11039,-25.38827,-21.925663,-9.717654,-5.4408164,-10.749987,-19.510796,-9.813083,-5.205977,-10.805435,-15.334694,-17.233484,-23.746937,-22.131454,-11.6896105,-3.023878,-6.096828,-20.73655,-29.075071,-27.043121,-25.077614,-21.581505,-22.863815,-24.039457,-24.446362,-25.147568,-13.404444,-10.1678505,-10.623812,-5.6880445,-8.772816,-16.107998,-18.544495,-18.66503,-19.192448,-18.538424,-16.754124,-17.506767,-18.085966,-16.391968,-10.263952,-9.062828,-12.712184,-15.898156,-20.553658,-6.731186,-3.6767635,-8.94116,-19.996895,-20.186079,-12.589016,-9.804134,-5.8738575,-9.817024,-25.090387,-21.530916,-21.190252,-17.909548,-7.8573017,-6.9521947,-12.134881,-16.718845,-12.665037,-8.913861,-15.231356,-12.125982,-11.943845,-15.947084,-17.816082,-6.680936,2.3163476,5.060788,4.419913,2.6629586,2.5459468,-0.5763247,-11.969603,-12.355875,-6.8568015,-9.399597,-15.99883,-15.843849,-14.75895,-15.333431,-16.174572,-18.961948,-16.467249,-18.837244,-20.453913,-19.161564,-13.333869,-9.818857,-6.0755196,-8.129719,-14.38498,-14.873785,-13.180281,-14.702044,-21.531113,-23.440245,-22.916943,-25.194532,-24.749767,-20.417992,-16.218378,-20.813179,-20.44572,-19.077251,-17.460445,-20.485321,-22.387037,-22.039335,-21.857508,-16.308458,-17.140364,-20.686104,-25.440866,-25.776184,-24.095804,-12.61574,-10.581505,-19.725014,-25.75441,-25.673862,-20.026655,-22.22481,-26.528477,-24.393757,-21.370674,-15.028685,-15.937681,-22.272163,-12.822908,-10.330167,-9.373974,-9.729859,-9.115029,-10.0914755,-20.05369,-24.447723,-26.060755,-26.052504,-23.829815,-21.211205,-16.607824,-19.458017,-30.341883,-31.641638,-32.970306,-32.959282,-30.201607,-32.62344,-36.07503,-38.678593,-35.00039,-37.52809,-40.768875,-36.652245,-36.949074,-45.35974,-40.33915,-36.15406,-40.437927,-43.11837,-34.90098,-32.60134,-28.056698,-19.724321,-15.407679,-18.768713,-26.082893,-15.934344,-8.68053,-11.463056,-5.871916,1.2550901,4.628383,4.567237,4.340874,1.5823395,-11.309339,-17.807266,-10.528809,-0.30280292,-2.3253124,-15.102444,-19.774164,-12.669496,-12.508017,-17.27773,-17.149235,-19.478783,-15.953894,-14.704153,-11.46073,-3.3621395,-4.7321024,-9.646685,-9.42967,-13.253594,-18.99899,-17.418873,-8.446676,-6.7200346,-10.989275,-20.83445,2.4328806,9.148544,3.9134052,-3.6338449,-8.111647,-5.952689,2.0298512,1.072718,-10.1376095,-21.522068,-17.011366,-11.713091,-11.85912,-12.212857,-17.243149,-16.953758,-22.025063,-12.189457,-9.766655,-14.582209,-19.097767,-23.078602,-24.509647,-17.175682,-6.0353427,-6.482541,-14.58209,-20.354176,-21.487614,-19.481194,-23.634705,-19.843493,-19.680632,-20.59935,-21.521046,-23.472616,-23.399897,-23.782692,-21.45874,-23.255318,-23.138783,-22.523888,-23.823177,-28.045732,-29.378178,-31.181337,-31.552364,-27.321564,-25.320457,-26.529411,-29.277334,-35.86528,-35.29764,-32.994904,-30.740383,-30.244785,-23.307287,-15.701951,-15.0533905,-7.0826716,3.28474,8.61303,9.3850765,6.43841,-2.6539965,-13.538816,-19.587997,-16.831654,-15.566952,-17.725803,-11.133595,-9.917411,-17.193787,-22.00468,-21.152468,-22.52157,-19.556614,-20.036638,-18.307402,-21.037186,-25.105991,-25.315083,-24.423697,-25.562689,-24.131802,-23.676607,-20.513556,-17.652542,-19.842684,-23.917542,-27.733213,-28.643877,-25.855839,-24.204996,-24.374094,-26.80391,-31.690147,-35.428436,-35.60176,-32.645763,-31.05082,-29.201033,-30.939064,-33.019424,-33.930576,-35.892956,-33.246815,-30.209282,-29.324673,-27.800034,-28.68514,-26.207659,-25.095612,-27.030613,-29.063864,-30.404327,-29.684048,-30.165606,-32.004467,-32.95338,-21.403992,-19.611088,-28.21676,-31.326385,-32.4727,-38.036846,-36.118183,-36.319843,-30.28896,-25.645561,-24.922695,-25.969563,-27.799665,-28.141258,-31.68404,-29.822865,-20.4132,-16.446857,-18.0326,-23.338224,-27.592783,-20.97633,-23.354023,-23.499973,-26.389511,-34.45041,-24.244583,-15.039786,-16.515438,-12.323247,-12.392154,-11.303887,-10.87214,-10.386286,-5.2797747,-7.7778964,-15.964451,-21.35089,-25.42421,-28.555773,-28.421116,-20.94921,-23.3308,-25.987732,-26.508808,-27.054428,-27.864136,-29.553106,-31.73424,-33.913555,-19.833395,-14.908205,-14.634639,-20.11342,-30.54919,-31.358908,-30.42405,-28.530735,-13.409445,-10.576097,-15.421024,-15.988482,-16.87991,-21.93342,-25.614271,-24.210672,-23.540802,-23.351744,-18.028797,-16.703966,-21.98743,-23.20757,-10.703435,-5.8132496,-4.263836,-7.280951,-10.163379,-13.336842,-11.938871,-17.258116,-28.399433,-24.910404,-19.879948,-21.556335,-24.253696,-20.762196,-18.630362,-19.693146,-25.034164,-18.448997,-13.349914,-13.968047,-11.756092,-13.585678,-12.980497,-15.4964695,-17.783453,-21.592258,-18.852276,-16.246716,-15.620666,-19.192688,-21.367693,-21.026812,-19.009474,-14.344578,-18.932323,-21.09327,-25.287693,-24.757458,-21.306093,-22.86025,-31.157742,-29.438648,-28.211792,-28.750225,-30.792469,-29.385118,-27.315681,-25.223412,-29.004957,-30.961668,-32.04821,-38.87268,-39.361725,-39.27102,-41.997444,-39.692997,-40.54174,-37.6295,-36.024967,-39.33326,-40.407257,-42.860664,-36.264378,-24.053278,-22.643822,-26.45121,-34.517063,-16.995523,-9.181364,-11.405984,-18.417395,-18.293257,-7.660578,-7.0063705,-22.453297,-21.381132,-15.9385395,-20.204676,-18.845581,-17.603905,-26.700438,-29.376318,-27.129986,-29.7246,-25.872324,-21.379488,-21.635866,-22.471481,-22.949646,-20.156277,-21.075851,-34.061195,-31.875198,-28.499395,-23.112803,-20.32613,-15.678833,-14.830936,-15.884891,-17.802351,-20.01453,-16.153282,-3.8752708,-1.2697589,1.4319503,3.4348164,0.42915177,-6.8884344,-11.67738,-13.879967,-15.294086,-13.959585,-9.423531,-7.393759,-8.756117,-9.162713,-2.5508714,8.475105,13.801737,12.977495,9.414966,9.503518,9.771432,10.574732,9.942968,1.8812169,-9.851095,-11.731075,-8.969198,-7.149792,-5.4666615,-6.1473837,-8.391723,-12.691821,-16.50775,-14.819526,-12.436532,-7.818924,-11.737127,-15.545635,-14.095388,-14.695257,-13.274321,-11.260487,-14.143562,-10.926823,-8.923186,-15.808205,-16.625372,-12.939804,-15.209079,-22.067919,-22.080193,-19.673725,-20.377161,-19.621943,-21.801693,-24.999735,-21.691471,-21.625858,-22.230852,-22.338154,-23.734852,-16.393839,-13.931352,-17.136715,-22.274258,-25.554676,-23.86047,-25.868279,-15.039373,-5.3686113,-6.343377,-17.825142,-25.225117,-29.32226,-26.572971,-18.845078,-12.303303,-14.69057,-18.144335,-26.646559,-25.194202,-22.37198,-18.832726,-11.604749,-12.750439,-17.754818,-21.250301,-18.148651,-16.93232,-16.366951,-13.995563,-14.654031,-16.354794,-16.259054,-16.073254,-19.083733,-19.603262,-19.7449,-20.185917,-19.175787,-18.826117,-13.776197,-14.284433,-21.380102,-24.249939,-25.257265,-22.664085,-10.033739,-0.63719857,0.46832752,-1.6588368,-4.9195213,-10.7224455,-11.942678,-9.215668,-11.81531,-13.508811,-14.668317,-14.594637,-17.05643,-16.052341,-16.671877,-21.056725,-22.5482,-23.08592,-25.196678,-24.037575,-27.484764,-30.350735,-24.847677,-23.132744,-24.470295,-24.587526,-25.047897,-24.580257,-28.356026,-30.698788,-26.338516,-26.246887,-29.964508,-32.73315,-33.414284,-35.109978,-31.739157,-29.045761,-35.378273,-39.86516,-42.625698,-43.759174,-40.093033,-39.066658,-27.318401,-6.2170835,-3.5228708,1.1490304,10.2518835,12.965232,13.164141,12.197321,9.604719,2.7895756,-6.920745,-8.593341,-5.754559,-6.393592,-8.561546,-6.5309505,-9.455909,-11.463806,-13.80062,-12.6880665,-14.604691,-15.775297,-15.006111,-12.341241,-13.249628,-15.433128,-15.761529,-16.218678,-17.258846,-14.451467,-13.446637,-13.789996,-13.470245,-16.165844,-15.691561,-15.858441,-19.266909,-23.039825,-21.83676,-22.129814,-20.501068,-23.716185,-24.127354,-23.389254,-23.779402,-21.846043,-24.911135,-25.58918,-22.893972,-23.93054,-23.968151,-23.90425,-24.140415,-23.815489,-22.083271,-22.18874,-23.550018,-23.3667,-26.543125,-28.479097,-24.976568,-22.776264,-20.450882,-19.109552,-19.879717,-19.507292,-10.37345,-11.257843,-13.721138,-10.786049,-18.278088,-24.560759,-23.425625,-17.09847,-4.4005194,-3.835297,-9.010994,-7.9077063,-0.46939743,-1.5822196,-17.48419,-18.935564,-14.965707,-16.584501,-17.230988,-12.519265,-13.785009,-13.611165,-13.559729,-11.358902,-11.1408825,-9.327161,-5.674981,-10.710816,-14.668617,-11.158792,-15.463984,-13.596778,-7.0292196,-11.747181,-18.914988,-21.215523,-24.046432,-27.854803,-27.49322,-22.304394,-20.22526,-24.781384,-26.575256,-21.028614,-15.986406,-18.366325,-19.311203,-14.336749
-31.449062,-30.876152,-31.207926,-30.014069,-29.503328,-31.340597,-35.440678,-38.38873,-35.1737,-24.288189,-24.26141,-25.00344,-21.360939,-24.002014,-23.262054,-20.93267,-21.55272,-22.646074,-24.314968,-26.745539,-18.07606,-13.533792,-18.413675,-17.519123,-13.357241,-6.1856804,-4.2917576,-7.8219123,-5.0672436,-5.390033,-18.539656,-25.358751,-26.040907,-15.41399,-15.021847,-17.632946,-15.773784,-19.344389,-16.052244,-8.200521,-10.351902,-15.521534,-13.841439,-15.868795,-19.471762,-21.732395,-19.47668,-19.379086,-19.272797,-21.368546,-21.399464,-17.144234,-17.1708,-18.509842,-20.808395,-21.008635,-24.805443,-24.117682,-18.780354,-15.440059,-16.647587,-18.907627,-19.697681,-17.367876,-17.82406,-19.990799,-19.270594,-23.580168,-32.02724,-25.770351,-21.36775,-16.37081,-14.941505,-15.857676,-18.539412,-22.605377,-25.298368,-24.208925,-24.625929,-27.243042,-17.683876,-14.095003,-16.581913,-13.3882675,-17.089254,-19.184786,-18.35868,-22.010023,-24.185516,-23.762625,-16.21529,-14.52425,-19.245264,-22.362555,-23.481228,-23.77323,-22.92559,-26.82316,-26.384548,-24.00629,-13.49877,-4.4691663,-5.309042,-9.711059,-18.9356,-21.507235,-13.498734,-3.9076061,-6.252552,-4.4867415,-4.649721,-15.57519,-20.387333,-22.371418,-20.95882,-21.334742,-17.761412,-18.914688,-18.324764,-3.3616452,0.8536034,-2.2753344,-8.978455,-14.324368,-22.178787,-24.277386,-19.999134,-12.869376,-14.142887,-19.914654,-8.739706,-5.582658,-13.725181,-24.643078,-28.098547,-29.71673,-24.272583,-18.436182,-20.6709,-25.815765,-26.699478,-24.459435,-21.515085,-17.906086,-12.918968,-11.678431,-16.411919,-18.662664,-23.148186,-24.381659,-25.24975,-25.110228,-27.825985,-24.28889,-24.247143,-9.650467,-9.101777,-9.2494335,-10.825248,-26.908318,-30.763071,-29.039333,-7.7543254,-3.3663151,-9.521598,-7.0859747,-9.853467,-19.935019,-26.60105,-23.372633,-21.348608,-19.791553,-19.70212,-14.831157,-15.335993,-24.47929,-21.535679,-20.652761,-14.45612,-9.021014,-5.328085,-3.0778093,-1.5827172,-1.4031856,-2.0472212,-8.149734,-24.765244,-26.253056,-24.773567,-27.108978,-26.274971,-27.739126,-23.024193,-21.936274,-23.373014,-21.792763,-17.856373,-20.09475,-23.340027,-22.54902,-24.29253,-16.97258,-1.2217153,2.3788893,-5.472741,-17.666521,-12.361637,-13.56288,-16.087503,-22.758942,-23.486477,-24.433693,-18.552778,-5.4529805,2.3052826,2.4458063,-4.5956616,-16.635872,-19.703945,-12.301323,-1.1194922,-0.5967163,-6.3060784,-13.688721,-22.287323,-19.825994,-5.8249626,-4.7435617,-12.526888,-10.344585,-17.031635,-24.02475,-14.281588,-8.972883,-14.872412,-17.839912,-13.86425,-19.077227,-27.183743,-26.8664,-19.902397,-19.250996,-26.413525,-15.060039,-10.836839,-13.50618,-17.422312,-24.714527,-33.89439,-35.971134,-26.997173,-19.825289,-22.682293,-19.904057,-5.98397,-4.941925,-14.962569,-15.996466,-12.755461,-8.193748,-2.5797791,-4.9299617,-8.160654,-5.7878475,-8.374953,-13.170475,-6.080256,-5.1395674,-8.125187,-15.053601,-13.145191,-8.502912,-9.588175,-11.861177,-11.539309,-12.530041,-13.762451,-13.471242,-7.989535,-7.598523,-14.147484,-15.76722,-17.804735,-16.737774,-16.951225,-13.933584,-15.166721,-18.608955,-18.111094,-20.714577,-26.187828,-29.037512,-30.456879,-29.31216,-22.121666,-22.327847,-25.809553,-20.550995,-18.2051,-17.032398,-16.878168,-17.415934,-17.848108,-17.697924,-18.67252,-19.14382,-19.281332,-21.435299,-20.98072,-21.45657,-27.40606,-18.242735,-15.035376,-20.27871,-28.307678,-28.37156,-26.769922,-15.264846,-14.967997,-20.647842,-22.493614,-20.236187,-8.853964,-5.6761513,1.0145594,-1.4642471,-15.393637,-15.376503,-14.1731415,-12.67993,-0.6883284,7.997732,6.8827257,-3.909018,-12.018469,-2.06656,1.4805108,-3.4689875,-5.9492974,-6.9178305,-11.86079,-11.245828,-4.90328,-6.445024,-18.501776,-17.80722,-14.836769,-6.294436,-8.171942,-14.758273,-15.948008,-15.950309,-9.6792,-8.681215,-17.041126,-22.576265,-11.974186,-8.796629,-13.072467,-7.857155,-0.38648695,3.566093,2.6932786,1.9183158,2.708167,4.3378744,2.0880086,-7.591271,-12.477686,-10.346059,1.7095684,2.5540698,-6.7307954,-10.590492,-10.785184,-4.3977704,-1.4927937,-5.5964127,-19.151814,-10.238048,-1.3229315,0.73384017,-5.9266567,-14.765582,-21.1768,-21.014814,-13.276861,-10.126049,-6.6689057,-8.749728,-13.201584,-15.275831,-19.968239,-21.894331,-24.54111,-20.204687,-17.515509,-18.811014,-20.33052,-22.070024,-19.98844,-18.962753,-20.446741,-20.696815,-20.135616,-23.112383,-24.924002,-24.555923,-22.850409,-21.032242,-19.507263,-21.426315,-18.491285,-16.952349,-17.29605,-19.390406,-20.63211,-24.02564,-21.457558,-14.106184,-10.424421,-7.3539724,-8.848784,-15.099641,-13.956485,-12.786264,-15.201923,-16.76141,-15.411114,-18.729372,-21.193838,-19.246433,-18.151773,-17.928087,-16.37526,-16.553503,-20.479305,-27.907354,-29.955807,-28.550312,-31.984165,-30.933147,-24.97566,-23.411995,-24.07903,-17.138288,-13.229636,-12.512032,-14.181748,-16.180634,-14.5196705,-13.762549,-14.9030485,-15.852795,-17.182987,-16.678137,-14.044338,-7.263509,-3.9586093,-3.6698034,-3.9498649,-5.258524,-8.168162,-9.879342,-13.631152,-18.352182,-21.159569,-19.20522,-21.677452,-24.56559,-22.992832,-11.937076,-7.6695914,-12.860176,-23.749971,-26.17849,-22.079134,-18.165743,-15.429018,-9.934465,-10.349157,-10.455003,-14.624991,-24.251497,-13.12807,-7.696988,-13.611632,-21.054699,-18.743309,-25.129162,-31.257765,-28.861742,-28.657574,-26.467073,-19.261448,-16.915108,-17.165625,-16.643145,-17.528917,-18.220274,-19.52093,-17.628805,-18.405458,-21.290695,-25.511826,-31.172192,-32.096897,-34.380474,-42.282795,-13.199669,-7.516417,-10.125886,-16.300013,-21.265541,-27.509953,-29.722517,-28.003933,-25.794237,-18.107447,-14.433844,-18.862694,-21.24798,-18.4706,-13.602611,-13.700058,-22.808563,-24.324377,-22.786701,-21.338923,-20.804287,3.236824,9.500335,5.720694,-5.18274,0.73026395,5.7499456,-0.8888057,-16.275574,-15.693723,-16.595404,-14.457273,-13.4087515,-5.8474545,-7.9005284,-16.6934,-19.458826,-19.679607,-19.286577,-13.716352,-15.302494,-21.03382,-20.091515,-22.289972,-13.732929,-8.763659,-9.019603,-6.8174295,-10.901555,-16.149647,-27.305958,-25.828472,-24.931564,-26.365513,-23.186312,-23.457594,-29.923233,-28.137503,-25.36169,-24.032124,-22.89217,-24.087248,-25.503944,-25.506231,-26.414127,-29.317223,-29.9301,-19.985083,-10.915525,-8.2939825,-11.898575,-18.652054,-30.178104,-27.96312,-24.031694,-16.049347,-11.735516,-11.493535,-13.333828,-15.725547,-17.546982,-16.077679,-20.876053,-12.251823,-10.919442,-10.194202,-5.6883764,-4.4865685,-4.6433053,-3.6144722,-0.5463857,0.07840483,-1.2838585,-4.2185636,-13.88857,-16.508224,-15.093264,-14.624008,-15.532951,-16.440403,-15.856293,-14.137499,-16.00587,-18.43226,-19.918032,-23.019255,-24.499405,-22.53668,-16.996624,-14.003986,-12.221755,-9.077094,-10.417841,-15.792515,-19.305933,-15.855298,-22.167547,-24.351143,-22.984228,-27.981571,-28.834526,-18.659,-16.177748,-23.312878,-29.775236,-23.232801,-19.811684,-20.67647,-21.868874,-20.336075,-22.342817,-23.358973,-21.798866,-25.027674,-24.87118,-24.20265,-26.094076,-31.349392,-32.36733,-26.889606,-28.567314,-30.838531,-25.73273,-23.70806,-26.836626,-28.851063,-15.839995,-10.904697,-15.475676,-22.365627,-18.593805,-16.878986,-17.65608,-23.437164,-15.45261,-10.477789,-13.169096,-10.513515,-10.847897,-19.099922,-25.089676,-15.599712,-10.398792,-16.476265,-30.939034,-31.697659,-32.546898,-31.683313,-30.89424,-33.06462,-36.627995,-35.717377,-34.77223,-33.460533,-35.6278,-35.637848,-36.277184,-39.54142,-42.13753,-42.88356,-43.66571,-42.71774,-41.145596,-38.343197,-30.4428,-20.90179,-19.847296,-24.247839,-29.129965,-19.68308,-12.912771,-15.5161915,-20.443035,-17.028442,-17.956753,-21.54673,-12.486328,-11.475283,-19.393843,-22.594017,-15.396911,-4.254262,-5.003131,-11.842956,-16.1898,-13.990378,-12.525405,-17.351982,-19.381317,-21.891323,-13.034984,-11.312757,-7.839108,6.9273667,8.75156,-0.055941883,-14.068824,-19.01529,-14.253054,-5.9046803,-0.7144301,-0.33481807,-7.03335,-17.039404,-1.0782152,5.962853,5.6285534,3.5966105,-8.214091,-11.073511,-4.991217,-6.172313,-17.473778,-16.529867,-15.749707,-10.043374,-7.141287,-12.635808,-24.254759,-23.337917,-20.06931,-21.310265,-22.96521,-20.914785,-22.756708,-23.377865,-21.682692,-19.594053,-14.976849,-16.662977,-25.678091,-26.874397,-25.55585,-26.251244,-31.586452,-19.18688,-16.32002,-17.059128,-17.506296,-18.600218,-21.690073,-23.695705,-25.196648,-22.680935,-23.17547,-24.170076,-24.821716,-27.340794,-30.984213,-32.32922,-33.234562,-28.694153,-26.26492,-26.560886,-28.758831,-35.978886,-41.43021,-36.178936,-32.06166,-31.806835,-27.060835,-20.414095,-20.745867,-22.080513,-28.679379,-27.84868,-20.966602,-14.943648,-17.195618,-13.277916,-9.360447,-15.517358,-25.628834,-20.74149,-5.947595,-5.1796775,-15.262322,-20.354546,-24.582731,-29.935974,-26.44841,-24.761486,-19.676325,-16.729393,-20.95897,-22.768633,-23.201208,-24.961872,-26.991816,-30.789011,-25.204182,-19.914753,-21.703012,-25.54906,-25.484272,-29.281227,-30.892336,-31.507595,-33.360947,-34.967884,-31.263372,-31.361017,-36.35897,-41.605812,-38.44051,-38.69533,-33.205494,-32.879833,-33.448265,-35.12545,-36.32464,-41.158997,-35.801598,-30.756008,-24.136827,-23.62791,-24.834604,-29.280321,-31.685425,-30.437752,-31.08459,-30.404226,-32.578136,-32.678116,-23.524708,-22.583931,-31.288874,-35.753002,-41.129536,-41.719116,-33.38558,-33.280296,-36.597996,-29.3498,-26.833097,-27.41459,-30.798262,-30.218212,-32.766365,-25.242939,-17.788383,-14.4986105,-14.466895,-20.802174,-22.770245,-17.875835,-18.276833,-19.64104,-23.034039,-27.105982,-15.805055,-7.204808,-9.436322,-18.13162,-15.623983,-19.323616,-28.039062,-23.058804,-14.938229,-17.295269,-21.43955,-24.905243,-30.674555,-30.525131,-29.294758,-23.17017,-21.25804,-25.264303,-28.291954,-28.027264,-31.680054,-33.916306,-32.76906,-31.840937,-6.0250688,1.8686241,0.7662746,-7.804728,-21.32526,-25.1432,-23.60804,-20.288006,-10.355022,-4.1151104,-8.313088,-17.255117,-17.529425,-17.503143,-18.684246,-19.407476,-19.33344,-20.264128,-19.4827,-17.704199,-21.45285,-17.799088,-7.253447,-3.545137,-8.409263,-12.737183,-14.478472,-14.681321,-16.42804,-23.476482,-25.270948,-22.152966,-18.348463,-22.73083,-32.02351,-28.564686,-20.225466,-19.677242,-20.786535,-7.5777316,-6.1040754,-13.91059,-14.900374,-8.961685,-6.2530975,-14.477433,-20.794167,-17.981947,-18.214542,-21.206333,-24.350391,-25.604053,-23.883053,-24.424385,-25.114311,-24.875534,-25.19726,-23.68465,-26.037495,-28.1808,-26.129683,-28.297958,-31.400614,-30.936777,-28.084366,-27.312073,-29.772419,-29.983671,-25.570446,-24.86652,-32.398636,-37.735466,-37.49444,-39.940014,-41.409065,-37.41941,-38.2805,-44.21953,-40.49294,-38.020035,-39.522697,-36.72691,-37.748352,-38.88858,-34.055637,-24.062193,-20.906418,-24.974876,-31.301077,-22.253372,-16.71184,-16.259205,-20.19476,-20.228539,-16.186737,-16.323608,-25.335085,-16.270657,-11.258282,-15.907655,-20.998192,-18.002222,-22.909353,-30.081842,-31.450655,-33.91872,-25.615643,-21.266354,-23.691734,-22.004328,-16.99638,-15.277206,-19.82885,-32.449482,-34.289707,-27.513712,-22.103043,-21.074247,-12.782255,-10.401007,-12.857341,-15.883856,-16.774742,-18.663813,-17.322899,-7.367654,0.0885854,6.8965173,11.015541,8.444497,-0.78399694,-5.0771,-10.832087,-12.496708,-13.835524,-11.770525,-8.399373,-10.35947,-4.7543263,3.8072536,6.89117,11.772106,14.752649,15.5035925,15.377287,13.710729,9.765579,1.7953014,-9.836651,-15.193605,-13.326891,-11.430239,-5.28654,-5.357206,-10.903711,-13.493695,-13.952215,-12.822389,-5.755888,-1.8182098,-6.876482,-12.104497,-8.303172,-4.2156906,-7.7869234,-7.1936793,-11.942909,-13.487101,-15.64982,-22.957294,-22.649258,-16.46278,-15.1321125,-21.7361,-26.186619,-17.546515,-14.891696,-16.195198,-20.62558,-25.399925,-19.350431,-17.002699,-17.446587,-18.317633,-17.494385,-1.8671864,4.3032722,1.6541669,-9.71237,-13.936695,-15.742832,-14.989607,-3.8848023,-0.0025248746,-5.9105663,-12.884258,-19.178947,-20.2739,-18.869728,-12.302439,-8.387976,-12.372803,-11.805197,-17.922207,-22.442675,-18.719942,-13.565183,-8.041526,-7.876648,-14.423379,-18.774693,-23.332155,-20.260872,-19.426676,-17.014416,-18.41542,-22.025024,-22.675247,-24.466955,-28.061562,-25.603409,-25.777626,-28.223164,-25.140497,-19.465076,-13.077407,-10.369988,-16.359674,-24.654692,-24.107288,-22.974646,-10.782199,2.7306411,5.3954363,2.5805428,-1.7153842,-7.1819124,-9.276127,-7.15815,-11.490648,-17.800043,-20.545885,-19.8008,-21.766302,-17.0129,-16.77595,-20.896008,-25.250397,-27.546377,-30.187756,-29.879395,-34.422577,-32.647713,-23.60014,-17.99562,-17.498854,-18.614962,-18.583323,-21.84518,-25.693611,-25.77736,-22.687492,-24.404797,-31.209774,-31.02606,-30.748997,-31.117823,-33.16979,-30.024624,-32.86245,-40.929585,-40.7016,-42.89244,-43.42243,-43.240505,-25.931349,-10.717441,-9.588282,-16.597883,-7.667022,5.5120907,15.259213,18.75795,18.95416,18.055862,16.011425,14.099431,10.512227,5.072711,2.1924338,1.0676566,-1.0028522,-3.8993282,-6.3541155,-10.15682,-10.298077,-9.893552,-5.363038,-3.3657274,-5.804492,-7.471747,-7.9777436,-8.978368,-12.6470375,-10.149424,-8.701897,-11.220389,-16.329674,-13.499105,-11.774879,-14.49602,-17.686626,-18.333017,-14.918965,-14.16029,-15.433322,-19.411852,-18.378223,-19.543621,-18.39079,-14.7324095,-17.035343,-20.13775,-22.579288,-21.952211,-20.469267,-20.138071,-20.234785,-20.925753,-24.285835,-22.20316,-21.857433,-21.636446,-23.371248,-23.293175,-22.438011,-19.990217,-16.152176,-16.041927,-16.96185,-15.940945,-6.234066,-6.3438706,-15.697154,-13.912564,-19.035986,-23.512306,-21.87836,-19.047834,-8.313736,-6.185779,-8.976716,-12.017909,-13.089682,-11.940733,-20.133446,-14.63963,-11.083547,-15.153457,-9.697551,-1.5275263,-3.4096818,-9.299365,-13.488113,-19.43734,-18.007511,-14.653212,-15.775308,-20.528198,-15.827745,-7.648318,-7.0529704,-9.596381,-8.417442,-14.999025,-18.204311,-18.96819,-22.225403,-19.764269,-21.583706,-23.74133,-23.544994,-24.393581,-20.709927,-16.9857,-10.585306,-12.613985,-18.46114,-14.537653
-29.489594,-32.6577,-35.382744,-38.825996,-41.484955,-42.658432,-40.565742,-41.785778,-35.14355,-23.360483,-23.966658,-22.614117,-18.547325,-23.476715,-25.160252,-21.072779,-22.349394,-22.417164,-18.133474,-17.172081,-16.155457,-10.343405,-9.331801,-11.61986,-15.411919,-14.905806,-17.494286,-17.907158,-3.987293,-3.8056157,-18.110937,-25.514555,-28.20409,-22.524311,-21.11028,-20.43943,-21.23225,-27.70699,-14.31087,-6.3753505,-10.420699,-27.009298,-24.378645,-22.658167,-23.933077,-21.875866,-22.016117,-27.546787,-26.643686,-21.95898,-26.205524,-29.68275,-29.468908,-28.523104,-30.423744,-33.487953,-31.67603,-29.513655,-30.637943,-26.673681,-25.584887,-32.075363,-32.386993,-24.743984,-25.09178,-20.67211,-18.53762,-24.445183,-34.094887,-28.674103,-26.20271,-25.173922,-24.874964,-25.954073,-29.43892,-34.461754,-40.925365,-32.911507,-31.600645,-28.91251,-19.995674,-14.363556,-14.401602,-18.265068,-25.72229,-20.725367,-19.808676,-18.624542,-17.900387,-15.552307,-4.1111283,-0.11351046,-4.272786,-6.3207397,-4.9351935,-5.2869444,-6.6067214,-7.32994,-13.691301,-24.221062,-15.334286,-9.985545,-5.1710653,-2.7859364,-11.037082,-21.2972,-9.587818,-3.584869,-8.182783,-3.1922343,-0.63977873,-7.382686,-13.491129,-20.948761,-19.97022,-19.124374,-18.342411,-20.301868,-22.453724,-10.456848,-3.614527,-3.6944675,-8.310886,-16.256426,-24.11065,-26.033743,-12.907217,1.883645,6.026487,7.1007614,6.765651,2.0760238,-10.844983,-17.787878,-16.306046,-16.492037,-22.988054,-23.40155,-23.746855,-26.623627,-25.113564,-20.038774,-19.637085,-10.765905,-3.9003577,0.041470014,-0.4648058,-2.1148052,-5.3607373,-4.974481,-3.1112938,-2.9504309,-7.880302,-17.282675,-21.589373,-12.291789,-11.494536,-6.794158,-5.4538226,-15.745508,-20.357674,-19.954344,-12.0693445,-8.791876,-13.889933,-3.623767,-3.6132705,-14.662595,-25.281334,-23.442085,-25.575573,-22.979223,-21.603218,-20.463953,-20.925493,-24.092548,-26.175154,-11.781236,-3.151914,-4.4615717,-15.800452,-19.026573,-21.51006,-22.40162,-12.84346,-12.5631485,-16.236933,-17.114275,-16.665335,-15.822113,-15.848042,-16.61039,-21.119026,-24.333843,-24.250832,-24.262596,-20.578972,-22.138454,-24.887009,-22.140701,-12.47052,-1.0479863,6.111108,5.1704617,-5.3457937,-2.380743,4.5568647,6.3826175,4.4335647,3.077137,1.173089,-3.2448955,-4.2762327,-0.073832415,1.0222915,0.33218172,-0.4124534,-8.569417,-14.851044,-12.977928,-4.561037,-4.3490353,-3.4887383,-7.9679437,-18.287636,-14.712772,-7.1476192,-9.107157,-11.316404,-7.001025,-12.765794,-19.860023,-15.571468,-12.772646,-18.794325,-14.7482,-10.489012,-15.273275,-20.513506,-22.77058,-26.158089,-27.365757,-30.834417,-22.927555,-20.371181,-28.116133,-24.687126,-22.946568,-27.968678,-29.213959,-25.260899,-18.123402,-19.199137,-16.248585,-9.47217,-12.368572,-23.480528,-19.679848,-15.617217,-10.796412,1.9421841,5.0271516,4.1697574,0.97139287,-9.947392,-14.392854,-19.169905,-21.637152,-18.259836,-16.12898,-21.459429,-24.20659,-23.141356,-25.50772,-24.622032,-23.049744,-26.999195,-31.485136,-21.266998,-18.400785,-25.053875,-23.741253,-22.007912,-22.54902,-24.044485,-14.589214,-15.736622,-24.682716,-20.584984,-22.046486,-25.727226,-35.743614,-34.94408,-34.43935,-30.146492,-30.289127,-30.961357,-29.038885,-33.16632,-34.3117,-34.223568,-33.496212,-34.179073,-35.777905,-35.56205,-36.36807,-38.177124,-39.115814,-39.913017,-41.057316,-31.525143,-15.943943,-13.9993725,-22.641182,-34.83542,-32.602062,-25.557999,-13.99293,-14.062265,-19.247343,-18.000053,-16.108067,-8.706883,-7.209631,-2.6634333,-5.875368,-19.226034,-16.847473,-16.230198,-14.402,6.854376,15.880964,17.25027,11.429863,1.589409,1.7988156,5.6101875,0.8177963,-3.5574875,-7.666736,-11.577299,-9.426881,-3.3182187,-4.750494,-15.76456,-17.065332,-14.749376,-12.301835,-16.702238,-14.31582,-12.346113,-14.393745,-11.211739,-6.2830253,-10.887623,-20.907038,-11.0476675,-9.396538,-15.187825,-9.669952,-11.414699,-13.733561,-16.337927,-20.14968,-15.921942,-1.5955627,1.8366852,-6.110632,-14.819179,-7.7130227,3.6881723,2.2312298,-12.936249,-17.228895,-20.257885,-15.000152,-11.103784,-8.210966,-12.790661,-6.136418,4.5700164,3.249698,-8.076984,-12.194962,-16.23426,-18.159754,-12.56261,-9.865199,-11.429815,-15.126561,-17.784855,-20.186974,-21.05198,-20.47591,-26.380035,-22.191103,-24.315697,-24.43356,-20.47382,-17.978197,-19.825905,-20.778519,-21.689045,-22.77049,-24.992151,-30.446705,-26.851587,-22.885933,-20.837744,-21.20259,-23.522635,-22.713062,-23.394165,-26.808165,-24.98887,-26.354311,-29.49326,-29.035006,-26.197174,-22.153591,-21.316317,-22.211536,-22.036411,-23.13911,-24.789856,-23.946602,-23.209764,-24.26714,-23.717522,-25.571718,-29.243309,-29.085548,-26.710503,-26.546417,-26.958704,-27.633354,-32.10442,-36.299824,-39.902912,-40.598167,-36.341415,-35.282227,-32.54227,-29.27145,-26.043037,-24.933971,-25.681084,-25.782509,-26.24018,-27.368843,-25.903605,-26.069944,-16.553726,-14.111803,-23.224718,-29.214508,-27.715763,-20.926477,-22.415142,-27.008791,-28.229513,-30.03525,-29.120302,-21.125462,-15.949684,-18.205175,-7.7561045,-2.523495,-6.104598,-16.275541,-9.440161,-2.4048085,-1.6064823,-5.394376,-15.0964155,-22.060526,-22.794807,-16.860435,-9.211094,-5.9230227,-11.09468,-13.324135,-12.848064,-23.670443,-12.554895,-9.63219,-16.930492,-20.322914,-11.949156,-14.124874,-23.511364,-21.690208,-22.611053,-32.241425,-30.47815,-30.417732,-35.497456,-35.712597,-32.74937,-35.406986,-32.127403,-21.05811,-18.580338,-25.485003,-31.881939,-32.173588,-31.524258,-37.552944,-47.680836,-6.127372,3.8892987,5.429206,3.39224,1.017618,-1.4577168,-6.5370517,-19.695995,-19.91914,-19.383198,-18.424488,-22.042809,-27.733913,-15.915605,-11.37465,-14.773406,-22.038528,-24.889566,-25.21758,-21.85987,-17.16864,8.18815,17.774263,18.46308,13.788536,13.966196,13.094643,3.9319775,-7.2617636,-6.1136203,-9.756619,-8.589409,-7.201336,-6.215079,-7.0478554,-13.362069,-10.960747,-9.247562,-13.789904,-7.015059,-2.109369,-4.725818,-7.6014633,-2.6151285,1.4024006,-0.8257283,-10.934095,-12.257847,-13.024092,-16.577967,-18.354065,-17.16255,-15.36762,-14.276302,-14.30558,-16.143265,-18.965723,-21.952034,-19.205072,-19.738085,-21.711111,-20.997505,-19.02305,-23.700636,-24.422026,-19.814587,-21.207354,-17.29057,-10.294552,-8.900253,-13.666964,-22.604965,-16.195486,-7.0748196,-2.761978,-3.1932087,-11.444107,-21.758724,-23.711397,-24.469183,-23.815502,-23.95838,-26.492298,-19.230442,-14.132242,0.02305847,5.8409643,5.067477,-3.5669174,-17.961317,-20.063055,-17.223146,-16.493067,-15.915216,-17.715168,-18.36568,-15.79864,-19.822256,-25.164583,-23.464527,-8.671854,-3.987337,-6.3861523,-10.432026,-12.802138,-13.96824,-13.291811,-13.335337,-17.838963,-17.726099,-22.673,-23.617601,-24.90884,-26.889265,-18.60533,-14.829428,-17.529316,-11.44587,-11.908412,-18.728598,-13.252333,-12.424425,-21.670982,-30.700047,-29.967861,-29.560184,-28.931072,-30.0416,-32.184494,-36.576065,-34.675438,-31.034447,-28.533665,-25.502386,-22.997627,-21.017742,-24.95834,-31.256857,-29.31507,-26.512405,-29.445557,-31.57497,-31.158577,-30.445326,-29.705338,-27.143776,-13.411877,-11.4167795,-18.609722,-20.466019,-22.998348,-24.865932,-15.307733,-9.130719,-9.5172,-7.0853615,-3.9688098,-3.4757817,-3.6232586,-5.447422,-9.166817,-6.0423255,-6.837177,-16.451998,-24.60576,-29.488018,-28.088558,-23.547127,-24.751978,-30.812336,-30.009136,-29.290075,-30.908278,-31.739817,-33.48116,-31.069061,-30.32129,-34.439438,-35.616764,-32.609787,-34.980206,-41.69441,-36.863766,-30.881573,-24.386263,-5.040223,2.3065085,2.0964327,-0.99324,-3.2326584,-4.535945,-8.362061,-15.902685,-17.488441,-14.764078,-16.668087,-19.334642,-21.916492,-21.455381,-18.558983,-18.711449,-9.87276,-10.049301,-12.528219,-15.908689,-17.934797,-17.77018,-21.423199,-21.560715,-18.518812,-13.129389,-10.906648,-9.953291,7.7823358,13.569201,10.559074,-2.270328,-11.9608345,-12.134685,-3.2374156,7.7572365,11.060523,10.717149,6.5102015,6.5763383,10.1437645,11.706296,6.9391565,-5.225985,-4.985689,-7.7335353,-8.935088,-11.035619,-12.227788,-15.301505,-9.340736,-5.719402,-9.519712,-18.876741,-15.899591,-14.6634,-18.471004,-22.53031,-17.823402,-17.02702,-19.030111,-18.985416,-18.39622,-22.268972,-22.539566,-23.55647,-27.69532,-24.234808,-18.676304,-18.271381,-18.750319,-18.716747,-19.34974,-22.69787,-23.821127,-23.973932,-20.834791,-22.656424,-26.765108,-29.18684,-27.079494,-27.414955,-33.534554,-27.9319,-26.164543,-31.169405,-33.91684,-31.506521,-32.921368,-34.431084,-28.495922,-30.659847,-35.884296,-37.762268,-37.61628,-30.464176,-28.01463,-26.12754,-28.60007,-29.182373,-22.92229,-16.237858,-14.305673,-16.91975,-0.38314345,6.2379827,4.7951465,0.9047003,-0.7291986,2.3287926,0.091651246,-11.307266,-15.418575,-20.820011,-20.35979,-20.570847,-21.352482,-17.04845,-16.099133,-21.506083,-21.465872,-17.460869,-17.745659,-17.531233,-18.545261,-18.857653,-14.464531,-13.461848,-17.956661,-19.88175,-23.260963,-24.359337,-28.576563,-34.652138,-34.36718,-27.248384,-27.02756,-27.875557,-28.896704,-33.756386,-32.74726,-26.796473,-23.16427,-22.630505,-21.154774,-18.84783,-18.371452,-19.00997,-19.845566,-20.58336,-20.933151,-22.865545,-24.021482,-28.576279,-29.95118,-30.564781,-31.389772,-31.705942,-30.605604,-26.520504,-27.729801,-30.670261,-34.861256,-36.662487,-37.364243,-34.632507,-33.600876,-33.070488,-27.370197,-27.53789,-30.15734,-33.30059,-36.160324,-34.926678,-25.329636,-23.775854,-21.349152,-15.118364,-18.297405,-23.578926,-19.311274,-15.0925255,-4.5375905,-0.016603118,2.8773654,5.438812,4.8949447,-2.804254,-14.454733,-13.899704,-17.453585,-17.5015,-20.28365,-19.672112,-21.730053,-21.138496,-22.50666,-24.345005,-19.47525,-14.271794,-12.53058,-10.045774,-5.3072886,-5.207099,-8.509246,-3.6932805,-3.4146008,-10.43117,-19.024033,-2.1603563,2.7948692,1.0479664,-0.5428341,-11.100052,-17.80875,-19.644196,-17.254988,-3.0044637,3.5148647,2.4437535,-4.533264,-9.038557,-14.499978,-15.95983,-4.7909474,-1.3601213,-6.501965,-9.826314,-8.656598,-8.690121,-7.4554753,-8.8196335,-4.3485155,-3.4323187,-6.811785,-10.615513,-14.6601715,-14.99503,-20.781176,-17.702105,-5.4425244,-1.9888185,-8.64751,-18.473785,-9.977416,-8.993351,-12.668825,-12.807412,4.2964797,8.092597,5.484145,4.81049,4.6093125,-0.13982216,-11.883703,-16.270565,-15.773956,-13.8709545,-18.38762,-24.43977,-24.17018,-20.21099,-19.519556,-21.203667,-23.592342,-25.263483,-21.474503,-21.095802,-26.67049,-25.816238,-26.270533,-25.566673,-25.780725,-27.640324,-26.112577,-25.7922,-21.071949,-17.827637,-21.37453,-21.365526,-21.214401,-23.607304,-25.952873,-27.214085,-27.512514,-30.606821,-30.134003,-25.03234,-25.850523,-30.361515,-32.20141,-31.101967,-32.464336,-29.04194,-13.677166,-7.9965124,-9.588364,-14.825629,-18.057573,-23.115294,-21.071117,-18.91166,-24.274075,-22.215801,-21.002438,-26.87201,-10.59451,-0.07064242,1.4282227,-1.5177081,-7.6484556,-19.528671,-21.099928,-24.795618,-26.193056,-23.132517,-21.165007,-23.250648,-15.748997,-8.577833,-9.240925,-13.53361,-19.022081,-20.898859,-20.955578,-21.208569,-19.967571,-20.88414,-24.318287,-29.49642,-32.742744,-29.986097,-24.918156,-21.634968,-16.380478,-8.3595,-3.8024056,5.7880545,7.8396072,2.0521972,-2.708962,-10.688936,-11.744269,-10.503305,-12.919546,-15.599557,-18.191103,-14.446994,-2.8620868,-0.14503258,-1.306181,-2.7262876,-4.478211,-4.501911,-5.5820727,-5.5969677,-8.028143,-17.82644,-20.674301,-24.03908,-21.08656,-18.948433,-21.771717,-27.59344,-27.746315,-19.487642,-12.6852455,4.5068474,10.049337,8.166096,5.842111,7.6357374,5.785018,-2.97102,-9.602022,-15.030674,-16.205332,-17.09841,-19.49129,-21.587685,-20.36975,-20.600817,-20.965927,-18.380774,-7.7935524,-0.37517878,-2.6358066,-7.6458545,-4.5239387,-2.9783154,-5.190726,-12.348995,-18.484312,-11.859777,1.6689458,4.6216526,3.6079776,-1.1831326,-10.601242,-11.962461,-9.605794,0.87441254,2.099791,-4.0104647,-5.387642,-12.438527,-14.378326,-15.823624,-13.600554,-10.601846,-12.63998,-7.4428678,-12.317363,-23.454771,-20.366621,-17.717556,-0.6901313,3.541865,0.83017397,-3.3302302,-6.2765174,-5.681953,-6.83855,-9.9839325,-13.351935,-16.101912,-19.246449,-23.384449,-23.722494,-26.016075,-29.929565,-29.590515,-17.985235,-12.283245,-2.8821278,1.9646059,-0.19509926,-4.9796753,-9.6215105,-11.290457,-11.931404,-6.987925,-8.753728,-18.433483,-23.375053,-23.142677,-17.929724,-17.54799,-23.02148,-29.755676,-24.540936,-15.809177,-16.846003,-19.027369,-25.109613,-28.685154,-32.97038,-32.11821,-30.030993,-28.208,-33.55132,-32.311737,-31.037596,-28.522253,-21.679348,-21.464987,-27.154455,-31.682106,-38.206818,-24.423187,-16.179878,-18.059525,-27.594519,-28.12122,-30.670298,-33.82094,-31.402504,-29.538105,-31.601658,-36.195137,-37.30343,-40.932663,-39.812317,-35.627045,-28.592888,-16.313187,-13.675407,-22.112526,-19.182842,-8.405935,0.45733374,3.3513892,8.061181,14.155416,16.62493,17.55445,17.610226,18.041704,18.289253,17.136301,15.085631,14.435138,13.41755,11.014342,10.721735,9.641745,8.889,8.611158,8.624775,8.832179,8.92306,8.52426,8.311568,9.14076,9.558951,9.162916,9.778231,9.181724,7.793746,7.296517,6.3951044,5.88015,6.141029,5.019769,2.5162551,1.4862465,3.8122106,5.795672,5.6914563,5.7172437,5.2615395,2.6739433,-1.2547404,-2.9587278,-3.2396474,-6.211819,-10.939085,-4.586651,-3.0223184,-4.7720933,-8.246513,-6.4442134,-8.189415,-12.592496,-11.507344,-10.997126,-16.433918,-12.638797,-8.376263,-5.2975855,-1.175218,-4.114007,-13.24646,-16.69894,-24.002338,-18.532137,-15.84752,-15.660351,-16.043882,-13.492977,-13.2701,-16.263084,-14.69494,-14.986796,-22.057552,-0.88686883,6.577725,6.3695107,6.695004,7.1155715,0.1758514,-9.090172,-10.8433485,-13.3789835,-12.066954,-14.665806,-16.751974,-20.583239,-19.007923,-10.451094,-7.7557297,-10.648174,-14.388003,-18.18926,-21.002056,-23.093664,-20.013233,-21.077812,-25.622227,-22.165632,-11.896336,-9.448871,-12.685963,-15.251158,-10.292605,-12.248736,-16.401022,-13.374325
-35.818302,-37.916153,-37.866547,-43.73743,-41.747154,-35.555256,-33.00307,-38.543022,-36.802532,-26.602888,-26.113594,-24.332283,-20.855673,-24.763336,-25.512337,-21.810274,-14.100985,-14.176293,-18.807467,-20.205076,-15.813141,-7.5881824,-3.4148917,-4.750071,-8.81051,-11.872095,-17.505304,-14.629553,-2.8651295,-2.295896,-15.237002,-27.701178,-27.799122,-22.191431,-19.478415,-20.059315,-20.459726,-21.03594,-9.390263,-1.9924595,-6.3780766,-16.71261,-15.611958,-20.242844,-24.458513,-22.782095,-21.341015,-20.45951,-19.885279,-20.367777,-26.10914,-26.787157,-25.258724,-27.912102,-29.882908,-32.274445,-31.215181,-28.964388,-26.067863,-25.206547,-27.280981,-31.093264,-28.8307,-28.55206,-27.866901,-10.4432535,-5.275212,-10.727066,-25.60183,-28.098217,-24.842813,-27.634867,-25.415571,-21.095,-24.00339,-34.287056,-36.25959,-35.0054,-32.207634,-22.894894,-22.531927,-27.034863,-31.610188,-28.85041,-27.563723,-19.642431,-16.80433,-16.037409,-16.047504,-9.60893,-1.2781698,1.999337,1.2506764,-0.21820174,-0.7624588,-1.3598825,-2.4531116,-3.777629,-8.491556,-15.411886,-18.976757,-20.622103,-7.4358454,-2.1551576,-6.989088,-19.060877,-11.984166,-10.06209,-17.116491,-6.0838675,-0.63422376,-5.678591,-19.486029,-19.697477,-22.592867,-26.281902,-20.585995,-20.385689,-24.829939,-21.87268,-16.669407,-19.073645,-21.136217,-24.322765,-24.285892,-26.864899,-6.494547,3.6714175,7.199285,6.880441,3.6131392,-4.722763,-21.255646,-22.576664,-16.706509,-16.868036,-22.55431,-23.315647,-24.052723,-21.993177,-19.973795,-22.388475,-20.258453,-8.86999,-1.4582169,1.7042816,2.2303822,1.8239855,0.27833346,-1.3343424,-0.8054623,-0.04803201,-2.1321516,-9.670692,-18.92451,-15.548335,-17.055204,-8.327163,-5.132743,-13.829723,-26.12219,-24.764366,-18.484442,-18.41082,-21.005749,-7.393673,-5.307187,-12.854959,-19.14131,-20.989998,-26.708912,-24.802864,-18.369005,-17.119772,-16.68553,-19.68706,-22.556246,-11.937155,-6.97929,-8.544748,-18.951956,-19.894009,-23.232517,-27.046793,-25.01505,-17.357578,-9.658329,-8.623337,-8.244253,-7.121709,-6.633492,-7.620146,-11.700258,-16.1286,-16.160152,-18.12309,-23.195803,-22.143736,-20.357134,-16.611721,-6.316176,-0.95418984,-0.14909394,-5.751773,-16.901964,-3.6915066,0.92677915,1.99944,2.0876155,2.6607904,1.7290988,-0.92503315,-3.1476274,-7.6069956,-18.564016,-9.336595,-4.34799,-4.4576254,-7.2819715,-12.356672,-13.973143,-16.027283,-8.731941,-11.980362,-19.94782,-17.871391,-16.57007,-20.59305,-15.356417,-9.262064,-13.5151205,-22.59132,-21.551563,-27.050352,-30.726433,-21.02108,-14.250917,-16.329813,-22.105616,-26.610836,-28.675762,-30.2355,-29.169178,-27.594997,-29.13101,-30.771854,-25.085371,-19.076258,-18.368317,-20.20887,-18.677822,-16.257914,-16.247612,-19.539581,-20.941288,-20.177677,-14.9670315,-13.873223,-19.484516,-18.683697,-8.174241,-1.9772983,-2.5419207,-6.7000685,-16.421453,-20.207169,-24.068283,-27.128777,-24.516247,-20.817755,-26.16459,-32.0037,-28.319801,-29.245184,-31.501749,-30.5744,-30.673264,-31.18777,-33.682415,-31.065863,-29.20807,-23.982584,-17.176931,-20.906572,-28.284348,-21.40187,-23.059437,-30.62626,-27.588413,-23.318172,-27.458582,-40.469414,-38.95063,-32.439888,-29.839981,-31.435919,-35.847263,-35.16449,-37.963432,-41.2212,-41.319675,-39.610344,-40.100044,-45.315624,-44.37077,-44.115456,-41.14761,-40.043922,-42.460117,-44.907574,-31.116505,-22.081642,-20.574892,-24.931118,-34.38597,-33.244827,-20.742447,-1.7739296,1.4224639,-6.4786105,-18.811234,-16.71883,-10.048814,-9.730228,-9.163271,-12.993226,-24.55062,-21.045534,-13.396868,-9.771801,2.3081546,6.22479,13.232578,15.843679,15.48244,13.223089,6.8179255,-3.6219237,-5.7496524,-7.0101976,-9.766053,-9.905112,-2.2113745,-4.351876,-12.176138,-12.693386,-10.327071,-9.701121,-14.96256,-16.368813,-17.176533,-17.778599,-12.949809,-10.202012,-11.89245,-14.450627,-4.6518364,-2.545016,-11.244051,-13.067141,-14.535899,-16.305195,-19.101952,-21.165152,-22.154257,-2.1505573,3.6471648,-1.4177606,-11.328811,0.49248344,8.421487,4.884449,-7.9586153,-13.003834,-11.869602,-13.676458,-18.85708,-13.297673,-11.62759,-9.310779,5.5889297,11.188283,10.683874,6.8767424,0.013081684,-6.1735635,-8.224477,-4.8103557,-3.406557,-5.597303,-9.151564,-13.295048,-15.207863,-16.55762,-21.142029,-21.309195,-15.638142,-16.96874,-17.813637,-14.48545,-15.47377,-14.65484,-15.643393,-18.47258,-18.376572,-24.307419,-19.556795,-16.027664,-14.554075,-15.148075,-16.92688,-20.05192,-22.741358,-24.645115,-21.332825,-20.039478,-21.508827,-23.777458,-25.45105,-24.457058,-23.891136,-25.955915,-27.540833,-28.1023,-28.505016,-30.169548,-30.065952,-31.590816,-31.043165,-31.435652,-32.383312,-28.147015,-29.281128,-32.32153,-36.48575,-33.150753,-32.483562,-34.936558,-37.03389,-36.571804,-34.943882,-32.49834,-32.577366,-30.70216,-26.802368,-25.01339,-29.177475,-33.470547,-34.942863,-33.809288,-32.67878,-28.542444,-9.237616,-6.7078757,-16.598988,-28.590944,-28.49818,-27.255476,-30.41756,-31.04017,-31.680021,-29.427748,-27.7246,-27.16484,-22.595276,-20.01118,-11.540176,-4.899766,-4.155889,-6.6629047,-3.6396039,-4.702114,-10.599928,-5.890753,-7.129778,-10.400694,-13.155067,-14.930762,-9.989112,-11.767402,-22.088757,-13.345278,-11.556877,-18.473955,-15.318382,-16.47945,-23.454035,-20.168047,-10.1256695,-12.010231,-24.332115,-22.708908,-23.392456,-26.353418,-25.955467,-27.27748,-31.274574,-31.94844,-33.635967,-37.08371,-33.785053,-22.706562,-20.756935,-26.371391,-34.204937,-37.082474,-35.018433,-38.57185,-43.35005,-5.2184563,7.282343,11.447463,11.181776,9.007535,5.795038,-0.7963794,-10.829549,-6.414776,-4.721559,-11.452259,-18.421608,-17.38238,-6.273278,-1.3666708,-6.2372756,-16.397018,-20.040445,-16.583954,-17.121088,-15.301576,-0.13372198,8.841487,12.852608,13.4128685,12.914253,7.9336987,-3.5409636,-13.692389,-12.595514,-11.963691,-11.040763,-14.407032,-11.694805,-11.552948,-11.764751,-8.952753,-7.170352,-11.0438385,-0.69507843,4.609789,5.5431023,5.365879,6.653165,6.9712157,1.2603025,-14.8768,-16.94655,-19.063293,-17.98272,-16.38332,-17.191824,-15.457584,-15.505377,-11.9681835,-10.951998,-13.7524185,-20.922585,-22.624249,-22.399887,-18.609562,-16.625746,-15.420609,-16.455282,-17.234503,-15.432192,-15.469324,-9.353016,-6.455104,-7.6522465,-8.3615675,-13.554266,-13.544044,-6.0812902,-3.0860016,-4.4554853,-12.914108,-22.027832,-26.320175,-25.72546,-26.840618,-28.242332,-22.723572,-19.67605,-11.998405,-6.146701,-4.0322423,-3.8913286,-10.782116,-20.030304,-22.140114,-24.30397,-25.905586,-25.483438,-27.631039,-23.645601,-18.633142,-22.803646,-26.492834,-22.991234,-5.732818,0.79694104,0.3899947,-2.7347586,-4.834869,-5.891799,-6.7238755,-9.358222,-15.207416,-10.153633,-12.079745,-20.582952,-25.719946,-20.360811,-16.702139,-17.730434,-12.30291,-3.9420521,-1.1571877,-1.4240248,-2.6400506,-6.462607,-18.424036,-27.64469,-26.91838,-19.361895,-21.809828,-27.809372,-29.67443,-25.450726,-22.714321,-18.631489,-16.56502,-18.467672,-19.01511,-19.449314,-22.895662,-26.77319,-25.569696,-22.040264,-18.553812,-13.39695,-14.055797,-21.177368,-22.212593,-20.744453,-19.584797,-20.038666,-20.606667,-25.110712,-26.738293,-26.309698,-11.433247,-3.2707942,-1.3506335,-2.8064146,-5.3096576,-8.458639,-12.4026,-8.48955,-10.910969,-13.153688,-15.716778,-20.895397,-26.944847,-30.486557,-33.279503,-29.129648,-31.382229,-32.38482,-31.55455,-28.295916,-27.412794,-29.21481,-33.215878,-36.959797,-39.33373,-38.061337,-35.82132,-35.145126,-36.334732,-42.254013,-35.79682,-32.939354,-27.897455,-1.8927596,7.5338464,9.778017,8.453988,6.274612,3.5887096,-1.8868604,-10.597763,-14.510694,-12.603355,-11.61148,-13.394146,-14.785324,-16.080776,-18.221037,-22.79373,-13.488144,-13.265234,-16.658316,-14.92105,-19.278505,-26.241796,-25.778572,-21.53226,-18.793169,-8.7798395,-7.05648,-12.889357,-3.8489866,9.799652,12.185183,5.6057935,-7.2635913,-13.97452,-8.576173,5.0746374,10.400366,11.048155,10.391949,10.738487,11.161198,8.323548,-0.119691655,-7.6274796,-5.517397,-10.798024,-10.1055,-12.113513,-16.091064,-17.527462,-9.297113,-6.793838,-10.727066,-17.63974,-17.734106,-18.378752,-20.22275,-23.044552,-17.853947,-17.538809,-16.425842,-13.187613,-14.057078,-14.189825,-21.224968,-25.365028,-30.727865,-19.32763,-15.715321,-19.47906,-20.75964,-21.04396,-20.320074,-20.673038,-24.160006,-22.884829,-20.018446,-24.276005,-29.979212,-28.125778,-23.793724,-27.042908,-32.348457,-27.993542,-25.527954,-25.040586,-29.336983,-28.831993,-31.031885,-32.31584,-29.941713,-31.044476,-32.78899,-34.47845,-35.321716,-33.428925,-27.487993,-26.315018,-28.258606,-25.800938,-23.765295,-22.637295,-24.363033,-20.024431,2.6365066,11.15459,12.849845,11.756444,11.030218,9.245812,0.7062369,-16.85485,-16.300089,-20.109882,-17.071285,-13.837117,-12.857696,-12.327205,-15.45848,-21.20346,-21.358068,-15.707966,-14.340142,-12.871932,-10.931167,-11.472608,-12.083284,-8.10394,-8.200991,-10.797998,-14.459281,-18.146608,-26.513212,-30.226114,-26.087044,-20.35963,-20.159458,-23.809048,-27.186087,-26.370972,-24.389809,-20.164768,-15.68926,-13.525324,-12.01832,-10.728796,-10.128049,-10.742172,-11.69556,-12.414949,-13.056526,-14.748066,-17.298018,-21.836819,-24.436172,-26.33022,-28.380741,-27.47134,-24.251547,-23.158539,-24.744099,-28.489878,-35.47871,-38.686382,-34.295696,-30.263027,-27.54238,-24.772894,-21.706882,-21.8276,-23.096659,-24.195147,-29.455673,-34.62111,-26.09179,-18.458206,-7.024974,-4.887243,-11.834107,-18.889292,-17.242239,-5.9976435,4.088089,8.009971,8.724164,7.671811,3.4401188,-7.977992,-19.333035,-17.324402,-17.37253,-15.597727,-16.117514,-17.90634,-18.238228,-18.097,-16.61531,-17.56696,-15.723139,-8.650092,-5.9228044,-1.4959886,2.4162614,2.9852905,1.8211411,2.1818917,1.587572,-2.8509312,-11.158544,-8.11878,-9.570959,-3.5289283,1.0074376,-3.3976543,-14.217931,-19.387096,-15.73744,-7.840075,-4.7751656,-3.3474147,-12.15551,-18.199974,-21.406654,-15.172977,-5.6220636,-0.88346744,-1.1227641,-5.212015,-6.8487988,-2.7951324,-0.5720047,-6.6710434,-11.582792,-12.142991,-11.734504,-13.515569,-15.285539,-13.71252,-20.136288,-10.535678,-0.24888149,2.3067076,-1.7959207,-10.314306,-6.526282,-4.1633477,-6.199221,-6.0742464,3.5040035,8.197095,8.078871,6.164958,2.3628123,-6.2008166,-16.316036,-15.832811,-14.814812,-15.284523,-22.86959,-26.8165,-25.220507,-21.968801,-22.91588,-19.725145,-20.172619,-25.55888,-23.636934,-22.92608,-27.001244,-26.38237,-28.844513,-28.551065,-25.102646,-26.732977,-25.03075,-24.070454,-21.157734,-19.414385,-24.38677,-21.587261,-20.123837,-21.741936,-23.894093,-26.336945,-29.157667,-31.444817,-25.40576,-21.24109,-22.866564,-28.935211,-29.850466,-29.285793,-30.521013,-30.362057,-16.765676,-6.9979753,-4.9051657,-9.365557,-16.890738,-16.951933,-13.492811,-14.483383,-21.268595,-22.147924,-21.23338,-22.837847,-4.6106224,4.1406,6.11851,3.6904492,-3.4843004,-19.64635,-23.664644,-21.487011,-22.171232,-21.291595,-23.98778,-22.603464,-9.695682,-3.9695227,-3.4617617,-4.6937366,-10.810625,-13.492689,-15.987211,-18.565876,-14.363681,-16.605604,-21.753567,-24.983377,-27.840973,-24.351105,-21.371544,-22.269531,-21.274334,-18.585468,-14.63945,-10.910479,-1.4222786,7.6984496,7.5004888,-3.9585452,-15.925626,-11.814933,-8.314096,-11.295633,-13.417729,-16.436028,-15.131201,-12.2484455,-7.119615,-9.666311,-13.715163,-13.541178,-17.101564,-15.206095,-16.798283,-19.80017,-21.494158,-26.924042,-25.105824,-21.055021,-22.27336,-26.706064,-30.119247,-22.732677,-11.738487,-0.18809646,4.767287,5.821251,4.776102,3.623904,-1.6687992,-12.216863,-23.474627,-20.96238,-20.511185,-23.758963,-22.089622,-23.662094,-17.93548,-16.783966,-22.23452,-13.969708,-6.708591,-0.4807486,0.014257859,-1.7206731,-0.59719855,0.26842114,-0.20847666,-3.1686351,-7.0545597,-8.103458,-5.616371,-7.7316732,-2.5094483,-1.8766176,-6.988758,-9.153971,-7.507386,-5.1062846,-8.763403,-10.7519455,-7.340378,-11.310419,-13.373693,-15.813389,-18.125767,-21.020924,-16.234234,-7.865927,-10.186241,-18.463026,-26.184586,-17.432655,2.9496264,8.779934,7.680697,4.013799,1.5758038,2.3618367,-0.24875401,-5.4436584,-4.954362,-6.029629,-10.65359,-20.234468,-20.255981,-19.637835,-22.373636,-23.116606,-7.143486,-1.8973501,0.4543575,6.143203,5.4411387,1.562224,-1.5510976,-3.1152985,-6.8800807,-15.323883,-18.608303,-24.096947,-24.127848,-20.34971,-18.71315,-21.500519,-25.529247,-30.757029,-19.068472,-10.193441,-12.684191,-21.816809,-25.337801,-25.773003,-28.990515,-31.906435,-31.55285,-31.936375,-36.997448,-34.2062,-33.510914,-36.26717,-26.566048,-26.10402,-23.874475,-21.541122,-22.453272,-20.58838,-13.960073,-14.096341,-20.922804,-24.868011,-24.707314,-27.34925,-28.003618,-26.58564,-27.700542,-32.69926,-34.748768,-32.991657,-32.71865,-32.020226,-28.546234,-20.147343,-18.610514,-25.35368,-17.39775,-6.5470695,-4.213843,-6.6556892,-8.488744,-13.730737,-13.921913,-8.469116,-0.91818976,6.1266813,8.83692,10.770993,12.346216,13.520664,14.372696,14.499259,15.243351,15.350493,15.280006,15.1784315,14.989876,15.056068,15.131992,15.536348,15.970416,16.24007,16.182981,15.670548,15.290712,14.875668,14.878605,15.564642,15.727686,15.505291,15.349424,14.892252,14.078116,13.495613,13.8048935,14.599613,14.942295,15.119036,14.560376,13.627706,12.824651,12.643422,12.558668,11.109923,9.709745,12.168756,13.444209,12.632457,11.02239,10.624471,10.460854,10.124044,10.494085,10.582359,9.663107,10.500216,11.634855,11.92922,9.338722,1.4356205,-2.6816802,-6.069682,-9.4586935,-6.1304817,-4.356837,-6.9859815,-13.289232,-7.383381,-4.5927005,-6.4425364,-10.827403,-11.989373,-13.707914,-0.36586237,7.965877,9.877989,8.488766,3.8932517,-5.547682,-6.1892786,-7.1805625,-10.53787,-8.629827,-13.356605,-15.61981,-15.115185,-17.445473,-19.267845,-17.190096,-19.311827,-17.647984,-14.004289,-15.071197,-18.245716,-18.070482,-20.935684,-21.297876,-19.109245,-8.154279,-4.468351,-6.71155,-13.201807,-14.228815,-13.071128,-12.025608,-15.134941
-41.30968,-40.834282,-43.17802,-43.473747,-44.349937,-33.64982,-30.413216,-38.322136,-43.130795,-37.405724,-37.414467,-32.101902,-30.88748,-38.209682,-26.03555,-16.265282,1.2229247,6.7355776,6.059455,-0.115408346,-10.998191,-11.3874035,-11.263109,-12.450076,-13.563813,-15.037577,-13.187642,-12.042035,-0.9133264,-0.28000838,-13.193825,-19.78431,-20.248068,-16.215189,-10.994276,-13.751476,-19.92121,-17.067753,-8.079372,-0.038125522,-3.9413764,-12.620517,-8.736712,-14.001089,-18.5065,-19.726545,-19.700514,-19.93053,-22.489315,-26.574327,-29.959843,-30.051805,-29.590946,-25.849733,-23.517662,-26.761585,-29.495955,-13.085708,-3.4160066,-4.1273108,-15.30683,-24.49423,-28.165014,-28.3897,-17.176363,-3.6797662,-1.118462,-5.8348656,-21.144257,-22.680351,-23.341908,-23.972797,-14.875921,-10.827234,-15.86075,-28.098194,-28.849268,-26.619358,-28.68549,-23.11241,-22.135515,-27.290665,-30.89914,-25.419556,-22.253563,-16.345173,-12.027269,-8.112172,-4.631595,-4.824945,-7.959425,-12.414791,-16.76025,-18.309868,-19.446487,-21.277264,-21.889553,-20.610933,-19.360826,-22.530289,-27.014137,-28.37225,-18.860943,-13.241627,-15.685996,-27.56571,-24.341192,-24.426348,-31.370333,-15.540118,-9.182104,-13.524351,-25.832415,-24.513287,-25.743505,-22.259087,-18.073433,-19.066845,-22.44812,-13.133735,-10.909123,-15.9233265,-20.41957,-23.828718,-28.653774,-29.089474,-10.553625,-8.738507,-15.082822,-18.710754,-20.607105,-23.293116,-29.12425,-27.087442,-25.230759,-26.283361,-27.07433,-21.78764,-17.0566,-15.689297,-13.846253,-13.038236,-10.433886,-7.1298532,-10.393271,-14.905287,-19.645931,-17.909725,-17.319029,-22.093655,-24.91522,-20.601112,-15.478554,-15.710431,-22.35865,-22.591993,-24.85441,-13.608398,-10.076247,-17.620922,-19.927141,-15.774586,-16.94669,-19.26716,-20.29826,-18.085348,-17.021389,-20.579567,-24.383574,-27.310059,-22.676975,-25.42919,-28.449738,-29.186914,-31.573849,-28.47684,-25.348566,-23.428698,-20.762798,-20.705963,-28.634737,-29.63427,-33.862244,-38.169407,-33.378513,-23.706589,-18.65105,-19.315659,-19.001286,-19.938917,-19.973572,-20.579645,-22.60725,-26.72394,-23.180239,-19.592802,-17.40958,-18.826607,-21.340534,-21.94138,-19.768251,-20.881603,-21.556128,-23.860262,-25.777897,-20.461836,-17.50884,-19.235292,-20.28064,-24.348604,-25.828753,-24.354374,-24.426805,-27.52317,-28.413097,-24.50666,-18.43206,-18.431303,-16.171024,-17.683409,-20.37008,-25.051249,-19.32914,-20.847359,-28.503876,-26.742449,-26.259764,-26.369518,-23.20491,-13.920231,-15.36481,-26.015919,-27.270702,-26.756641,-26.747082,-23.612595,-14.57163,-16.077703,-27.38837,-34.13188,-28.23344,-22.701485,-26.157045,-26.03218,-27.241943,-30.159355,-29.222382,-26.595629,-28.507069,-30.365183,-28.531696,-26.695967,-30.774315,-31.79878,-28.441757,-26.240103,-19.168768,-16.687586,-19.463875,-21.428946,-16.18019,-12.336112,-16.965956,-17.61841,-23.45538,-28.300594,-30.597294,-32.933193,-29.20971,-26.883663,-28.532026,-32.54699,-33.640587,-31.633255,-36.153137,-33.61898,-31.19743,-27.713528,-27.054338,-31.179043,-34.991814,-20.061369,-13.048775,-17.647257,-29.905754,-27.967403,-31.13432,-34.67661,-30.889063,-24.096315,-27.568325,-39.477936,-31.323462,-27.066025,-28.11424,-29.311474,-31.457155,-37.54599,-39.305847,-39.36451,-39.14378,-39.851486,-42.98984,-42.038025,-46.011738,-45.517456,-42.706776,-43.665176,-43.39395,-41.5872,-29.30607,-18.746307,-16.260574,-16.713522,-18.758205,-21.228712,-16.753582,1.773275,7.8582172,5.336708,-4.3966336,-5.6193357,-3.6487005,-5.6763225,-8.952024,-11.74905,-17.888157,-16.955753,-9.637736,-6.700745,-2.108969,-0.5237283,-3.6486368,2.4918168,7.5622435,8.305303,3.837968,-5.688806,-0.5908212,-2.1685345,-13.568107,-12.792038,-0.58768034,-1.5617031,-13.457022,-15.83147,-14.961553,-9.867618,-11.817045,-15.24353,-14.296893,-17.138426,-14.396172,-10.608898,-1.527397,4.26615,5.3421745,1.7271489,-12.232331,-21.502026,-15.478944,-16.287172,-19.963768,-15.279912,-18.917229,-4.2289925,8.073536,9.649211,3.5116673,6.7056413,9.951173,3.128923,-10.332212,-8.914893,-11.347118,-14.934735,-17.723232,-19.841154,-15.610371,-7.8495603,3.8619065,11.047969,14.96512,15.891399,15.040073,12.389616,8.507393,4.637581,2.8510127,1.6766018,4.072327,4.932711,4.9921327,2.5816517,-1.4966952,-3.4210062,-3.7954772,-3.0691786,-3.8784254,-6.809053,-5.830035,-5.2843356,-5.7958508,-5.2613235,-4.05098,-3.4854264,-3.545518,-3.604607,-4.1951346,-4.532885,-4.647302,-4.1456375,-3.7815843,-4.431945,-5.238567,-3.9648213,-3.515413,-3.8459349,-2.5170164,-2.8320458,-3.898325,-3.157749,-2.685668,-3.0246038,-3.7437015,-4.38871,-4.226178,-4.5540934,-4.940362,-4.7206216,-4.23267,-4.4697547,-3.7925313,-3.5662103,-3.412548,-3.3035812,-2.6547565,-2.837056,-3.7502246,-4.378813,-4.451126,-4.070259,-3.6410573,-3.535017,-4.258295,-5.3338614,-5.7854815,-5.878599,-5.5085044,-4.9615593,-3.488487,-1.3182399,1.2748336,-1.7540982,-16.383741,-18.108702,-15.657051,-21.649055,-23.37954,-22.14469,-23.50098,-24.162977,-27.305384,-22.65172,-22.018526,-18.96031,-22.104244,-16.083158,-8.042901,-8.819733,-13.751131,-17.30191,-19.488417,-14.5625925,-16.49471,-16.881699,-14.405784,-10.292114,-8.073024,-11.914867,-13.773085,-14.888149,-11.799133,-13.563003,-19.895073,-23.008629,-21.698853,-20.923212,-14.611362,-14.642624,-25.48667,-23.56765,-24.065502,-25.831137,-25.733765,-25.019585,-24.226498,-23.299843,-22.318264,-23.900097,-23.776114,-25.459599,-28.625317,-32.750706,-36.015713,-37.025738,-37.63842,-38.760597,-41.536133,-12.914033,-6.6070166,-4.971869,-5.3533435,-7.685383,-9.322212,-15.312327,-14.430322,6.0064073,12.695059,12.2474785,6.675336,0.15248658,1.6396015,2.3723764,-4.85884,-15.206528,-10.781359,-9.63547,-12.195282,-11.029846,-3.5079265,-0.73497003,-6.7277794,-12.847666,-7.1399617,-4.989065,-13.493661,-15.575081,-14.338596,-16.18295,-21.715376,-15.451201,-7.555217,-3.7827504,-1.4626286,-1.8312535,-3.7475588,-1.5585655,-2.2359111,-7.0987296,-5.661296,-5.3925457,-7.236083,-6.9032307,-9.135828,-19.884964,-16.0928,-17.095531,-26.177465,-26.35101,-24.755537,-26.076918,-28.0635,-26.72797,-24.126436,-26.00646,-28.772375,-23.75259,-23.542135,-22.093159,-13.761874,-4.277078,-5.3023214,-18.222736,-26.704292,-21.401783,-5.5888424,-4.0966606,-9.088509,-7.7255125,-15.702078,-21.864384,-22.432062,-21.204882,-17.537628,-12.239645,-11.508217,-15.943571,-17.891708,-22.400814,-20.977041,-6.4585185,-3.0213883,-3.6561944,-7.1317616,-16.781452,-20.633522,-20.013927,-24.304108,-27.507896,-27.234524,-29.9178,-26.236984,-28.651882,-12.868263,-6.0464563,-9.609106,-18.521015,-17.415699,-11.092349,-12.631936,-15.058942,-5.219869,-2.3281724,-6.6357994,-12.283943,-12.170744,-9.204797,-3.0047445,-7.431486,-15.885824,-22.11615,-12.960376,-6.187208,-9.739484,-16.751095,-14.371558,-11.731786,-9.233478,-12.322725,-13.377697,-15.3363,-19.018051,-20.093443,-9.016423,-5.087633,-5.727701,-7.04732,-6.5813055,-6.889129,-9.441401,-9.905808,-6.151748,-4.6136613,-4.08769,-5.9266257,-6.943689,-15.530623,-9.433985,-3.4816382,-2.8824406,-5.4782147,-7.6830034,-9.645797,-8.697388,-10.197725,-15.390201,-14.388341,-18.445763,-18.112286,-23.90947,-16.437592,-10.946871,-9.418373,-13.882692,-17.23192,-18.054844,-21.550283,-20.890987,-25.107807,-26.689701,-24.74123,-28.038595,-34.352787,-32.431618,-31.717953,-32.298084,-35.294453,-35.186306,-35.497623,-35.71665,-34.77652,-32.691544,-34.76901,-41.10063,-41.608414,-39.6793,-41.227894,-38.642353,-39.381943,-40.6263,-39.944145,-34.672665,-27.477915,-10.792181,-6.618512,-5.581747,-6.4823656,-8.484534,-10.048303,-14.663752,-20.222801,-18.181934,-19.411955,-21.37269,-12.157532,-9.637223,-17.921686,-20.535316,-21.073992,-10.149729,-7.5481296,-13.149826,-20.239305,-18.728966,-19.453794,-23.838484,-24.779825,-24.148273,-5.524607,-3.0353293,-7.0087776,-0.7181025,-1.1038759,-0.017321665,-1.2641543,-6.552821,-4.0762086,-2.1148078,1.0238881,-0.9465505,-4.712048,-10.367603,-9.871056,-9.943753,-13.230455,-16.759403,-16.708485,-17.360962,-20.228405,-20.564383,-23.965374,-23.263176,-24.050678,-23.978199,-19.475702,-18.567009,-18.094368,-19.945023,-19.02596,-19.871216,-23.893517,-23.142784,-23.150398,-18.130787,-10.969438,-12.5203085,-11.332005,-18.537542,-25.542717,-24.697159,-15.467625,-13.984411,-23.984901,-30.25801,-28.375156,-23.54676,-26.829283,-28.3466,-29.034824,-25.146826,-20.591372,-20.719887,-18.659595,-18.66039,-22.402124,-22.97353,-21.700329,-22.918034,-25.88253,-25.210194,-23.283052,-24.719847,-27.412663,-29.863035,-28.2346,-25.208235,-24.541285,-26.221943,-23.556694,-17.503902,-20.120872,-23.554272,-25.139763,-21.98988,-18.541676,-18.33591,-17.217447,-6.397968,-3.3129737,-2.0635257,-1.949653,-1.3427465,-0.7323412,-5.5438137,-15.358081,-13.239452,-18.336695,-21.303051,-20.018272,-15.614438,-16.41492,-23.376541,-25.060398,-24.628725,-23.93386,-24.925377,-24.866062,-23.539602,-19.48461,-20.166761,-21.474674,-20.226538,-22.86299,-23.838955,-26.645512,-30.151455,-30.928144,-29.744322,-30.495247,-33.49059,-35.54956,-36.310104,-35.45586,-35.593346,-35.431335,-31.016428,-28.41522,-27.147026,-27.15433,-26.096436,-26.864723,-26.318039,-25.888674,-24.88852,-23.435785,-23.512398,-24.0998,-23.487923,-24.919512,-25.943117,-30.592464,-29.032316,-28.500732,-29.515575,-29.507076,-34.208847,-37.10216,-34.653404,-36.27961,-35.526176,-32.706215,-32.609875,-34.93652,-32.842255,-29.591923,-34.51683,-35.700356,-26.677494,-18.934029,-7.7738247,-5.886341,-11.959337,-11.542587,-10.941004,-8.6507635,-5.501702,-6.821109,-9.5104065,-14.988314,-18.554531,-18.550356,-28.4394,-32.050037,-34.312923,-34.43742,-28.800182,-25.301962,-27.70552,-23.19714,-15.305304,-8.076931,1.1851645,3.1402416,-4.1398654,-10.010348,-11.585874,-11.661455,-11.262409,-15.037628,-15.945322,-13.165971,-16.952099,-19.372967,-21.763819,-15.494499,-10.479057,-11.862148,-18.29063,-23.70568,-21.429502,-12.622543,-10.87203,-11.852226,-15.058757,-14.936744,-14.715871,-13.786703,-13.956068,-13.14234,-10.049834,-12.131429,-12.711067,-10.3564205,-5.7348986,-4.1812425,-10.172611,-17.588547,-20.6131,-21.616392,-24.67245,-20.442932,-23.277153,-19.249378,-14.45163,-6.8771257,1.7975261,2.8354785,1.1053668,-1.4393196,-5.53185,-12.617588,-10.748175,-11.037073,-11.303302,-13.150992,-16.980974,-16.355448,-15.983134,-20.385624,-25.563086,-32.317905,-30.976189,-31.03012,-31.059097,-29.116114,-30.649231,-30.616531,-31.860687,-26.672237,-25.415379,-28.082981,-26.008705,-16.810738,-13.409529,-12.515177,-12.909716,-13.463623,-14.008968,-14.444912,-14.524013,-16.39636,-16.227442,-17.132881,-18.846401,-19.94515,-19.734337,-21.084557,-21.652218,-20.758837,-20.423817,-20.537985,-19.994768,-18.99057,-18.495893,-17.44855,-17.884243,-17.442692,-15.716021,-13.513151,-13.462104,-14.351105,-14.9392805,-15.060413,-13.521481,-13.4479,-15.825615,-16.91473,-15.747761,-13.796643,-4.7407103,-2.9567397,-8.497285,-13.001279,-12.185807,-12.911224,-16.669811,-21.534967,-21.990889,-23.803034,-23.654907,-21.821857,-15.5663185,-11.424803,-10.175123,-13.212908,-13.888197,-13.959031,-16.825579,-15.4194975,-11.746844,-17.35331,-31.67088,-33.86025,-29.348166,-28.666162,-26.494324,-19.185978,-18.545094,-18.358273,-18.539557,-18.510105,-5.3980093,4.3217807,9.655725,9.779843,8.452736,4.844213,-4.2470465,-14.394666,-14.218758,-15.170647,-10.080055,-11.255203,-13.43923,-13.877901,-16.843489,-18.376787,-15.221846,-9.010354,-10.778522,-20.830433,-23.528757,-26.17668,-25.330019,-20.329397,-17.083796,-18.042992,-17.692719,-14.8363285,-15.174215,-9.498969,-8.68363,-14.994687,-20.511988,-19.095362,-14.903956,-16.404243,-22.138433,-23.00674,-24.697495,-27.803856,-25.873646,-27.28584,-17.405773,-8.165401,-6.5031214,-7.4521613,-10.203633,-16.99795,-18.995842,-21.145552,-22.22578,-22.556732,-17.933876,-16.290827,-19.05459,-21.708748,-21.240398,-19.795238,-17.101624,-15.883027,-20.677872,-24.002228,-26.623287,-25.66504,-22.994967,-19.120638,-15.444651,-18.522713,-23.721779,-32.6196,-32.554554,-34.355194,-21.843336,-14.275985,-17.574451,-26.550734,-27.346577,-19.398052,-6.6010656,-5.5964384,-9.649061,-13.15941,-13.907132,-10.4238615,-11.7323265,-11.816039,-10.380439,-10.448105,-8.1891775,-10.547991,-23.32574,-23.442379,-13.544016,-4.7445717,0.3369664,-0.582209,-6.8418064,-9.631962,-12.854467,-15.818373,-15.715759,-15.660691,-18.812078,-19.72055,-24.870762,-28.908052,-25.087107,-21.17352,-21.786251,-21.106636,-27.06423,-33.806137,-18.597485,-10.937375,-14.623993,-20.468397,-26.439404,-29.860619,-31.250849,-31.22154,-31.698421,-30.621521,-32.39102,-32.19205,-31.334423,-33.353485,-26.903442,-27.371454,-32.447517,-30.139048,-29.722109,-18.572145,-11.674999,-13.387978,-15.139571,-16.316738,-18.414429,-19.656946,-19.580395,-22.058914,-26.073208,-28.137383,-31.128695,-38.696915,-42.08651,-40.86371,-31.111675,-24.542538,-21.337221,-24.497662,-22.58025,-17.678854,-19.632341,-21.481365,-20.550434,-21.813828,-21.30103,-11.948872,-10.755953,-12.121349,-15.65939,-18.142971,-17.121456,-16.84541,-14.3730755,-9.312764,-6.674863,-4.8415346,-3.891435,-3.6173534,-4.0757217,-4.1894827,-4.2291484,-2.4771886,-1.3236701,-1.9810374,-2.4339173,-3.3193061,-5.2090096,-5.542047,-3.2804654,-0.7472723,0.5737748,0.4769678,0.08670151,0.61492187,1.1086665,0.9041761,-0.6721955,-1.1143101,-0.4079944,0.35197172,-0.68775785,0.28118527,1.7669384,2.543014,3.1620777,3.1502888,3.219153,4.1047106,4.569824,3.9466321,2.324284,1.4941881,2.0965817,2.8691683,3.3815393,4.082082,4.434331,4.551101,4.091519,3.9576025,2.2151084,-4.3138323,-12.374335,-11.274757,-14.355441,-15.419678,-13.015297,-12.970057,-18.204115,-19.158894,-16.390348,-17.015865,-21.176186,-21.133472,-18.865744,-10.741774,-8.659491,-11.344997,-11.921678,-13.871489,-19.652153,-21.81859,-20.41787,-20.763988,-22.147514,-24.972715,-22.143906,-23.573568,-22.242714,-21.10701,-21.894821,-23.885578,-22.881422,-25.091867,-26.064903,-28.417774,-33.11145,-35.285038,-35.62772,-28.347876,-21.803799,-22.121597,-22.02108,-23.5601,-21.77497,-14.830876,-11.734252,-13.271219
-36.054707,-39.35968,-42.563087,-44.12008,-49.65742,-37.35581,-34.100372,-41.88874,-44.46837,-36.95992,-37.5007,-32.90509,-32.819294,-33.170753,-27.51868,-15.813755,0.3667236,4.3196306,5.6945724,3.535699,5.725416,5.9891768,-1.0032051,-5.980968,-6.450053,-10.6118145,-11.569591,-8.493769,3.921587,4.195028,-8.551399,-19.433735,-23.748417,-6.4076185,-2.1495821,-6.8296914,-12.005614,-13.395603,-5.7064824,2.0595913,-1.9656012,-7.6631584,-3.0387158,-8.003217,-17.88366,-21.851786,-17.52107,-18.142227,-18.678757,-20.426731,-22.380901,-23.15983,-25.07433,-22.180231,-21.880655,-23.27869,-22.760809,-5.29203,0.23684898,-0.9760524,-7.4837117,-24.074614,-26.920963,-21.82222,-10.5822315,-0.6016874,-1.3502729,-4.8419256,-15.971844,-22.999723,-20.411724,-18.913725,-3.8674285,1.0834204,-4.4889946,-19.416733,-25.285542,-24.655128,-22.30959,-21.862427,-21.961824,-26.400284,-28.454311,-24.406225,-21.565485,-18.40257,-9.662565,-1.494833,1.3632114,0.3401841,-5.4192266,-15.537783,-20.110666,-17.326075,-17.66281,-20.670864,-21.823137,-22.74303,-27.172806,-24.804665,-23.016298,-26.154472,-25.82858,-21.280773,-24.267345,-26.259119,-23.993584,-23.662735,-27.417427,-22.929907,-17.656075,-22.509434,-28.72499,-7.0723715,1.8645351,1.3026206,-7.1982393,-12.451428,-20.91635,-16.577677,-15.89591,-18.948692,-19.574854,-21.67387,-24.535799,-24.34603,-14.678068,-11.976085,-11.76745,-14.589109,-19.406603,-21.708334,-23.030548,-22.876627,-21.462921,-25.787994,-25.236607,-19.173382,-13.234089,-11.1540165,-10.612143,-9.717832,-8.595067,-5.077181,-8.9812355,-15.304075,-19.291706,-24.334122,-20.555687,-21.606503,-22.669107,-24.50058,-28.803041,-32.834496,-30.03471,-26.06276,-27.953629,-19.96198,-15.598427,-22.047695,-14.557655,-6.1934943,-4.872869,-6.330348,-8.101012,-11.463987,-12.608715,-16.079489,-22.293043,-23.48592,-21.634304,-23.980951,-26.073496,-26.973192,-27.13116,-26.704235,-25.394821,-23.298267,-24.893005,-26.816996,-31.944998,-30.734747,-33.909676,-41.116615,-36.911934,-26.256159,-21.860483,-20.483778,-16.980701,-18.991646,-21.892773,-25.565933,-25.75026,-25.83233,-24.730322,-23.29689,-18.42779,-17.29691,-20.183641,-25.486258,-29.133503,-23.916252,-21.301662,-21.080477,-22.492313,-22.427828,-21.269642,-23.208927,-22.47908,-24.651634,-24.875275,-27.265608,-26.084934,-25.629578,-20.857788,-20.615446,-23.881027,-23.196993,-22.18527,-22.403383,-22.840063,-25.95193,-29.237827,-33.319443,-30.917349,-28.036625,-29.475586,-25.958426,-24.285004,-23.176506,-24.509357,-27.702824,-32.340862,-23.217861,-22.883385,-26.335356,-19.379927,-21.810944,-33.72239,-33.40421,-26.817932,-21.00716,-22.384094,-21.354044,-23.32903,-32.3757,-35.911697,-31.43845,-28.26596,-26.452105,-27.61653,-28.429955,-33.219925,-32.253872,-29.190035,-19.653477,-11.754377,-13.51645,-19.88241,-20.058136,-19.273518,-16.277508,-18.759377,-19.429623,-21.531738,-25.512688,-28.243467,-26.170547,-21.195059,-15.727797,-17.528526,-22.451736,-25.899923,-26.013777,-28.66743,-28.849483,-25.954735,-18.549511,-21.498165,-29.616447,-31.362679,-17.914999,-12.444731,-18.090199,-21.736473,-20.547821,-28.253881,-32.212112,-29.817884,-26.247478,-31.305992,-35.09565,-31.48883,-27.376232,-27.679821,-31.63559,-33.870213,-35.834583,-34.724804,-36.594395,-39.212723,-39.089317,-43.013405,-39.77202,-39.129654,-42.227882,-42.78257,-41.57778,-40.968735,-41.249924,-27.863876,-19.068905,-18.34909,-19.806316,-22.417133,-24.963778,-20.456688,-8.125674,1.3836052,2.9984016,-1.016925,1.4998454,-0.7407415,-7.157178,-8.904837,-10.554909,-10.867753,-10.248056,-8.50639,-7.22835,-7.0905423,-7.0716434,-13.840647,-18.257801,-21.644564,-18.870356,-8.709951,3.726081,8.151841,3.8419023,0.03496182,-2.0639732,3.5478802,1.7014472,-2.8358557,-5.853568,-5.108101,1.1980178,2.6923332,-6.1002216,-13.295554,-18.595995,-9.086416,0.39882663,2.2975204,5.3937964,6.4374666,0.08481986,-16.016678,-16.48296,-6.728116,-4.4176407,-6.6261177,-6.7961507,-9.781938,-11.841721,1.3918948,6.7905307,6.404065,4.825301,2.3099332,-6.3710775,-17.773586,-15.279445,-12.697282,-14.119019,-14.860218,-20.625973,-19.00384,-9.518277,-0.40879324,1.1354427,-1.6544919,2.7013168,7.4801674,9.843447,9.200165,7.2254233,5.704646,4.5997143,5.2127547,5.5110455,4.837244,3.117049,0.7308971,-0.9484878,-1.5465753,-0.87448156,-1.9089259,-5.417632,-4.7785854,-2.958698,-1.4384896,-0.6999376,-0.36366016,-0.007448081,-0.22080773,-0.97798705,-1.3667674,-0.77979594,-0.43089595,-0.31275845,-0.0601139,-0.14073384,-0.15268743,0.65030575,0.90970445,0.4305023,0.82045525,0.6335374,-0.22206841,-0.077391826,0.31910068,0.3227368,0.30100274,0.5377346,0.5445956,0.06779972,-0.313183,-0.55544716,-0.96769047,-1.0910662,-0.26683936,0.22480917,0.4062188,0.43951944,0.44397053,0.19135347,-0.06982292,-0.21974593,-0.1282486,0.052544657,0.09349196,0.33641353,0.27525377,-0.07576546,-0.667713,-0.845967,-0.7077705,-0.5838302,-0.5645279,-1.0337805,-0.99161243,-4.7543793,-16.287722,-14.854815,-14.854547,-20.038387,-23.099758,-23.974714,-21.873167,-21.295883,-24.962425,-19.834457,-20.163393,-24.34982,-24.910954,-25.839289,-24.03901,-22.984787,-18.783813,-18.376968,-20.523241,-17.616045,-20.507725,-23.40946,-24.278969,-5.2692575,2.6128485,3.8767598,2.736444,0.62029564,-2.4013305,-7.112484,-11.455307,-14.511353,-19.38853,-21.058218,-20.463877,-20.124168,-22.923937,-21.700754,-24.35873,-28.400665,-26.031704,-25.00248,-22.278973,-22.564478,-23.868351,-25.695312,-25.796888,-26.02994,-28.824047,-31.346462,-34.14401,-34.45161,-33.909607,-35.003357,-38.1889,-17.524704,-11.019024,-15.229596,-25.419294,-30.929586,-26.429121,-27.60683,-12.977131,2.9148145,10.504274,12.9164715,12.05298,10.55389,7.761915,3.6529698,-1.6423857,-8.435577,-5.833377,-6.9797277,-8.951876,-8.384007,-5.9531164,-5.100305,-11.530137,-14.653881,-13.244907,-12.141799,-17.336363,-14.097616,-12.614311,-16.65668,-18.05736,-13.544946,-1.8761091,5.088044,7.683563,8.216252,7.9187727,6.776502,1.6575239,-5.5373964,-12.255225,-14.744348,-12.490461,-12.460209,-14.976095,-11.999737,-3.9543462,-6.3388395,-18.638514,-23.772575,-19.900383,-18.386826,-21.237999,-23.71782,-25.129417,-27.175283,-25.672132,-22.886963,-23.060095,-17.413383,-1.4012992,2.3443646,-2.833455,-14.979416,-20.888172,-15.17666,-3.2453885,-3.8873925,-11.150193,-8.196543,-15.212467,-19.523396,-18.643103,-19.511753,-10.453282,-8.385798,-11.205679,-16.618568,-20.926416,-20.43737,-12.671295,-0.90487534,2.4089894,-2.7676878,-13.641504,-19.611916,-20.363178,-19.338037,-20.900314,-24.862621,-25.266714,-24.929121,-21.542183,-25.981562,-4.543847,2.4576821,-2.054601,-15.28582,-9.341734,-7.8069696,-18.478111,-21.394974,-10.52313,-3.731688,-2.8955314,-4.4551454,-7.1237087,-4.6918035,3.985976,3.2849634,-6.6211386,-13.617135,-1.626535,0.92638975,-7.1845913,-18.644764,-19.450935,-19.049242,-21.893967,-21.066763,-18.724098,-16.51625,-20.479391,-22.030699,-13.886537,-7.2055454,-5.7895145,-6.1675763,-6.017992,-6.6394815,-7.537003,-8.161103,-8.698195,-7.427086,-1.263495,0.13187964,0.09229346,-2.9588115,-5.453997,-8.307315,-9.991397,-9.382845,-8.042375,-10.392143,-12.45421,-14.618965,-13.038204,-13.368868,-20.277483,-14.503512,-14.532234,-12.211543,-11.333792,-9.68413,-11.389618,-19.323795,-19.672516,-24.300526,-24.08057,-25.855858,-22.34175,-17.001041,-21.187887,-37.861637,-33.12758,-33.898556,-31.476048,-31.6918,-36.53093,-36.164967,-35.159218,-34.518196,-35.106068,-36.794273,-34.649845,-32.205544,-34.543488,-36.544067,-37.07961,-40.335373,-39.11763,-36.208702,-34.887306,-29.643871,-18.592432,-17.341602,-24.71568,-28.594982,-20.855616,-10.184221,-9.984254,-16.945423,-13.347363,-15.024711,-22.425812,-11.46452,-10.584118,-20.929548,-18.739609,-19.559912,-5.6711335,-4.433656,-10.039858,-15.566249,-15.774015,-15.0939865,-17.290487,-20.998974,-20.611397,-3.2779608,-1.5026332,-5.704513,-1.1908625,-6.0965633,-4.1818304,-1.0977778,-4.4456654,0.78091866,9.308804,9.411171,-0.3304975,-7.952117,-16.209698,-14.877229,-12.830034,-14.234358,-13.944605,-8.740767,-8.592608,-14.565863,-18.53083,-21.960518,-19.671246,-20.9211,-19.236439,-14.876666,-16.83359,-17.960169,-11.454982,-4.135723,-4.972182,-14.790836,-22.213404,-24.628231,-12.916268,-9.931807,-14.272164,-11.505081,-17.780045,-23.694277,-22.50994,-13.813463,-14.706096,-23.575909,-25.907717,-27.264236,-22.902376,-20.73013,-23.933867,-27.012924,-23.546513,-18.31636,-19.055502,-19.048592,-19.480774,-24.360912,-24.24088,-22.715416,-24.311,-28.093975,-25.31961,-23.44332,-24.727444,-27.86151,-31.34483,-28.819101,-26.153002,-25.75054,-26.784983,-24.755556,-18.971252,-20.623693,-25.070284,-26.406939,-24.852398,-19.395378,-16.066788,-16.513529,-9.428856,-10.291852,-14.580688,-19.236511,-23.735859,-17.982557,-15.77405,-16.442926,-13.308935,-16.268892,-21.984901,-17.131084,-9.898001,-13.219511,-17.077305,-15.3784895,-15.443005,-17.061169,-17.633507,-18.128633,-17.755714,-13.4808655,-16.742622,-22.88427,-20.8327,-25.501081,-22.952002,-22.853624,-26.079693,-28.016705,-29.691566,-31.274616,-36.101402,-36.800175,-38.22307,-39.4803,-38.33102,-38.284084,-41.71726,-39.493587,-36.748028,-35.574245,-38.890347,-38.368523,-31.224426,-25.330753,-24.723265,-16.989935,-13.821867,-14.3179455,-14.690083,-15.624512,-16.629185,-18.67381,-18.495193,-20.130749,-25.545094,-30.260992,-33.05928,-32.81816,-32.747757,-32.78383,-31.064434,-30.435326,-30.702341,-33.32305,-37.14111,-39.564365,-37.75788,-36.379265,-31.071186,-12.410708,-3.843335,-3.989726,-10.180864,-7.94297,-8.798239,-10.286218,-9.401208,-13.480916,-25.030216,-25.755066,-20.683037,-22.813902,-28.363758,-32.01416,-35.580936,-36.318962,-32.600487,-26.280205,-26.870876,-13.804007,-4.6502285,0.98587286,3.0439782,1.9963984,-4.4620085,-14.718357,-16.834843,-18.306467,-20.750519,-18.400892,-20.046549,-23.84757,-25.725574,-26.369781,-25.968847,-25.834352,-23.789894,-26.577377,-30.930271,-37.38085,-21.324522,-9.138695,-3.2677877,-0.18892668,1.0006629,2.7426248,3.1007318,1.994844,0.05590489,-1.9891975,-2.444783,-1.3145995,-0.23740141,0.2611259,-1.1177831,-4.9824867,-5.6754465,-5.4600806,-11.486163,-13.701631,-14.772748,-13.296328,-12.999794,-14.354467,-17.999626,-11.647341,3.4579473,8.957516,10.2829,9.421337,4.125268,-0.22711802,-2.781858,-5.771291,-1.4272068,-1.2510309,-2.5496144,-3.8749905,-5.286176,-9.514817,-16.566038,-21.810701,-21.164642,-18.186253,-17.181644,-18.803051,-20.66863,-20.99245,-22.84916,-17.32325,-13.775112,-13.519148,-14.680481,-13.544411,-11.979086,-11.105368,-11.181783,-10.935991,-10.594159,-11.710257,-14.349609,-18.154587,-17.387487,-18.668211,-20.031822,-21.257036,-20.60683,-22.133804,-22.403757,-21.137445,-21.286781,-21.4645,-21.456173,-20.857162,-20.29358,-19.397884,-19.656414,-19.227196,-16.740013,-16.079872,-15.625898,-17.002165,-17.18713,-16.306126,-15.357233,-15.91484,-18.317701,-18.215923,-18.893888,-12.485534,-0.6008198,1.3245592,-5.3745956,-14.233218,-12.219668,-10.063304,-11.495666,-14.317273,-17.637503,-23.148819,-19.572388,-12.628268,-5.9752245,-3.158972,-5.0695558,-12.958916,-12.474261,-11.4197645,-13.741579,-10.641306,-7.7071085,-14.89397,-26.997679,-36.425346,-28.653383,-24.513668,-20.055115,-12.597961,-14.936939,-14.059559,-14.238596,-19.340351,-15.348415,-5.102578,3.2388682,6.964814,7.4460917,5.6871204,0.37758723,-11.411478,-12.93029,-8.169696,-6.396495,-7.7352996,-11.39554,-12.321776,-12.824158,-16.118687,-14.581287,-8.407934,-10.068926,-21.819328,-26.228645,-26.693518,-9.069902,-2.855662,-7.083192,-14.579574,-13.804876,-7.501068,-9.325906,-9.118073,-13.090799,-15.15912,-17.553528,-18.682503,-16.367725,-18.515518,-24.099874,-23.817005,-26.629353,-28.222435,-27.149525,-20.533833,-10.221218,-2.501669,-0.2822122,-1.934238,-6.899801,-16.668915,-27.807705,-24.33546,-21.723225,-23.610882,-26.036825,-27.764023,-27.269455,-29.990644,-22.094175,-21.838924,-23.767681,-20.737675,-25.276646,-27.452053,-27.867512,-28.35704,-27.105892,-28.715744,-30.855507,-34.49563,-33.573067,-30.85989,-29.992714,-32.286312,-28.769121,-22.28308,-24.30175,-22.529724,-23.522926,-25.477732,-14.862508,-14.341204,-21.512207,-27.926392,-22.9463,-19.517647,-16.509546,-6.9622664,-2.7569509,-2.8293066,-4.2465816,-5.5919337,-8.175937,-9.39493,-6.0242696,-2.0358775,-3.1337163,-10.88209,-12.20752,-11.15332,-15.0537405,-18.858746,-17.244143,-19.257986,-21.25397,-17.61579,-21.687542,-28.294834,-12.484182,-3.7353716,-5.163396,-15.598658,-22.101929,-30.995087,-16.9881,-11.276264,-15.650042,-17.893602,-21.217926,-26.003998,-29.218246,-32.55257,-30.764149,-28.053898,-28.928856,-29.985273,-28.233519,-28.045654,-23.376303,-21.923151,-25.55517,-24.937887,-25.486385,-16.072287,-3.8542523,-0.27234206,-0.6635375,-2.2575977,-4.288018,-5.846384,-7.5208836,-10.127493,-9.958101,-12.295502,-20.888643,-28.493711,-31.341036,-35.669952,-28.17396,-15.079442,-11.587526,-9.139093,-14.590134,-19.658236,-20.304098,-23.79309,-21.83872,-20.953796,-21.557474,-16.788565,-15.615954,-13.641392,-13.683611,-14.848034,-17.90061,-20.92154,-19.781925,-17.588654,-18.374655,-15.664482,-16.042568,-19.612692,-19.501549,-17.699802,-15.728217,-15.287996,-16.2071,-19.1307,-21.070969,-22.332401,-25.828398,-19.351753,-17.122158,-22.779793,-22.253616,-20.185314,-19.916542,-17.099844,-17.898933,-16.647776,-15.885773,-16.852177,-13.695292,-16.506546,-19.224281,-19.590666,-19.00962,-20.080276,-23.313725,-22.75922,-23.503098,-23.722649,-23.206284,-21.882753,-19.48776,-20.170565,-26.898514,-24.992449,-22.50694,-18.81242,-19.432636,-19.495876,-20.198439,-19.124523,-14.630786,-15.986948,-8.001729,0.9049735,-2.0769491,-14.019695,-11.840576,-7.148576,-12.433257,-21.424675,-26.175959,-24.952095,-18.908775,-19.992874,-24.44505,-13.477263,-11.197567,-13.594103,-16.460398,-17.615873,-23.627207,-28.494522,-30.164898,-28.228947,-29.066452,-24.28236,-19.57873,-22.758139,-21.675947,-22.54065,-24.762218,-25.649326,-26.089209,-24.505398,-24.950207,-33.336216,-35.51146,-36.15545,-37.24006,-34.06692,-27.897902,-28.688843,-33.515907,-27.818771,-19.029959,-8.131599,-7.2916336,-9.592159
-33.971523,-37.060345,-37.855324,-35.24495,-33.38716,-32.99033,-32.336075,-38.04472,-38.567654,-30.320744,-31.303467,-28.953249,-26.320028,-32.94608,-26.836775,-20.547157,-11.4569845,-9.940914,-12.429371,-3.72344,4.62534,7.537468,9.412921,14.929227,16.745087,15.643573,14.5306635,15.504475,17.249481,13.636173,1.4591157,-1.5549886,-7.0490217,5.701203,14.880001,15.79258,12.834423,13.730563,15.554024,14.597469,6.946123,4.252245,12.285814,14.677624,13.220543,11.28005,11.634603,11.885514,11.243066,8.9257,6.071764,2.1687217,-1.4839647,-3.945472,-5.892489,-2.2120533,-1.5144465,0.07075242,-2.3778942,0.74732184,1.2771432,-8.78332,-10.464151,-9.346978,-8.575895,-2.4624708,-4.5794067,-4.125013,-9.00054,-8.753441,-10.8064995,-11.623592,-4.827565,0.40239334,-1.540185,-10.7848625,-19.418688,-18.829071,-14.102031,-14.601111,-18.05004,-18.70454,-19.150595,-17.894499,-15.209371,-10.65969,-9.359473,-9.048759,-11.713818,-7.58246,-8.354115,-18.598305,-23.2716,-21.725674,-20.554081,-26.682215,-26.80075,-27.907642,-29.70907,-32.12835,-25.61705,-22.09217,-25.271635,-25.454542,-25.63755,-25.408337,-23.108261,-18.583881,-15.782799,-17.83615,-25.067543,-27.332798,-28.766766,-2.430258,8.109355,11.030493,8.9838505,1.4339554,-9.945137,-12.552625,-12.037588,-19.282944,-17.820671,-15.540026,-16.457027,-14.992653,-15.000247,-14.224566,-18.559988,-24.314125,-22.733131,-17.317307,-17.650217,-7.6799846,-4.935397,-9.1661215,-11.543072,-10.22811,-13.33305,-17.976267,-4.483961,3.2747152,5.997917,4.4281178,-4.5864153,-12.924003,-15.422161,-20.31459,-22.797878,-20.628187,-21.880505,-23.811474,-23.913868,-22.10072,-23.385944,-23.57155,-23.275396,-19.60786,-20.324633,-26.344604,-21.585798,-14.952312,-15.406431,-14.208866,-12.766413,-18.297434,-20.431185,-21.982609,-26.710712,-15.934754,-7.0006714,-8.054762,-17.974926,-19.594206,-22.521856,-20.217693,-20.494509,-26.158356,-28.679455,-29.945822,-26.117937,-25.125355,-28.356194,-29.858727,-31.786892,-27.426012,-21.546673,-4.873792,0.12583809,-4.535316,-16.411827,-14.11469,-15.046484,-19.10334,-22.906446,-11.744825,-3.0918918,-4.138711,-10.913405,-17.305153,-25.057566,-28.500668,-23.827522,-22.508047,-23.876015,-23.773764,-22.244291,-26.139729,-28.300894,-26.933983,-26.24205,-29.376926,-29.073711,-27.574451,-28.208797,-28.093367,-27.025717,-27.699242,-25.652576,-23.824406,-21.33598,-19.241339,-22.576029,-25.119278,-28.992636,-31.460629,-21.75005,-15.367478,-17.852951,-23.790548,-29.20766,-30.454475,-26.395878,-18.328093,-20.30048,-24.327377,-27.876883,-33.31118,-31.022163,-33.173355,-25.119755,-21.115,-26.17404,-26.98938,-27.576426,-31.64096,-31.774384,-33.758038,-32.31699,-28.72929,-27.187433,-21.4134,-22.57533,-27.713917,-24.976528,-9.979304,-6.980045,-6.7661858,-5.2318883,-8.067764,-15.155083,-19.351347,-23.386824,-13.864647,-7.6234603,-4.779552,-9.5491085,-26.07197,-15.061631,-7.2502875,-7.8823752,-15.861315,-28.034626,-27.67202,-27.523361,-29.725658,-24.615726,-15.622862,-14.172354,-20.886717,-29.17589,-21.248901,-19.325583,-24.539232,-22.562244,-20.7398,-27.048496,-31.855644,-27.846786,-25.346722,-31.771122,-36.66982,-36.54911,-30.173304,-29.123438,-34.699314,-36.37522,-37.215443,-36.055447,-37.884327,-37.98567,-37.37474,-37.182148,-36.892212,-41.195835,-41.532722,-39.18286,-38.67119,-37.68977,-35.385063,-29.959625,-18.477722,-18.413643,-25.172281,-26.841124,-24.980803,-21.003866,-14.991769,-16.128971,-17.743435,-12.514869,-9.930489,-12.857509,-13.473859,2.6739275,7.4901867,2.8235612,-10.490642,-5.1704593,-2.114568,-8.5950365,-12.97144,-19.378817,-19.386604,-21.353014,-20.51264,-13.168097,4.9664903,14.866238,15.017502,6.9088926,4.6366305,11.832542,8.113738,-6.245334,-9.795578,-5.800633,4.5853353,10.273276,8.391122,1.4622372,-0.771613,-1.8276249,-1.8291669,-5.1699057,-8.079068,-8.156521,-10.206358,-9.810058,-7.719105,-5.8381658,-9.244863,-11.2032995,-10.92442,-12.840504,-12.965936,-10.926201,-8.274846,-11.666613,-14.8516445,-12.619004,-11.640591,-19.21687,-20.527702,-18.825111,-11.900833,-8.567272,-11.248637,-19.564375,-18.729774,-8.020813,-4.05365,-9.289133,-18.649004,-19.141005,-19.171917,-20.885006,-19.859516,-19.087559,-19.699028,-19.530485,-23.08023,-24.509068,-24.173267,-23.787222,-24.773201,-23.043194,-24.503233,-24.226532,-28.213955,-28.189766,-27.024876,-23.718815,-23.20105,-24.947512,-24.126438,-22.312185,-24.768784,-25.592947,-25.097158,-23.829884,-22.30299,-24.232939,-24.925425,-23.147383,-22.51427,-22.968079,-22.950384,-21.092007,-14.274646,-13.350494,-15.827394,-12.637312,-12.567812,-16.262512,-14.943472,-15.05286,-18.760912,-18.243706,-19.466255,-21.771332,-18.90238,-20.516125,-23.402382,-20.46558,-21.237354,-25.012312,-25.511612,-25.148706,-24.577158,-24.001238,-24.787848,-24.980873,-23.258038,-22.249752,-20.924208,-19.737474,-18.685919,-17.48103,-17.858694,-21.572292,-22.305202,-17.81479,-17.2654,-23.385603,-24.116003,-20.593603,-13.443423,-12.628275,-16.13789,-14.036618,-9.689271,-5.556495,-5.798483,-12.838881,-20.10567,-20.681519,-26.99188,-27.521374,-29.609604,-28.170855,-29.115656,-27.398664,-26.489075,-26.443146,-27.499855,-28.318453,-11.765474,-5.2298594,-5.4393096,-6.659666,-8.278366,-12.212069,-18.341187,-18.953268,-13.640408,-17.060726,-25.44043,-26.287382,-29.075249,-25.0051,-24.481356,-27.011488,-25.83642,-30.313267,-33.4111,-31.81081,-33.208168,-35.387592,-36.30423,-35.72334,-22.457436,-19.535099,-23.765968,-29.93763,-32.26154,-33.868607,-39.540638,-40.95759,-18.356878,-11.900028,-16.698097,-30.352364,-32.27676,-36.207027,-36.121834,-16.816359,-5.639571,-6.3184223,-10.920446,-5.099485,-2.1625323,1.685494,3.0537496,6.5385227,5.84251,6.6551466,8.365479,7.59709,1.8771209,-4.417432,-7.0559835,-14.355048,-16.11157,-14.990768,-9.780699,-9.767381,2.5495157,8.750025,8.778699,3.643044,0.6719849,-1.2430462,-3.5911322,-6.730948,-6.1150866,-5.3392544,-1.2275305,-0.20368008,-9.126297,-17.221008,-16.86491,-18.67871,-17.229128,-16.250479,-5.3609676,5.025119,5.301225,-1.4392958,-9.128801,-9.708959,-7.465491,-7.3503456,-8.505018,-14.722844,-9.843694,-9.112657,-14.680704,-18.684067,-12.7797785,-0.34134758,0.4959815,-3.7485504,-8.099158,-18.32823,-12.825068,-6.719067,-10.458519,-16.423018,-10.170089,-13.410769,-23.142202,-25.907135,-22.87022,-6.546083,1.1944621,4.6706576,5.01661,4.8638783,4.728751,1.5651959,-7.408782,-8.249649,-11.535769,-21.58406,-22.87154,-16.774027,-9.799737,-7.975397,-10.85643,-19.559353,-13.953253,-14.566502,-21.356373,-6.8724785,3.5232341,7.5556064,6.5060654,4.8192635,1.813067,-8.002969,-11.784185,-12.735521,-16.303185,-16.71228,-17.751558,-16.900908,-10.9044895,0.113955125,5.429049,5.7107105,4.235664,7.803914,4.720738,-7.5523663,-12.823883,-15.607161,-13.614397,-14.237406,-20.510828,-18.25556,-18.294315,-18.162706,-17.3099,-19.902119,-21.85978,-16.56977,-14.232707,-18.02851,-19.497559,-16.020077,-18.77722,-21.247238,-14.09376,-9.699656,-11.2933655,-12.314207,-11.810232,-14.397882,-17.796062,-17.61525,-16.643288,-17.650139,-18.885054,-21.884811,-20.531921,-15.789337,-19.294937,-24.641277,-19.570648,-20.897484,-20.180763,-21.415415,-16.660522,-14.7677145,-19.701044,-18.743017,-19.167294,-25.762337,-27.439062,-16.862108,-12.2107315,-18.627956,-32.677155,-30.72756,-31.497929,-31.391685,-32.948586,-37.71303,-35.644096,-34.96731,-32.755833,-32.935246,-36.677383,-36.169823,-35.10354,-36.90352,-40.34286,-39.96701,-40.8102,-39.35565,-37.809418,-37.585533,-31.191027,-23.580109,-22.194897,-26.65824,-28.546734,-17.39668,-0.47352585,4.742727,1.578845,-9.564515,-13.241073,-14.477514,-5.690353,-3.4187603,-11.865107,-18.00719,-17.547901,6.880661,14.927019,15.868662,13.017459,9.6911335,6.153308,-0.9758185,-1.6352766,-5.5731387,0.99812484,3.2117496,-5.00965,-4.2175875,-6.60877,0.46144074,11.0071945,13.2801285,15.394426,16.01104,9.198874,-1.5228426,-2.5767274,-5.54846,-4.751077,-6.902235,-10.132042,-6.702674,-1.4390506,0.5268282,-4.2836614,-5.5755086,-6.6231227,-5.089525,-6.732517,-8.960191,-8.458883,-12.076239,-11.879182,-5.4863358,-1.9314991,-1.8751614,-6.113488,-11.499926,-15.927991,-10.57634,-11.140681,-12.39058,-8.60009,-12.3584385,-16.510717,-18.890835,-14.427276,-14.47084,-17.391708,-16.379639,-20.124672,-23.03593,-21.741858,-22.867828,-20.611095,-21.7912,-22.393866,-20.317867,-20.706179,-23.891731,-26.436594,-27.136929,-27.640007,-25.120066,-24.729635,-28.326569,-31.90388,-32.36411,-30.596012,-30.4394,-31.246773,-27.960182,-27.571407,-29.548243,-19.076649,-10.9387,-14.087954,-27.910835,-22.589718,-22.275707,-20.63774,-16.699635,-18.04522,-18.381851,-17.808462,-19.911644,-22.692606,-25.581963,-24.67065,-20.148521,-7.8345065,-1.616277,-3.3337474,-10.757263,-11.146336,-3.264427,-5.3623285,-12.474043,-14.224677,-18.432219,-20.884785,-23.327608,-21.41922,-15.759097,-14.042492,-18.344109,-19.268795,-21.92219,-27.06007,-29.466238,-26.652988,-23.422485,-22.658709,-24.496906,-29.119017,-29.327328,-29.899885,-31.088821,-31.887253,-28.934526,-27.5368,-32.84645,-33.908894,-31.509047,-29.882881,-32.17628,-32.54437,-30.244196,-28.400518,-25.566944,-25.023361,-25.105087,-27.60155,-29.47871,-28.893345,-27.541779,-27.263111,-26.68809,-26.355137,-27.384531,-31.167936,-33.138264,-30.251003,-32.53606,-35.73529,-35.692894,-32.29945,-27.43761,-29.931572,-31.034454,-33.207733,-31.152561,-27.182552,-19.174635,-10.679655,-5.698505,-5.926441,-5.2488155,-0.39049453,1.2193842,-1.9927475,-7.6961226,-9.987201,-12.7944145,-16.379042,-18.937752,-22.994051,-27.703983,-30.021383,-28.852486,-24.02423,-21.023157,-21.595533,-15.163954,-10.687389,-8.429077,-9.19584,-12.362933,-16.50632,-16.53496,-21.67049,-25.05229,-26.718065,-27.062729,-29.620895,-28.248695,-30.888515,-30.215395,-28.146822,-27.634306,-30.159084,-30.328438,-29.981068,-32.036144,-33.33628,-23.011751,-9.361679,-5.9158993,-7.0330725,-7.7499456,-5.880869,-5.5623894,-7.9336576,-11.017474,-14.243557,-14.321307,-9.707175,-9.526955,-11.57837,-11.4326935,-9.167553,-7.973665,-9.254694,-14.116901,-18.302786,-20.096176,-18.486273,-19.50234,-21.748722,-23.524454,-20.680264,-10.4480095,-7.5396204,-5.0937705,-0.19776241,-1.8685645,-8.166126,-11.157441,-12.356987,-11.524219,-12.203209,-11.106361,-14.656066,-17.61789,-20.527168,-23.634947,-22.822872,-26.057644,-24.888132,-23.84497,-23.729107,-26.34507,-28.654224,-29.225082,-26.503254,-20.849325,-21.391752,-21.995382,-22.423328,-23.391865,-24.274815,-24.055313,-21.83743,-21.561802,-22.800583,-27.469238,-32.592445,-31.731815,-32.530567,-35.367485,-33.377434,-31.18676,-33.38687,-34.534657,-34.433636,-37.0859,-39.56034,-37.64327,-39.305717,-36.58175,-35.95304,-36.40676,-30.931566,-23.948627,-25.11555,-29.685553,-31.987392,-26.56123,-17.362156,-18.826406,-25.425291,-27.688177,-24.514053,-22.640396,-13.817471,-4.3179636,-4.4573183,-15.25628,-12.106262,-2.1777263,-1.8613915,-11.149598,-19.241745,-20.159027,-14.816435,-12.0182495,-12.225212,-8.953754,-6.6357174,-9.062852,-9.628679,-3.9619884,-3.4991944,-2.742306,0.80634826,1.5691206,-5.796382,-10.343789,-12.328581,-20.449577,-19.157145,-16.654394,-4.9174805,-3.440871,-7.868585,-10.179168,-13.8105345,-19.921211,-11.798948,-7.24189,-13.089047,-3.1888475,9.098024,12.988528,13.213095,12.987055,10.926411,2.4363873,-8.775136,-11.457174,-13.317677,-13.337635,-13.169756,-10.77166,-4.853071,-6.8744745,-16.329536,-17.275784,-13.395892,0.9516295,11.439682,13.207319,9.893131,6.4039397,4.5722795,-0.02913275,-2.8400514,-7.4646225,-13.997751,-12.654828,-14.332246,-12.568718,-12.300056,-17.669195,-21.413498,-13.204447,-10.336531,-14.204879,-16.987268,-15.287493,-14.931998,-13.7324915,-8.433915,-9.1701355,-15.837913,-23.492256,-25.345404,-20.639402,-21.242811,-26.933254,-22.41706,-19.029339,-20.09096,-21.782427,-20.843885,-21.286396,-19.914064,-21.162855,-20.603825,-22.281242,-24.631058,-24.101757,-23.986444,-26.582008,-27.090666,-27.75984,-30.086025,-28.316977,-25.55801,-21.83046,-24.176006,-24.119375,-21.360493,-23.527529,-24.949018,-19.83156,-19.286737,-23.106794,-26.264904,-22.987247,-23.828922,-21.247673,-17.378305,-17.609627,-17.783224,-20.897257,-18.414827,-14.948531,-16.999063,-21.570082,-21.855465,-20.591099,-16.215647,-2.3330822,0.8253441,-4.1975408,-14.661207,-12.695499,-6.8100376,-7.019002,-13.554016,-17.36108,-20.698423,-6.9294796,1.2368599,1.213889,-5.4623775,-17.492119,-21.004433,-13.840207,-11.377356,-18.226278,-19.649452,-20.776834,-23.322502,-22.596684,-25.545614,-27.85757,-30.522936,-28.682972,-24.2812,-21.362976,-21.387959,-19.473007,-19.914806,-20.343763,-24.367748,-25.001585,-21.012177,-11.440397,-9.361193,-11.544352,-13.562213,-15.827709,-17.004265,-18.922245,-21.818964,-17.899326,-18.827316,-27.470165,-34.064266,-36.623695,-37.04818,-29.243834,-2.6148832,7.28111,8.414308,0.44720942,-9.807362,-10.016594,-16.09648,-18.834358,-17.58096,-17.825361,-12.702165,-10.194504,-11.393758,-16.096064,-22.231915,-23.412918,-22.204956,-18.89141,-16.126038,-10.318863,-9.002075,-10.058595,-12.610048,-19.13073,-21.65574,-21.116627,-20.4651,-21.043034,-26.568047,-21.240255,-20.137276,-21.411287,-21.173737,-19.667412,-20.831888,-20.811783,-20.198698,-22.065649,-27.033195,-26.896074,-27.12233,-24.82173,-23.299824,-21.535236,-21.760149,-23.83296,-27.979383,-27.482578,-25.367481,-23.55614,-24.958582,-23.729439,-23.961256,-26.691065,-26.8865,-22.171932,-23.12212,-29.180843,-27.627987,-22.808647,-22.336061,-22.48899,-23.220871,-27.293022,-27.631813,-20.410593,-20.708183,-2.0543585,11.1561,13.707701,10.372446,6.4432535,2.362594,-2.4753034,-9.361948,-16.88062,-12.639197,-12.487593,-14.058825,-14.008998,-13.428314,-14.150208,-14.976073,-12.360202,-12.245711,-17.344917,-20.3699,-19.770721,-13.637858,-12.8769245,-15.564279,-16.137646,-17.740028,-18.631289,-20.997776,-25.92862,-24.648735,-23.884426,-14.677978,-13.150379,-19.765202,-23.997442,-21.62322,-21.131062,-15.131529,-10.319973,-14.630882,-24.071148,-24.570992,-17.324594,-7.4750786,-8.196641,-8.276638
-26.774956,-24.868244,-22.473536,-20.034636,-18.749645,-20.997269,-22.565775,-28.513283,-36.148754,-32.45284,-33.913998,-30.497559,-28.642214,-32.395294,-30.31041,-25.331163,-23.651869,-24.752693,-22.609669,-21.214294,-18.424046,-12.145369,0.8850105,13.159734,18.33687,20.12006,20.676102,20.825022,19.825687,14.512034,7.319627,4.8310103,-0.59986365,4.3214064,14.0973015,17.933102,18.401978,18.536146,19.012815,16.785477,9.050705,4.604862,10.492746,15.70541,16.693047,16.421753,16.704538,16.867407,16.297398,15.357044,14.066103,11.099037,7.51291,4.008189,0.35791385,4.3387704,3.8812077,2.295988,-1.5572433,2.53178,5.143711,-1.3773059,-5.7242746,-4.321612,-6.569581,-5.1395135,-7.858823,-3.9892244,-5.5692234,-5.641517,-6.6481543,-7.7387238,-9.829931,-4.4720798,-0.7412702,-6.380236,-14.494456,-12.007928,-8.574866,-11.973297,-17.5588,-16.191195,-14.237233,-12.750244,-9.429961,-6.3165636,-10.02627,-14.223434,-10.368005,-11.012896,-17.022827,-17.79893,-19.22425,-19.92968,-20.432297,-20.4188,-17.611057,-18.063982,-20.36871,-18.704027,-17.195816,-15.670029,-17.042925,-18.140383,-18.64463,-16.659319,-10.159177,-5.762277,-5.62011,-11.348196,-21.603477,-24.4869,-23.34686,-10.470087,-5.742643,3.7651067,7.095452,2.0080986,-9.243642,-10.024801,-9.299049,-10.9546795,-12.954249,-15.547147,-19.273956,-19.71994,-17.044235,-18.458588,-21.586905,-25.91274,-25.541489,-22.772015,-17.433035,-3.807136,1.6700275,1.3065897,-0.63673306,-4.36358,-14.48708,-15.890203,-4.1330967,4.132028,5.256957,1.8553127,-8.550691,-13.043002,-13.714586,-14.995573,-17.412107,-15.770211,-19.1601,-19.58979,-19.28355,-18.035587,-22.957926,-23.037693,-18.10631,-19.396326,-19.851263,-25.887798,-26.64551,-22.22932,-19.09001,-11.7156925,-11.904493,-13.248185,-21.761204,-28.406567,-25.648285,-12.233854,-3.8380904,-3.5741737,-6.5508275,-8.453668,-14.329539,-13.158083,-13.219024,-16.017673,-17.058315,-14.9975,-9.1458,-8.436254,-10.884709,-11.670227,-13.393492,-21.801601,-20.15703,-3.450456,3.1584072,2.084267,-1.0674078,-0.94539255,-5.713572,-16.52871,-15.562084,-10.749506,-1.3947232,0.107585534,-5.631275,-15.906467,-18.890896,-22.363016,-23.1349,-20.316082,-13.333102,-12.447291,-15.723606,-19.227371,-18.32062,-17.702332,-18.878387,-25.450218,-21.526213,-20.36203,-15.994366,-13.607329,-19.731075,-25.578793,-20.696772,-11.389991,-8.7642565,-10.033164,-7.6785192,-8.4155855,-13.660308,-19.401434,-15.6594,-12.117147,-15.376682,-18.079887,-26.484016,-24.797564,-22.107489,-16.561188,-19.998043,-23.432428,-23.464214,-25.87737,-24.19152,-27.568768,-24.667719,-23.566467,-25.573914,-23.56263,-27.535328,-30.825817,-31.169659,-27.97879,-31.468794,-32.7145,-25.913067,-14.788953,-12.833911,-16.270359,-13.733671,-9.350899,-12.318095,-10.00647,-4.358546,-6.3489156,-13.06535,-14.945915,-18.504173,-11.030129,-5.8665395,-5.008187,-7.268318,-14.938267,-14.631905,-13.625368,-14.005056,-14.095446,-13.224428,-12.385185,-12.806749,-14.487364,-14.637666,-14.799605,-11.304262,-11.300993,-15.980951,-18.606894,-19.282791,-18.553831,-19.405188,-19.870047,-21.061794,-19.955551,-14.647952,-13.425994,-17.333107,-27.045456,-33.568905,-30.04714,-30.309559,-34.565014,-29.662477,-21.482353,-16.831387,-15.802126,-16.596882,-17.088331,-17.858086,-18.405193,-19.431013,-20.023602,-20.109377,-21.11743,-20.25262,-20.684078,-23.797064,-7.71811,-1.1543608,0.043987133,-0.61133474,-2.1752229,-6.2923217,-15.651688,-18.438107,-17.145596,-16.339275,-16.248888,-14.3618,-12.879868,2.124908,9.561759,9.525106,5.1517396,3.4546163,-1.8434219,-6.3758974,-6.416708,-8.879711,-9.6422205,-14.249458,-16.624361,-14.255532,0.8767802,12.027539,16.74588,16.535803,16.772213,16.759365,8.882153,-1.6206195,-0.82894063,2.1653614,4.3630967,5.929942,9.662035,10.305986,10.137405,7.9158506,2.3477592,-0.5362771,-0.056925304,-1.010147,-3.3080149,-5.451193,-4.3846464,-1.2782639,-1.8441672,-4.890013,-1.7217177,-0.7141253,-4.303628,-11.593517,-12.545103,-13.429316,-14.896059,-5.5435185,-4.854674,-12.109871,-15.100459,-14.465007,-14.707236,-9.157288,-10.286402,-13.524019,-12.945648,-11.628861,-11.389852,-13.365893,-19.650248,-20.573883,-16.620607,-19.124956,-23.088568,-17.777323,-18.4853,-21.014006,-20.983688,-22.390602,-18.503937,-20.113785,-23.8825,-26.015873,-24.673779,-25.518639,-23.644121,-26.03945,-31.685356,-24.448545,-23.260641,-24.221008,-22.749836,-22.938139,-25.035898,-26.877937,-29.94157,-30.851307,-27.673151,-29.966982,-37.797222,-37.566956,-31.72287,-31.249702,-29.945621,-23.91841,-14.307619,-11.509321,-13.192064,-9.119745,-8.984239,-14.107598,-11.764593,-11.723768,-16.402424,-14.051804,-15.275489,-17.157534,-13.746361,-15.925781,-20.03994,-17.229752,-17.843975,-22.473047,-23.30372,-25.681221,-29.356108,-28.039572,-28.144882,-28.106964,-25.341871,-23.618479,-17.376978,-14.992213,-14.0550785,-13.312818,-14.056926,-16.783682,-16.759354,-14.845856,-14.826029,-18.338223,-19.361237,-15.84133,-6.277054,-3.6145864,-3.448702,-2.0290499,-1.54985,-1.2017355,-3.284824,-11.755974,-13.338051,-13.373619,-15.422138,-19.136883,-21.606598,-19.517534,-12.48864,-9.577962,-14.057371,-19.19612,-20.576258,-22.97092,-18.846176,-17.528683,-15.065519,-17.326805,-17.350918,-20.189823,-28.080269,-18.294655,-11.485835,-6.830764,-4.876134,-5.9438796,-8.66701,-11.442787,-17.897024,-25.473476,-24.855934,-18.322355,-16.761393,-15.675689,-14.585944,-16.263023,-18.534,-18.559378,-15.913735,-11.651369,-14.130739,-18.769642,-21.633316,-21.861835,-23.887295,-25.42405,-21.243557,-18.659695,-22.299173,-26.796667,-29.181082,-31.541273,-34.4434,-23.729753,-13.118192,-13.606941,-11.654829,-10.065706,-15.693885,-9.757981,1.0098041,8.862464,11.111301,12.0628605,13.075018,11.564864,4.830182,0.4419373,-2.6659737,-7.3425,-9.175345,-11.6841135,-6.0052843,-2.5128345,3.397691,8.916881,11.849202,10.975088,6.6541476,2.8830955,-3.9703298,-3.3000102,-4.0975924,-8.241741,-7.7219124,-4.130576,-6.5974426,-12.450701,-10.141797,-12.498308,-15.27473,-15.123521,-6.5101995,0.95028734,5.131215,4.9828014,2.5148427,1.8257217,3.3439734,2.5724242,0.61194515,-3.8907313,-2.1377306,-0.7526485,-4.6469216,-10.335506,-10.468046,-7.044666,-6.541262,-1.6847587,-3.0469773,-11.8415785,-12.249827,-14.97572,-18.83775,-15.018934,-8.257076,-11.869804,-27.590927,-23.75759,-21.512684,-11.812313,-4.239469,1.1349592,3.0622926,3.5443187,3.4880683,-0.16592817,-10.96305,-10.8185215,-12.239871,-20.00701,-19.000473,-12.236843,-3.0713425,0.100038566,-0.40970713,-1.5134325,-0.6495278,-4.1337976,-13.305421,-10.049629,-2.965987,4.328913,7.297817,6.241788,0.15394342,-7.824703,-8.390588,-13.68422,-21.613384,-20.77859,-19.86097,-18.909485,-16.0891,-12.017981,-1.5647126,5.904272,6.688713,5.770306,-0.4112879,-8.257968,-12.418207,-15.231677,-17.052795,-17.078472,-20.091562,-19.254238,-19.326912,-17.10802,-18.156708,-22.790277,-14.4002285,-7.9991684,-6.1948924,-9.45036,-9.440116,-8.262096,-10.671936,-11.072237,-10.485651,-10.751938,-12.88334,-12.607183,-12.83757,-13.14027,-12.461208,-12.121481,-13.512282,-14.565263,-18.132288,-22.961514,-16.704084,-13.929391,-19.40809,-22.784727,-20.852215,-24.99126,-28.493904,-25.401505,-22.801342,-11.166715,-7.8570166,-9.7136135,-12.616346,-14.335154,-13.153167,-12.571632,-11.758234,-16.654404,-23.53731,-20.328047,-18.974655,-18.632576,-18.319254,-22.578915,-27.933392,-23.442474,-22.466076,-24.809113,-25.151623,-24.733152,-29.227737,-31.026875,-30.1409,-31.70094,-34.32218,-30.414267,-28.253712,-32.327576,-27.121637,-19.850199,-17.216461,-18.562614,-21.002659,-16.077349,-4.4171066,4.9308934,7.2751884,5.3587,2.6251626,-0.66318685,1.5418011,1.5933986,-4.1137147,-9.3816595,-9.699453,5.9046607,14.021175,16.942375,17.60076,17.724264,16.887259,16.633228,16.696802,13.975629,13.453355,9.29469,2.043273,-1.4858146,-3.3398337,0.5608476,12.220957,15.936817,15.1501255,10.81978,1.3289278,-1.5456274,-2.2105453,-4.8160644,-1.4820397,-3.6947546,-8.023809,-4.663107,-1.9214735,1.0783725,2.516866,1.7450888,2.8639088,3.918947,2.1332989,1.901073,-0.976833,-4.99687,-5.649084,-6.66369,-5.298004,-4.8865848,-3.7773757,-3.316627,-6.5934534,-4.439971,-5.566763,-11.387829,-8.185404,-12.099538,-16.478563,-14.801542,-14.737146,-11.648319,-12.704087,-12.536541,-15.084238,-16.138527,-16.083157,-20.408386,-22.984444,-20.837395,-14.751152,-6.6176963,-3.8753984,-5.220896,-8.525193,-9.347682,-10.446087,-10.801134,-13.304596,-16.74067,-20.246937,-18.929974,-15.30135,-13.240851,-10.971935,-10.743302,-11.430445,-13.941632,-7.3208447,4.2483253,3.3717406,-10.301095,-15.238169,-15.382572,-15.103699,-14.868137,-15.738634,-20.11612,-17.04333,-16.914282,-19.021814,-21.75317,-15.400875,-4.842857,3.465047,9.915415,10.764944,8.951887,8.045994,6.2446814,1.4429555,0.16626923,-3.1594696,-8.02359,-5.7678146,-5.4739475,-6.6962852,-4.0628796,1.7490219,2.038402,2.8284314,4.07075,4.683595,5.7094564,5.180732,3.4014058,3.029063,2.5584178,0.7391021,-0.9155541,0.005632239,1.627913,0.9581231,0.8789289,0.9267218,1.2934734,2.1163163,2.2680287,1.3963227,0.018324792,-0.26080513,1.6896205,3.0002933,1.5711457,-0.54613936,-2.5856245,-2.8268554,-3.849695,-6.2961535,-5.2946973,-1.9844851,-0.40214968,-1.025542,-2.0886161,-1.4929868,-0.14545469,0.017993802,-0.616871,-1.5180612,-1.7405857,-1.2216991,-1.4379572,-2.6214614,-3.6716578,-3.3765113,-2.651012,-0.24239226,2.3788862,1.7470677,-3.5267925,-4.769597,4.204439,9.165486,8.751692,3.4978306,-4.092588,-4.194428,-4.3300924,-6.4655514,-10.788728,-13.368106,-16.371834,-21.572874,-14.466643,-10.852471,-12.11442,-11.599117,-5.4428253,-4.443584,-9.085177,-10.101652,-15.684594,-21.268791,-22.245226,-22.448875,-21.332172,-19.676426,-17.609747,-20.463217,-25.280989,-26.000599,-21.37234,-23.417526,-26.433208,-27.423988,-28.303452,-25.656952,-23.944933,-23.006403,-23.132288,-9.538706,1.9162751,2.830618,-4.0082474,-7.1063166,-7.3310966,-11.449862,-9.893856,-11.521683,-14.739457,-14.559208,-19.944475,-17.616598,-16.079098,-12.898694,-8.995289,-13.301584,-20.777863,-21.332676,-15.335644,-14.360897,-15.432652,-21.147076,-22.030733,-20.870438,-19.757555,-20.197115,-18.186512,-15.390139,-14.77758,-21.356146,-21.62483,-25.229942,-26.654015,-13.7813835,-7.090921,-5.3289084,-5.6359725,-7.4722624,-9.837062,-12.187246,-15.07867,-20.64189,-20.13231,-17.138948,-15.023388,-12.871914,-11.5914,-11.351458,-11.210527,-11.384058,-12.466705,-14.305878,-15.734844,-18.198986,-19.583065,-19.775846,-17.902756,-18.392115,-21.53219,-26.755743,-31.215023,-27.76197,-27.588123,-23.794811,-21.94459,-23.471716,-25.453976,-28.701885,-29.848991,-31.94311,-35.519524,-36.225258,-37.786545,-37.099308,-35.329834,-35.759457,-27.334215,-27.501078,-29.485552,-31.721708,-21.723454,-10.880748,-11.37611,-19.96189,-26.810772,-22.570583,-21.835457,-16.225355,-6.9140787,-8.287981,-19.40633,-12.899935,-3.007127,0.30360898,0.7977334,1.4933364,0.9894984,1.2828292,0.67345977,-2.1549606,-0.23041146,-2.8675904,-10.503084,-2.0675304,4.883821,6.8250823,7.363962,7.4616914,3.5040584,-4.635489,-2.5955563,-4.9080825,-10.051546,-9.833545,-13.732953,-8.211609,-5.443459,-1.9693177,0.4796936,-3.256321,-10.564446,-11.187514,-11.479044,-16.125534,-13.566946,-0.6683793,7.212886,9.619811,9.399658,8.428093,4.687809,3.7564378,-4.0468245,-11.867517,-15.251159,-14.480045,-10.452934,-3.8823864,-6.4284773,-15.989142,-13.161736,-14.44722,-2.9375544,7.7300305,11.776004,11.221175,9.004557,4.8062034,-2.1390631,-2.0646648,-6.7412825,-12.999206,-11.791203,-13.847563,-13.795826,-9.610235,-6.4372644,-5.1351385,-5.314701,-8.700047,-10.151848,-8.650198,-11.320341,-15.538368,-14.093607,-12.083755,-11.731109,-13.149291,-18.922234,-19.914953,-17.346678,-18.280655,-20.23366,-19.193085,-17.549015,-19.12668,-21.459894,-21.408579,-21.45487,-20.025467,-20.32053,-20.681633,-21.267723,-23.566448,-25.935915,-25.273819,-27.727373,-27.061789,-27.892323,-29.16105,-27.599453,-25.865858,-23.146078,-25.349186,-27.078316,-23.125465,-21.493603,-17.927132,-15.038509,-18.022196,-26.676502,-30.008533,-32.257427,-27.743052,-22.57259,-21.327553,-25.97873,-27.745155,-26.401161,-22.984068,-23.63673,-26.675852,-27.310635,-27.19342,-26.740877,-17.81099,-4.782708,0.581725,-0.015442517,-4.0213118,-5.3354983,-3.4269893,-3.1049058,-8.087591,-11.068129,-15.911232,-11.826691,-11.271484,-6.4455967,-7.0269117,-18.08264,-24.015753,-15.155458,-15.011007,-20.30161,-16.478302,-16.522614,-24.04572,-25.477734,-26.428644,-27.680603,-29.200878,-30.610025,-27.173244,-24.026096,-17.5163,-12.452944,-7.0583534,-4.023728,-4.3655806,-6.8373537,-12.940536,-19.472372,-19.298761,-20.154402,-22.130049,-22.047472,-23.528568,-25.786106,-26.663656,-28.68204,-32.973934,-33.248707,-30.287134,-28.19772,-30.936478,-25.90003,-1.4705485,7.0215006,10.486966,8.660253,-0.69491714,-6.3628807,-12.0206785,-11.622343,-9.253621,-11.359764,-13.327913,-13.874618,-12.768627,-15.170179,-16.814539,-15.935734,-17.259895,-16.596067,-15.078829,-12.101035,-14.0306425,-12.958232,-13.055359,-17.03191,-17.351461,-16.501972,-16.181995,-17.585032,-21.44826,-19.358896,-18.445143,-19.216606,-22.382343,-21.486025,-21.887953,-19.677742,-18.880709,-22.640999,-28.26384,-27.182655,-25.377245,-24.38314,-22.209082,-22.332737,-23.261435,-24.65294,-25.847857,-22.012733,-20.949486,-22.18808,-25.74651,-26.053917,-29.035019,-24.125957,-24.557846,-25.923546,-27.778973,-27.361652,-26.53289,-24.952332,-20.939129,-22.967472,-21.779522,-25.39982,-25.972147,-24.13352,-23.45313,-4.985998,7.9085464,13.62088,14.388052,12.206051,5.5715938,1.5592502,-4.435042,-6.326721,-4.579947,-7.3501997,-10.448103,-13.640196,-12.449743,-12.078887,-9.626467,-7.9416447,-11.927625,-16.954315,-13.127431,-12.410149,-11.718399,-10.507865,-10.71475,-11.609955,-11.621914,-13.631525,-15.544584,-17.131771,-20.372314,-14.498858,-6.6929026,-3.5826406,-4.5710526,-5.2011375,-6.1234765,-8.344357,-4.295573,-0.70007443,-2.4268403,-5.9360833,-11.32243,-13.969997,-10.896,-13.200665,-7.108411
-29.745998,-28.672035,-28.431805,-27.415352,-25.451334,-24.33588,-24.372833,-31.327906,-38.549065,-36.61591,-39.11739,-26.046923,-22.96916,-28.007078,-28.778097,-24.951876,-21.203613,-22.842846,-26.400417,-21.449766,-16.573574,-15.302915,-12.221699,-6.6852736,-4.8440137,-3.759837,-1.0002567,-1.8717194,-2.6198604,-5.1358624,-13.479658,-13.103303,-15.665592,-2.3717518,0.38409966,-4.2748847,-3.4540339,-6.852715,-8.948783,-3.5405412,-8.994488,-7.4200816,-4.79387,-9.158068,-11.015319,-9.414703,-9.423659,-9.204785,-10.104746,-4.9941835,-2.029478,-3.451092,-6.807371,-10.066251,-8.237041,-6.2338877,-12.830713,-20.918905,-21.937696,-13.168087,-5.733713,-8.543776,-14.757943,-15.738688,-19.207188,-17.702057,-18.53685,-12.119373,-14.968811,-27.982288,-21.364336,-15.190091,-14.942144,-11.401925,-6.341263,-9.658167,-19.183296,-17.828983,-15.347843,-17.892311,-15.994932,-16.557156,-20.011862,-17.868753,-16.802273,-14.079521,-13.954803,-17.085548,-14.804338,-17.08853,-22.169333,-21.112965,-22.793848,-24.72425,-23.623726,-19.85052,-17.36281,-18.119156,-19.922255,-18.336504,-16.696114,-10.916852,-10.136704,-15.784997,-18.834179,-19.563877,-14.375696,-8.244977,-6.836729,-12.205864,-19.037935,-24.783272,-25.768824,-18.131569,-18.416903,-18.587286,-14.044093,-17.724262,-13.931137,-5.7382064,-7.0608835,-13.656454,-15.622102,-14.925323,-21.906696,-21.070595,-20.554459,-24.896435,-31.375607,-29.952414,-28.418463,-26.859772,-19.172394,-13.118986,-11.642961,-10.465556,-11.090851,-12.795273,-22.105284,-25.914309,-16.824568,-12.116389,-10.004779,-10.389801,-17.301685,-18.230667,-18.570412,-20.278881,-22.277689,-21.821266,-23.270864,-24.049236,-25.40643,-23.018215,-23.64565,-15.699099,-12.609894,-19.238693,-23.65368,-29.610466,-32.821693,-31.902437,-13.707896,-6.3167596,-9.754005,-12.83902,-20.104115,-26.927055,-24.372007,-18.395561,-14.64849,-13.070063,-13.0394745,-14.69931,-16.762941,-14.935908,-15.104308,-16.477823,-15.281272,-14.282246,-11.565523,-10.187074,-10.386244,-12.056883,-13.517285,-19.542444,-23.125715,-17.234438,-12.143482,-8.283809,-8.713604,-9.038995,-12.186204,-22.150246,-21.401505,-20.606903,-18.098803,-14.211565,-14.849235,-24.182749,-26.247639,-26.532183,-22.60502,-16.041113,-15.594841,-16.906189,-17.289518,-18.272545,-19.559156,-21.200722,-22.907598,-27.747963,-21.827078,-10.723661,-3.9215202,-3.948019,-10.848032,-24.072533,-19.78896,-12.200016,-7.5575304,-8.641354,-10.246762,-11.765394,-17.360332,-21.482765,-14.81937,-14.652348,-19.022482,-18.257061,-23.944386,-27.076572,-19.35252,-14.915992,-21.112328,-23.117563,-19.841125,-24.328667,-27.098772,-27.68677,-28.653109,-29.578106,-27.852646,-26.188839,-23.413115,-26.768225,-30.338543,-27.058867,-31.838795,-29.611416,-24.48324,-17.920776,-19.801609,-21.92012,-12.972751,-12.9530945,-20.850498,-20.862362,-19.806725,-13.021947,-6.316853,-8.355617,-13.789289,-13.424682,-18.591297,-21.326607,-14.747152,-17.385553,-25.24339,-24.849045,-18.674389,-12.506336,-9.710397,-8.778814,-9.468749,-11.106481,-11.663666,-12.143392,-10.046311,-9.688128,-12.819714,-15.083378,-15.483025,-15.526647,-16.318624,-19.574574,-21.08757,-18.028385,-8.81068,-5.876884,-11.747399,-22.271194,-30.822948,-28.03364,-24.622341,-26.098576,-25.188614,-16.475313,-12.724868,-11.6933155,-12.139336,-12.982751,-13.844944,-14.144545,-15.193251,-15.848625,-16.270988,-17.737312,-18.305548,-19.757687,-22.02692,-10.413136,-5.008455,-3.898562,-4.806171,-6.5758553,-10.958412,-17.299623,-18.627813,-19.36033,-17.9292,-18.712757,-16.856936,-13.59262,-4.348771,-2.9911282,-0.0063078115,0.14645761,-0.20591661,-4.5320015,-12.72126,-14.755763,-15.6340275,-15.435246,-16.86746,-15.993975,-12.191975,0.38304085,3.6156383,2.5680146,8.526194,10.249163,7.516108,-1.3216287,-9.667518,-8.527797,-6.0530405,-1.963184,-4.348336,-7.4086804,-2.6907616,-1.3901,-2.3186994,-4.961613,-10.4543,-12.688585,-12.008218,-11.388006,-13.642635,-12.629014,-7.8190346,-3.3207107,-4.802662,-7.934066,-5.7068615,-4.5406084,-7.4498806,-15.187876,-17.688326,-14.247988,-2.2551835,-2.6277905,-14.083878,-14.256273,-14.428228,-16.88247,-14.026946,-14.401359,-13.7178135,-12.4224205,-7.0129843,-5.898343,-13.584614,-20.015072,-19.873255,-22.62093,-24.138567,-23.581444,-23.930851,-23.65432,-22.379457,-21.099934,-21.571692,-21.788252,-23.579123,-22.42655,-24.292095,-24.072395,-25.810003,-28.996191,-31.282532,-31.3002,-29.300241,-27.624628,-25.996155,-28.080156,-27.442528,-28.602602,-29.164238,-29.413647,-30.762283,-28.894358,-29.893686,-34.560905,-28.953255,-29.101742,-31.65349,-30.945807,-27.016333,-26.067572,-24.64022,-23.40047,-24.56921,-25.75233,-28.16882,-29.643099,-28.919155,-27.874792,-29.94649,-30.369797,-29.393484,-29.168308,-32.06755,-30.554407,-32.1343,-33.8701,-33.08765,-33.549194,-34.694794,-37.609684,-34.785595,-32.222446,-32.38651,-34.800415,-28.841782,-26.374844,-30.567646,-32.07026,-33.02018,-35.961838,-37.630272,-33.947098,-24.568504,-22.026299,-26.688116,-30.323055,-24.448406,-15.763864,-12.476611,-12.259775,-12.6448965,-15.907947,-24.310911,-19.909218,-20.745058,-22.503462,-10.851202,-6.9121227,-11.294475,-22.448044,-14.457066,-7.4719095,-7.0643134,-8.940983,-16.748316,-24.223387,-27.140697,-18.454119,-13.240434,-13.967656,-20.678223,-19.828794,-20.543457,-24.747477,-19.537857,-14.432669,-11.296281,-9.183685,-9.769845,-12.575011,-14.941895,-22.594805,-27.43626,-22.034447,-16.585045,-14.233953,-13.726112,-14.33275,-16.062565,-17.330553,-17.731419,-16.112757,-14.9955,-20.623444,-20.585907,-20.203913,-26.626682,-30.149776,-30.973125,-24.47521,-20.420923,-25.4883,-28.908699,-30.233906,-33.341255,-35.37121,-26.965076,-19.746395,-16.35134,-11.6921,-11.839923,-16.698277,-16.454638,-6.693545,-2.374275,-4.948162,-9.104902,-10.174034,-5.280815,-7.4817038,-16.965633,-18.920437,-17.804047,-20.146753,-15.865045,-7.904217,-8.401056,-5.541095,-7.1139946,-5.909571,-2.9331903,-0.5139966,1.7910266,-3.9700189,-10.901451,-12.110433,-15.390591,-13.288699,-12.52651,-14.97882,-19.950289,-17.150703,-17.15979,-15.226576,-14.86897,-13.635148,-8.395185,-10.534724,-10.054854,-6.5747685,-6.0868053,-7.808733,-10.527668,-11.009227,-12.094393,-16.204235,-13.070945,-13.671379,-16.460678,-17.924149,-15.729076,-16.559504,-9.602099,-7.796603,-15.936224,-22.02063,-22.040611,-19.504343,-16.86486,-13.598947,-18.091976,-28.344746,-28.462238,-26.109432,-16.018234,-8.92164,-9.211589,-12.665327,-16.978214,-18.368942,-17.629387,-21.053005,-15.68863,-15.429105,-12.91576,-9.521557,-9.069639,-12.462291,-13.809198,-9.179083,-7.4712462,-8.115599,-10.629309,-18.93058,-16.199934,-12.236495,-13.320146,-17.56693,-17.990372,-17.509306,-22.874632,-24.998577,-24.340397,-26.648895,-28.065088,-27.078703,-25.589382,-20.310604,-17.637665,-9.160209,-7.3455925,-11.236263,-11.972088,-11.875352,-17.83928,-22.597523,-19.263233,-23.088078,-27.167147,-22.012623,-18.952816,-20.823086,-26.217901,-25.434072,-23.87909,-18.34603,-16.166952,-16.770164,-18.336401,-18.787271,-19.304756,-21.36369,-20.806215,-18.800543,-19.672615,-21.906528,-23.844702,-24.34153,-22.77155,-23.71471,-21.036678,-20.269184,-23.874395,-24.848413,-24.917217,-22.573734,-21.26277,-21.688917,-27.57431,-25.867483,-25.894033,-28.741072,-22.28497,-19.872711,-17.014893,-13.334219,-17.315666,-20.880157,-14.516254,-12.75384,-16.981312,-24.839832,-23.869663,-27.382605,-27.363586,-26.072098,-26.258709,-24.346056,-27.557148,-34.400017,-27.955439,-28.773596,-33.75306,-30.494635,-29.608734,-35.61691,-37.478645,-33.991096,-34.78537,-36.39485,-33.148914,-30.82816,-31.250792,-25.454136,-21.213196,-21.09011,-23.755363,-27.912842,-18.13902,-11.660213,-10.909887,-3.7053275,-0.13087904,-0.99025404,-3.0685205,0.5949172,0.1189802,-7.0908947,-12.174993,-11.151433,-0.43138593,-0.54529643,-6.3667893,-4.0970597,1.9819307,6.9530563,10.4030905,12.386655,12.264431,11.074347,5.2977204,-4.0104623,-6.3820577,-10.4433775,-1.5848155,3.4016192,-0.49023706,-1.6254627,-6.6463404,-10.280735,-13.495691,-11.766104,-9.077427,-6.260877,-6.5698485,-12.391262,-14.188108,-13.182018,-10.156545,-8.5518675,-9.944971,-5.401539,-6.814763,-8.543211,-5.7336197,-8.076271,-9.668944,-12.204805,-17.910215,-14.9555,-12.984095,-10.478706,-11.568642,-14.626457,-14.501755,-13.887909,-15.071911,-12.57892,-14.708355,-22.98896,-21.47722,-20.670244,-17.376783,-15.043146,-15.226964,-17.050142,-16.97693,-18.609821,-22.559492,-24.609993,-21.897617,-15.485323,-10.395071,-7.881189,-9.781545,-13.556494,-13.769521,-14.359485,-14.763308,-16.230385,-18.71617,-22.94312,-21.684654,-18.445486,-16.57377,-14.680137,-14.321375,-15.641527,-17.813211,-5.287437,9.691169,12.560598,6.1155562,-7.74078,-9.093774,-12.190048,-8.8911295,-7.381823,-10.659236,-8.837165,-9.322129,-9.953096,-8.402959,-8.601556,-7.619506,-1.9093286,1.4615613,2.7427197,3.157593,3.3541796,0.6174893,-5.9163833,-6.987662,-11.134334,-13.763113,-10.06504,-8.816627,-6.834221,-2.356793,0.045310214,0.8395786,1.3846916,2.5324914,3.319011,4.3773975,3.5983467,1.7844058,1.2436634,1.2903304,0.15017511,-0.86610824,-0.04762215,1.6246092,1.6993439,1.6385493,1.3927556,1.3413137,1.4440687,1.4993315,0.9231235,0.0143270055,0.07617212,1.5634762,2.5671985,1.854152,0.3095569,-1.1122992,-1.7058836,-2.6106002,-4.146678,-3.7007868,-1.0757241,0.42745456,0.04356891,-0.73287404,-0.9794749,-0.5307885,-0.29970682,-0.5851611,-1.0141888,-0.9928912,-0.7268563,-1.005209,-1.8782551,-2.8745308,-3.0610611,-2.9373171,-2.51961,-1.2558541,-0.3059315,-5.309436,-8.869725,-4.1784086,-1.891274,-4.179865,-4.2752285,-11.050249,-16.367275,-15.331985,-16.830576,-19.016516,-17.839659,-20.76284,-23.40152,-17.667665,-16.092989,-21.228294,-16.77155,-11.811142,-10.556684,-16.981014,-19.783255,-22.657639,-23.983837,-25.414219,-25.875458,-26.793833,-24.003132,-21.929626,-23.598139,-28.98515,-29.542805,-26.245966,-26.833437,-25.256676,-24.905182,-26.804676,-27.515976,-26.720577,-28.322124,-28.946087,-10.025989,-1.1355679,-0.5961318,-6.846694,-10.671103,-11.157959,-15.145417,-14.312626,-14.627305,-17.767975,-14.592723,-15.800618,-21.94291,-18.550724,-16.80231,-14.162121,-16.781061,-21.968052,-23.422943,-17.896454,-16.298624,-21.853603,-29.626448,-25.500727,-18.21667,-19.745287,-26.81482,-26.196953,-25.682821,-25.592487,-25.700226,-26.171467,-28.475721,-27.897215,-18.937464,-11.990252,-9.85614,-10.1338,-12.012034,-13.37256,-15.05683,-18.67267,-24.907532,-23.277954,-20.193548,-18.567932,-17.072414,-15.785728,-15.330419,-15.299732,-16.137074,-16.636461,-17.832275,-19.012566,-22.523808,-24.401814,-24.21689,-20.162165,-18.468899,-23.05107,-29.69587,-30.661816,-29.062061,-29.311495,-26.302464,-25.362484,-26.668793,-28.510609,-31.144629,-32.52645,-34.620632,-37.75351,-38.954918,-39.938972,-40.61342,-37.8519,-34.949146,-26.233208,-24.826324,-25.57713,-28.014465,-10.181234,6.048525,8.975588,3.1212182,-8.471459,-17.587542,-15.226486,-13.660273,-18.095692,-16.15923,-14.982671,-17.453808,-9.927593,-5.417408,-3.4685147,-2.016937,-2.779311,-4.628075,-3.0357327,-4.3446245,-5.8689237,-9.278521,-12.918352,-7.6551394,-5.4318495,-5.510208,-6.0472846,-6.8149,-10.168252,-16.937819,-14.653369,-17.866283,-18.603252,-16.272327,-17.027294,-19.46613,-14.7803545,-6.396821,0.24418512,4.4670973,2.9757164,-4.617949,-8.660736,-16.126984,-17.075235,-9.985643,-7.983901,-10.492949,-8.410425,-5.6289954,5.718841,9.899559,7.222615,-2.3740067,-10.1689625,-8.5863905,-0.2855549,3.4734254,-2.6424863,-16.244314,-13.636408,-14.211508,-9.246099,-4.8315887,-9.118753,-12.745344,-14.530943,-12.995767,-12.435269,-14.298767,-17.228659,-20.379227,-18.986416,-17.730564,-18.174028,-13.050195,-10.505643,-8.018248,-7.249756,-10.430622,-11.277133,-7.7106085,-9.404592,-17.525309,-17.660912,-15.598551,-14.956659,-15.049234,-18.361164,-19.154621,-17.465792,-18.767742,-19.293686,-21.441319,-23.702915,-25.57496,-21.783234,-21.27602,-20.686245,-21.385906,-23.545858,-28.610447,-29.346907,-25.38207,-15.283475,-14.91412,-25.357533,-29.570131,-29.607965,-31.304428,-27.01843,-22.303373,-24.50159,-27.012646,-27.205183,-24.480461,-22.582827,-15.914675,-12.618484,-15.458341,-24.2765,-26.585472,-23.15667,-26.837957,-24.941204,-21.815302,-24.497639,-22.77832,-22.833946,-28.638054,-29.572104,-31.188679,-33.568172,-32.892296,-26.28995,-23.666056,-16.837194,-15.941649,-15.21862,-16.85095,-20.697533,-23.993221,-15.992535,-14.188805,-20.621365,-26.201519,-20.830801,-20.437542,-16.881142,-16.046772,-21.449575,-29.116724,-26.068512,-22.494446,-20.739832,-19.32309,-20.8227,-28.294266,-28.167248,-29.111158,-29.748161,-28.688435,-34.615936,-36.561825,-31.528635,-28.329218,-17.478945,-10.91733,-8.053397,-8.052167,-10.624398,-16.220509,-20.40108,-20.661621,-23.469223,-24.790266,-25.206146,-27.58495,-26.63661,-25.529137,-29.729574,-35.163017,-31.259659,-30.919636,-32.47947,-33.02862,-27.265425,-8.990805,-5.727782,1.465242,7.5872664,8.947317,5.8900046,-4.0222015,-9.925692,-13.204878,-12.914013,-10.551051,-8.210731,-9.162382,-11.018898,-10.782647,-12.711433,-12.767291,-13.667028,-8.749004,-6.794389,-8.804886,-11.059502,-15.820727,-20.760862,-19.735012,-18.840027,-19.17258,-21.5215,-20.643503,-18.83749,-17.675804,-20.089954,-20.912533,-19.243382,-21.289974,-20.951557,-20.456234,-21.886385,-22.890863,-20.900585,-21.400288,-22.57395,-20.480661,-19.824837,-22.731897,-26.500385,-27.051088,-27.061752,-24.311514,-24.219662,-22.73453,-23.01015,-21.084118,-22.320618,-25.550497,-31.91122,-32.525475,-25.99909,-24.328947,-21.635502,-19.712915,-22.99802,-21.431456,-22.059376,-23.290184,-18.523214,-15.319004,-7.2212596,-2.7833292,-8.457368,-6.9633894,-2.2891803,-6.4083214,-0.63950944,5.2806115,1.0281489,-10.292621,-10.816765,-9.29669,-15.418963,-17.439753,-16.58765,-17.117502,-17.439465,-17.467928,-13.365102,-12.901474,-14.047748,-13.328196,-16.571972,-20.475677,-20.026333,-15.618994,-14.868937,-15.434046,-17.401764,-20.32441,-14.384777,-12.935885,-12.323528,-11.308149,-10.453567,-11.051376,-13.20147,-12.499424,-11.037449,-10.2970295,-11.159128,-12.88287,-8.560847,-10.919071,-13.286854,-11.73987
-43.20606,-39.983654,-39.084423,-39.300674,-37.793167,-31.677452,-27.584936,-32.633873,-39.94459,-37.42251,-36.562065,-14.906601,-6.797121,-6.805252,-10.739128,-16.479275,-14.593128,-15.034172,-23.551455,-27.128845,-24.235722,-16.477823,-14.988462,-14.342079,-14.688889,-13.789461,-14.708834,-16.393728,-14.447535,-14.585819,-15.707723,-16.766628,-17.159855,-6.5739565,-4.766777,-11.828972,-14.119957,-15.391656,-15.420419,-15.956509,-17.523367,-7.947104,-6.602166,-14.126022,-15.933728,-16.813854,-15.383942,-12.300134,-14.633043,-17.058182,-20.633053,-22.276289,-23.605879,-23.568392,-23.994236,-22.978191,-27.909607,-29.048943,-27.353348,-25.995705,-24.501848,-26.354773,-27.65396,-11.907145,-5.7908916,-5.6652136,-8.162312,-11.946712,-18.168003,-23.248108,-23.57788,-24.312792,-21.79291,-24.007893,-23.790781,-26.219694,-29.931522,-30.00434,-30.065012,-27.065575,-12.597017,-10.557293,-18.355654,-17.75356,-20.419233,-19.054605,-22.027552,-29.942846,-24.762539,-22.617577,-25.643883,-29.22846,-32.1854,-36.149124,-33.521347,-31.736135,-31.916641,-32.65241,-33.62592,-31.234015,-20.050617,-8.7468605,-8.144047,-14.447942,-26.477028,-24.865578,-21.81092,-10.582347,-11.0002985,-12.211223,-13.632836,-23.594454,-26.583145,-23.432476,-21.859428,-24.927809,-23.058746,-23.556664,-16.664978,-0.5500462,3.0930016,-0.7785846,-7.2535143,-11.091148,-15.683214,-23.613125,-25.411087,-22.38235,-25.597742,-26.695566,-23.092743,-22.459583,-20.29955,-17.745998,-21.946505,-25.156734,-21.0354,-18.679201,-22.750395,-25.375526,-18.397598,-11.513737,-10.698982,-11.562787,-18.765572,-22.841566,-23.573019,-25.66114,-29.466164,-31.229397,-31.267279,-29.147495,-27.907534,-19.373095,-16.510952,-15.5582485,-14.633407,-13.700008,-15.23414,-25.515026,-30.776943,-30.669514,-13.679678,-7.2976427,-12.01768,-17.877876,-21.234247,-25.989511,-24.349165,-30.0965,-27.83576,-25.679821,-26.05952,-21.32263,-23.3846,-26.433315,-23.91167,-16.671364,-9.23401,-11.276689,-23.71415,-30.686892,-31.57934,-28.821995,-25.040558,-25.273409,-22.067497,-16.432453,-14.455247,-17.010426,-21.414497,-22.326096,-19.024635,-23.87183,-23.091282,-21.180622,-16.27496,-14.593087,-15.691123,-23.12052,-33.153824,-29.602823,-13.15074,-7.3001885,-12.547765,-8.915751,-3.8647163,-4.517266,-6.1493645,-6.201709,-5.9260273,-6.682044,-8.040248,-7.044368,-7.9448633,-9.451567,-9.754408,-16.067287,-20.85453,-19.113493,-16.087645,-15.368253,-13.0736885,-15.323881,-16.372696,-14.971858,-10.826042,-10.296455,-7.50339,-9.915847,-16.511124,-17.766253,-14.455822,-14.820981,-17.858414,-19.206705,-18.316553,-21.461723,-26.307957,-30.882109,-30.253567,-26.090038,-26.869686,-26.302792,-23.5787,-25.653925,-26.867039,-21.352015,-18.961985,-22.353594,-25.30833,-22.183668,-23.882729,-22.578041,-19.663727,-20.498829,-22.50993,-20.528982,-20.576942,-18.935604,-6.4518776,-3.980163,-6.5225215,-8.218952,-17.52272,-22.6162,-24.489635,-27.25044,-28.189121,-26.966068,-28.161554,-29.53066,-27.16452,-27.158112,-27.53899,-33.424553,-30.596037,-25.770452,-24.579132,-29.228191,-30.967743,-29.084751,-21.044338,-22.163895,-27.305843,-23.238104,-25.95979,-27.852869,-18.809086,-14.556843,-18.764906,-28.722755,-31.303307,-28.603203,-23.26187,-25.596363,-29.818075,-30.177986,-30.083672,-31.172426,-32.760784,-34.215057,-36.757862,-36.699226,-35.99211,-35.209507,-35.186584,-38.4739,-40.424862,-41.219185,-28.110928,-19.668537,-23.219044,-33.510166,-35.15946,-32.209583,-24.166128,-15.952569,-16.653603,-22.973051,-19.642363,-19.093176,-18.143198,-11.9517565,-2.4943109,-4.980813,-15.490345,-18.37216,-14.991066,-13.584404,-11.882335,-4.7244987,-4.296459,-13.837284,-17.028889,-13.164326,-9.408877,-2.9869592,-0.53140396,-5.369335,-7.168106,-13.830784,-10.392681,-11.905013,-21.200361,-21.48275,-16.257818,-9.668908,-12.518368,-19.933628,-17.072554,-17.12728,-11.390103,-7.5779257,-14.057384,-23.934711,-16.324013,-15.08397,-18.385418,-12.820595,-16.40638,-19.493872,-24.631973,-24.576109,-21.070211,-12.054757,-9.321487,-15.546467,-19.90561,-10.283126,1.5469931,0.94835687,-6.249976,-8.166295,-8.713707,-6.043513,-6.1722517,-7.52822,-5.3959026,-4.774732,0.9862784,0.39630997,-9.287242,-11.576114,-13.423246,-13.713129,-12.575531,-12.562551,-13.555733,-16.57614,-19.755028,-20.56934,-21.384907,-24.647594,-23.204573,-19.679512,-16.721054,-14.503479,-16.279997,-17.069317,-19.361746,-18.482603,-17.44212,-18.264137,-20.0648,-21.069296,-20.204638,-21.085644,-25.554571,-29.918272,-32.086636,-31.381641,-30.744354,-28.1511,-20.129023,-18.945894,-20.244255,-22.927692,-24.55221,-25.48367,-25.95985,-25.761578,-32.55572,-35.582615,-36.343006,-34.007763,-36.156277,-34.429474,-31.19732,-33.525043,-34.595295,-34.4653,-34.50911,-32.86575,-33.812397,-35.61809,-32.771477,-33.122414,-36.58138,-35.135796,-35.41001,-32.49434,-29.44801,-30.988346,-30.790794,-31.29536,-36.09874,-34.791676,-35.261387,-38.135315,-40.100044,-35.75244,-20.92087,-19.087606,-28.109882,-27.953012,-25.479517,-27.012682,-28.454695,-32.3078,-34.74538,-33.689228,-35.327827,-29.174767,-28.163647,-26.145676,-18.63866,-12.845053,-10.550761,-13.340815,-13.995531,-12.978974,-15.764943,-11.475707,-13.910009,-21.388802,-15.364266,-9.2807,-9.797043,-18.70629,-25.515774,-21.163008,-19.765574,-21.72349,-17.58177,-17.411942,-21.603584,-22.49038,-16.841925,-18.214966,-27.248638,-33.931805,-30.941221,-27.192932,-25.77839,-28.69498,-31.287392,-28.780071,-27.56955,-28.653023,-27.720957,-23.30392,-22.882978,-30.294014,-26.477776,-24.966526,-32.015057,-39.164608,-42.839172,-28.763182,-22.757942,-25.24096,-30.918457,-34.743416,-34.35633,-34.0074,-33.301582,-24.542316,-20.166662,-20.176134,-25.943499,-25.15823,-21.461164,-8.115869,-2.556841,-3.7595205,-8.361851,-11.547125,-13.280041,-13.907384,-22.511505,-26.851862,-25.272562,-27.487555,-20.34215,-13.412099,-16.020185,-13.04875,-15.099163,-18.164478,-16.25804,-7.409791,-0.4261835,-3.9609787,-22.361128,-22.125616,-21.1008,-21.616787,-21.775434,-24.293882,-29.171183,-25.12165,-22.249144,-14.846531,-13.922061,-14.792635,-11.554777,-15.737523,-22.322609,-28.788586,-27.460766,-26.734697,-30.39428,-34.579285,-34.154915,-29.770912,-26.474178,-24.193914,-19.133127,-12.941139,-11.402561,-12.085541,-13.857278,-14.320464,-15.472849,-16.717674,-16.926262,-14.111927,-17.041956,-18.81339,-21.112217,-20.968122,-13.5397,-12.477125,-15.232049,-18.065588,-17.388243,-18.819418,-19.820541,-24.412968,-25.904663,-30.03307,-21.874626,-18.188797,-7.257283,-1.8748529,-2.575982,-10.831622,-17.92217,-15.675327,-16.791197,-22.02773,-28.5523,-28.80338,-18.281366,-15.261045,-17.243126,-20.970562,-21.098011,-19.276188,-22.142715,-22.22476,-14.73238,-15.524933,-25.686821,-25.961098,-22.43224,-20.217638,-19.295914,-19.901018,-15.823203,-15.308908,-16.791656,-17.817673,-20.817194,-19.431389,-16.24095,-20.666998,-23.917124,-20.433983,-16.264297,-18.39738,-24.613894,-21.754568,-13.164602,-10.305581,-12.073802,-13.769312,-13.124847,-13.56624,-16.327124,-21.399334,-18.459282,-11.483534,-10.490494,-11.256887,-12.201075,-9.68388,-7.563716,-9.222816,-10.261076,-9.466286,-12.389111,-16.127897,-15.53586,-18.369453,-25.425507,-26.40828,-29.864773,-23.992184,-25.26864,-17.003742,-12.341009,-13.101903,-18.153507,-21.739197,-24.3693,-25.595306,-28.53389,-27.592497,-25.391474,-23.939941,-25.659424,-28.704258,-29.085676,-28.505913,-27.328646,-31.86805,-37.100502,-37.812775,-40.35067,-39.017284,-37.839897,-33.564713,-33.154835,-37.244755,-42.583065,-41.864845,-39.9345,-39.84195,-40.441772,-37.05397,-32.416954,-26.959093,-23.072996,-24.465023,-29.994757,-31.97996,-22.517452,-15.700422,-19.435856,-20.99899,-17.975868,-19.226934,-22.502064,-16.553782,-12.536064,-10.608229,0.1181792,1.9838216,2.4654076,1.2110566,-9.540838,-14.489334,-19.13483,-22.61694,-16.917397,-14.512019,-17.171131,-9.823257,-6.722599,-11.136684,-1.165626,-0.15964864,-3.8160906,0.7046746,-2.95565,-6.6599245,-10.762559,-11.43432,-8.680419,-12.734297,-16.741983,-14.803417,-11.942944,-9.566439,-8.162313,-14.240275,-16.208727,-16.714937,-19.254326,-19.741138,-19.253304,-18.475927,-14.133551,-11.540844,-12.741751,-16.83556,-14.822004,-15.552958,-17.677963,-19.665768,-19.441881,-21.031897,-25.39983,-22.430183,-21.292513,-18.734974,-20.292736,-26.64663,-27.7777,-28.9378,-26.521755,-29.673841,-25.909859,-20.26397,-7.2992945,-3.8234258,-5.806952,-10.328611,-13.756544,-13.56413,-14.245124,-18.349487,-20.464552,-21.527054,-21.112446,-22.553453,-27.896816,-33.653816,-30.386517,-29.419699,-28.226374,-29.371492,-34.52496,-32.505737,-28.69547,-30.064331,-34.218285,-13.310976,1.5139889,11.027707,13.452343,10.8239355,4.180289,3.561482,4.6809034,-1.2431333,-12.761006,-11.355476,-11.414759,-12.027741,-8.685911,-6.581418,-8.2221365,-6.5943217,-6.3586655,-8.671552,-9.137637,-10.769702,-16.572315,-11.978241,-7.193228,-4.179593,0.6159791,1.2270099,1.0590951,3.4012558,2.3393204,-6.758945,-10.542086,-13.803522,-12.952816,-12.38984,-11.9227495,-14.883784,-14.981487,-15.622684,-18.74939,-19.007326,-17.939526,-16.378609,-13.782032,-18.072607,-20.216518,-20.319662,-20.183643,-20.493618,-21.252306,-19.222103,-20.107182,-22.016518,-23.275663,-17.810995,-19.403513,-22.8956,-20.043655,-18.205141,-19.906267,-22.42407,-21.439854,-20.445614,-22.39298,-24.909153,-26.093683,-27.296389,-27.017897,-27.149326,-28.191128,-30.95306,-28.530893,-27.0466,-30.201855,-30.502403,-32.47335,-35.31653,-34.43797,-30.568869,-18.299595,-13.02404,-16.034424,-15.909463,-9.725268,-9.609875,-10.893306,-14.429018,-24.379957,-27.66993,-27.914959,-28.932924,-27.093067,-23.544327,-9.476661,-1.9727622,-1.783781,-4.7212324,-5.029738,-4.413895,-8.652594,-13.169598,-13.917829,-16.42824,-18.640976,-18.493563,-16.305946,-16.856544,-17.14638,-18.620323,-22.916868,-27.963142,-28.204906,-27.711693,-25.568546,-17.345743,-8.47103,-8.273481,-16.458649,-22.576107,-25.219208,-25.762787,-24.470821,-12.083908,-8.718376,-14.554094,-20.593082,-23.567478,-20.931889,-19.109856,-14.889154,-13.522758,-16.034132,-16.440355,-15.998516,-15.313572,-13.905411,-7.25828,-1.4975169,-5.045757,-7.59049,-1.70263,0.34599656,-3.1083364,-14.24279,-18.578587,-15.341045,-10.840577,-11.717306,-14.962239,-17.077839,-18.630796,-22.45121,-17.14248,-18.039696,-25.515633,-25.310518,-21.64031,-22.40266,-24.835718,-20.666773,-12.22679,-4.619486,-3.976754,-10.442085,-21.072968,-15.622312,-10.414526,-12.362381,-15.500335,-18.415134,-26.45736,-24.825268,-23.8793,-21.90063,-14.535267,-13.175956,-15.257712,-18.56932,-21.408787,-25.985271,-22.356958,-21.164494,-23.182842,-25.42522,-27.248898,-27.714142,-28.693436,-26.060028,-24.97699,-24.47116,-25.614136,-28.724102,-29.21302,-27.284306,-28.405293,-30.115746,-28.10971,-26.177883,-23.955257,-24.32356,-23.802631,-18.276966,-18.160786,-7.7971916,7.6359754,12.658958,12.211703,8.932406,4.0207157,-2.152747,-6.3071537,-9.253323,-14.835875,-14.717288,-15.66401,-10.728752,-2.598742,-4.3007717,-5.1427803,-5.2403107,-11.555366,-9.819675,-5.7032967,-7.574712,-16.126612,-15.342798,-8.517343,-5.631501,-9.804244,-13.337923,-16.540451,-16.290737,-14.121556,-17.1018,-18.706625,-19.028168,-17.82245,-16.363789,-20.852835,-19.010529,-14.428282,-12.533115,-1.842783,1.1696504,-2.8412871,-4.7387395,-10.947121,-11.445985,-12.196669,-14.850105,-13.312072,-11.963836,-6.1037354,1.6372197,6.947746,10.142697,10.210181,9.988564,10.566599,10.579019,7.714121,-1.2960117,-8.649286,-6.3262134,-6.6899195,-10.60523,-7.2030544,-7.3218493,-5.8278584,-7.697278,-8.363979,-9.076511,-12.1521,-10.646829,-14.113262,-18.331968,-15.548893,-17.010954,-17.480614,-8.955505,-2.902448,-2.4380393,-6.933591,-17.32024,-10.061026,-8.321287,-18.582737,-23.686686,-22.860977,-22.810753,-21.085125,-19.494946,-21.10746,-21.607447,-20.670614,-17.742378,-18.558765,-19.471457,-17.961641,-13.281609,-6.8835998,-8.946624,-14.596735,-17.31914,-19.28025,-20.925373,-15.341205,-9.086624,-11.602304,-17.917147,-25.561935,-28.060291,-28.759966,-27.444805,-20.969986,-21.968735,-22.305801,-24.620724,-24.75895,-9.643333,-0.20931868,1.9336175,-2.619305,-7.3996468,-5.8806133,-7.8922276,-16.354736,-19.41802,-18.37827,-22.098902,-24.27974,-19.875708,-19.265644,-23.117945,-22.385185,-26.239622,-29.431467,-24.105587,-21.370552,-15.381393,-15.610876,-23.501217,-27.649082,-27.387482,-28.904415,-22.577913,-17.555922,-22.398026,-26.462425,-25.068903,-23.951694,-22.614328,-23.201279,-29.706385,-32.724556,-28.076633,-20.51387,-16.992691,-17.16369,-24.968868,-25.703403,-24.726261,-27.551746,-17.475317,-9.532019,-9.00434,-11.787061,-15.800147,-20.436367,-22.117508,-21.807827,-15.827245,-13.046931,-15.107115,-17.138662,-15.948633,-20.77316,-28.14683,-31.754953,-33.5519,-31.75163,-19.803701,-11.638563,-10.659896,-13.08449,-19.03042,-32.417877,-37.39318,-35.806583,-27.252464,-14.3738365,-12.220459,-15.650424,-4.0659947,6.3215075,12.546394,14.467387,14.1978035,12.155461,6.036949,-2.1188798,-6.087198,-6.5959496,-8.1911335,-7.620948,-12.294616,-7.3939714,-4.1673,-2.439415,2.0531135,1.8107548,-4.191937,-9.821853,-8.218703,-7.881956,-11.120804,-9.244053,-8.881598,-10.966551,-11.416279,-13.129305,-15.902859,-12.736932,-9.263147,-12.329672,-17.600805,-18.408035,-13.420982,-12.140501,-12.010064,-11.035834,-12.920389,-11.354982,-10.550975,-14.452318,-15.3352375,-16.877998,-19.000412,-20.62465,-21.168346,-16.728985,-14.00005,-15.057965,-20.259886,-19.517761,-19.270962,-27.25004,-22.28799,-17.417088,-15.233928,-11.456269,-10.649517,-9.816902,-9.947525,-10.744194,-10.015989,-11.671913,-8.936169,-4.964642,-11.189891,-20.032345,-15.970944,-16.808527,2.5891874,11.622929,12.681486,9.65459,6.48802,0.055374335,-6.680512,-10.35715,-13.254532,-13.471113,-12.992899,-14.812704,-7.386842,-3.7039804,-2.4840455,-4.4468727,-9.460693,-12.635936,-12.334639,-11.602031,-7.4640365,-3.826121,-0.88601923,-0.9070777,-2.9215078,-8.816021,-15.416893,-15.90248,-17.877943,-16.590288,-13.617692,-16.825083,-18.08728,-15.472497,-16.742283,-8.76488,3.66885,5.9228325,3.1295023,-1.9846339
-43.011795,-41.52031,-39.597286,-42.315224,-43.23883,-35.747375,-30.354706,-35.222137,-42.742805,-37.436085,-35.889046,-17.200764,-8.348927,-8.120502,-12.498441,-18.742857,-14.783056,-15.53574,-23.51001,-28.679502,-25.205292,-20.950468,-20.484196,-18.635876,-16.235106,-13.588444,-17.204493,-19.14035,-9.756967,-8.9456005,-18.701197,-23.067768,-23.526896,-12.409868,-10.237866,-17.970438,-22.153706,-21.279213,-21.69609,-20.140907,-22.260656,-12.697777,-10.725367,-19.179586,-21.523779,-19.56221,-19.465448,-22.399925,-22.897398,-21.392248,-21.658798,-20.713823,-23.12372,-29.453905,-26.46577,-24.197605,-27.751076,-28.685783,-29.499527,-28.428814,-26.57452,-31.468834,-31.88267,-13.124694,-6.4618406,-5.9273195,-8.920098,-12.240668,-17.641562,-21.346798,-23.032913,-24.743858,-22.699034,-24.40989,-27.490683,-30.190384,-31.468222,-32.7871,-35.63276,-32.899796,-17.81831,-14.340825,-18.713339,-18.059155,-22.151861,-22.485306,-23.038694,-30.59327,-27.956955,-23.73213,-22.516808,-21.317642,-28.688486,-34.06028,-29.759619,-26.973999,-27.775673,-28.62325,-31.119488,-32.83002,-22.832123,-15.624062,-13.339826,-13.530402,-22.609613,-22.955606,-19.709625,-13.141708,-16.415272,-9.719526,-8.720413,-19.188284,-22.659466,-23.121708,-24.468723,-25.909771,-29.10519,-30.334414,-20.35373,-6.740638,-1.2337745,-1.8680611,-6.06847,-12.398162,-19.75087,-23.383675,-25.93444,-23.129843,-24.66793,-23.8418,-22.899763,-25.387754,-25.763071,-26.502827,-28.245083,-29.840107,-24.872225,-20.245886,-22.450178,-25.237438,-21.442984,-19.525702,-22.210047,-21.996696,-21.778376,-20.113022,-23.413643,-27.688562,-31.722294,-28.226252,-26.531136,-24.797535,-28.877647,-22.854359,-17.354576,-17.41016,-19.00545,-13.492366,-13.734999,-24.724258,-29.325485,-27.667076,-17.016537,-13.665859,-19.37391,-14.146584,-15.110765,-25.793226,-27.036377,-28.668343,-30.67048,-31.825373,-27.148811,-21.018406,-24.649529,-31.709406,-30.647963,-20.536987,-16.370934,-18.317263,-26.941498,-31.759941,-31.602404,-34.906715,-32.028484,-29.512032,-25.245506,-21.815117,-22.635971,-25.8305,-31.579,-32.49882,-27.144726,-24.575954,-20.704208,-23.841286,-27.152134,-24.374311,-21.927315,-27.469854,-31.920366,-16.79041,-4.2408175,-2.8965375,-11.978069,-9.060196,-7.1516504,-11.675334,-11.460531,-8.793019,-7.222639,-7.002812,-8.463104,-13.614535,-21.462856,-19.1827,-12.730065,-14.359831,-19.152645,-20.537354,-23.601187,-24.215435,-18.056099,-16.25334,-15.519477,-14.601156,-13.01318,-12.217604,-8.951453,-11.5487,-18.786184,-18.992739,-14.255222,-14.733905,-17.105364,-18.47778,-20.382578,-23.401659,-27.592178,-29.550213,-29.460459,-25.390738,-25.09814,-22.931297,-21.902988,-26.793325,-27.867773,-18.32254,-15.003043,-18.906578,-20.717514,-17.915499,-18.940676,-19.059351,-19.384668,-23.2248,-21.755316,-19.807629,-23.9282,-29.668728,-17.991375,-13.25059,-16.399033,-17.733118,-25.323217,-28.65141,-29.46663,-31.761257,-30.205515,-28.70804,-29.272888,-30.842014,-32.284267,-33.490753,-35.556072,-40.550644,-31.375755,-24.547215,-27.857544,-34.63989,-39.107548,-26.512379,-19.814436,-24.325045,-25.569527,-23.013378,-29.147392,-34.52459,-28.660305,-26.163338,-24.771503,-24.292528,-28.280579,-25.667265,-23.62602,-26.046486,-30.322746,-30.736801,-28.612917,-31.249506,-33.742767,-34.308212,-38.213623,-41.668133,-40.241615,-38.491226,-38.70788,-40.359413,-39.445324,-40.651775,-31.51796,-23.92473,-26.841696,-36.515686,-39.8785,-33.631443,-23.961946,-6.2619104,-2.9961648,-10.020237,-19.726934,-16.126043,-12.357497,-10.870348,-4.300428,-7.3951445,-16.503632,-16.924913,-17.232857,-14.99761,1.8869143,11.764201,12.269946,3.5301623,-5.416667,-5.9251585,-8.198371,-7.4230247,-5.707622,-8.57406,-8.83875,-10.305609,-13.456067,-12.082516,-11.208879,-15.253813,-15.838209,-11.994964,-13.55879,-17.80169,-17.410986,-21.086237,-16.964128,-11.6263685,-12.877637,-12.599339,-12.912004,-13.169451,-17.497295,-15.891839,-18.843943,-19.117107,-21.31075,-24.600628,-20.907757,-7.8362465,-1.7331876,-5.382082,-14.278249,-4.5033307,3.917068,0.68870336,-12.731138,-11.985142,-12.120594,-10.51322,-12.012868,-14.448925,-13.760586,-10.759047,1.3778769,7.79017,8.25322,6.290185,1.9917526,-6.250668,-13.5654335,-11.6059885,-12.593924,-12.895909,-11.336243,-11.629955,-15.624311,-14.176301,-14.641585,-17.78873,-16.402056,-19.01964,-15.730096,-14.208894,-17.21703,-20.493324,-20.056353,-19.878828,-22.114103,-23.178452,-21.346928,-22.159096,-23.655985,-22.575464,-21.748367,-25.88787,-26.445494,-24.48924,-20.597511,-17.973846,-18.919937,-21.490116,-23.265512,-24.754322,-22.772896,-22.569946,-27.31249,-32.335228,-32.575718,-31.754322,-32.281776,-31.86932,-30.910475,-30.836794,-28.996613,-28.054844,-29.527395,-30.083683,-30.199099,-30.436584,-28.834423,-31.364918,-34.1793,-35.16544,-34.466614,-35.438694,-30.422766,-24.009048,-24.469454,-28.224648,-31.386995,-34.65576,-38.80895,-38.777782,-38.06946,-31.272738,-19.193071,-16.632402,-24.77613,-25.532808,-27.579062,-29.578465,-31.170322,-31.381538,-31.255196,-31.651066,-34.319336,-30.217134,-26.620354,-23.739431,-23.133373,-21.848408,-16.49518,-15.411318,-19.953007,-21.720392,-22.303093,-23.977478,-24.367905,-25.1279,-17.285046,-14.059191,-17.600399,-23.705215,-25.519753,-21.83065,-19.127163,-19.770754,-21.767433,-19.789812,-21.597805,-24.563635,-22.444155,-21.601025,-26.95692,-34.10842,-30.16177,-26.181583,-26.657005,-30.37956,-33.187767,-29.94665,-29.114895,-28.823093,-28.558002,-25.33112,-25.150211,-33.543694,-33.49414,-33.268875,-34.23447,-41.345833,-45.987946,-28.690908,-21.447186,-22.94925,-30.529854,-35.06646,-33.726955,-36.692345,-38.473976,-32.863968,-27.122166,-23.836464,-24.845083,-24.741093,-21.594145,-14.697794,-14.938979,-19.032257,-26.689129,-25.21857,-19.830296,-22.82839,-21.393154,-18.492971,-24.16824,-30.107973,-24.3611,-16.999947,-19.486345,-20.347155,-21.46003,-24.263792,-22.82867,-12.632066,-6.544381,-10.265087,-20.256733,-20.334923,-24.033602,-20.28303,-18.097374,-21.562943,-24.199411,-23.745888,-22.895134,-18.399366,-17.745878,-20.988724,-19.245813,-23.877222,-31.76521,-35.05694,-33.15632,-30.667105,-32.182346,-30.900896,-32.11363,-34.215275,-33.581085,-29.153057,-25.05927,-21.82762,-22.038479,-21.662247,-22.504128,-26.149385,-28.710215,-30.53337,-17.865593,-14.002174,-17.756742,-19.98489,-24.537828,-20.67095,-15.789489,-15.679702,-19.713621,-25.097588,-26.062065,-27.719494,-30.622385,-33.01677,-31.93323,-26.825878,-19.49097,-18.31189,-17.430977,-16.175896,-13.368046,-16.38006,-26.260036,-28.475191,-29.058575,-27.925694,-24.09733,-26.285152,-21.832306,-18.692142,-24.426044,-29.691393,-29.232521,-23.185192,-22.799732,-22.919891,-11.029722,-9.804451,-17.140263,-18.06887,-16.499609,-18.600628,-15.493427,-16.846687,-20.465315,-22.967175,-22.446707,-18.126923,-18.387634,-23.344357,-26.32189,-25.957937,-25.350399,-26.887115,-21.072557,-19.123741,-22.456396,-24.226242,-18.177673,-12.78532,-12.021842,-12.778574,-12.256977,-13.097345,-15.180471,-20.86976,-20.928354,-17.11655,-16.254467,-12.745681,-11.503295,-6.3226743,-5.625651,-8.908027,-12.571266,-11.758256,-13.911723,-19.939764,-21.550524,-19.537361,-19.309105,-19.35837,-24.505014,-23.42859,-23.427082,-19.597057,-17.943953,-17.531435,-17.769573,-18.677328,-22.842804,-30.077105,-31.031078,-25.270891,-21.569784,-16.774727,-20.656927,-29.610554,-33.962032,-35.413414,-34.07983,-34.06877,-35.654346,-31.811672,-34.180916,-38.399025,-36.813072,-33.161602,-34.59041,-37.212547,-41.00609,-40.045692,-39.165874,-42.84252,-45.45872,-41.09379,-36.72824,-29.98619,-26.181116,-25.302006,-30.585316,-32.07487,-20.11127,-16.482935,-22.569094,-20.614166,-17.9162,-19.136795,-20.981075,-19.090212,-17.144848,-11.911077,-0.5184655,1.7954911,1.8737454,-1.3501631,-9.647768,-15.878629,-17.424303,-20.405643,-19.5914,-17.060247,-16.39593,-15.74911,-15.08778,-13.632248,3.8743873,8.623388,3.6667738,-2.071631,-6.15291,-10.553818,-8.906421,0.8196897,2.2491667,-0.1739891,-6.2900705,-9.585874,-1.4513892,3.4491353,-0.25256458,-14.524277,-13.153906,-12.33704,-18.418509,-12.684665,-12.095336,-16.054642,-18.147095,-17.273062,-13.961314,-14.454994,-13.258686,-12.65091,-14.272877,-17.245926,-19.514336,-22.43938,-23.709213,-21.327332,-20.315254,-18.575264,-22.084673,-18.2709,-19.631914,-22.682755,-26.170462,-25.720186,-23.372976,-21.624454,-8.126336,-4.2479353,-5.8230186,-10.640501,-12.812553,-12.397898,-13.972118,-19.136517,-21.790268,-22.673521,-20.959635,-21.643349,-25.039827,-30.32127,-26.945398,-26.118984,-24.358397,-25.369074,-30.343822,-28.19178,-26.685019,-28.279879,-32.15418,-21.97222,-14.036793,-1.2128664,8.103397,11.117934,10.581236,10.787449,8.853564,0.8323467,-8.6435,-11.469463,-12.91424,-14.306601,-11.406022,-9.078586,-6.8611145,-6.987155,-7.7595096,-11.755535,-10.909443,-10.910168,-15.967175,-14.23746,-8.95917,-2.2911198,1.9028656,2.4746933,1.345804,-0.69674563,-4.5776863,-8.223967,-8.370645,-13.683547,-13.051743,-12.92721,-11.364761,-12.704825,-14.449354,-15.0234995,-19.691528,-22.767975,-21.86961,-15.681484,-12.966281,-18.2673,-19.727207,-19.629858,-21.035288,-23.213295,-22.670298,-19.456448,-18.344751,-22.495647,-24.912455,-18.745163,-20.918444,-24.989016,-26.322863,-28.344133,-25.428673,-23.351738,-22.72657,-23.589525,-25.516895,-28.098537,-28.563084,-30.27108,-31.127293,-29.170305,-28.20002,-30.277473,-33.150185,-31.660751,-32.23809,-31.321001,-34.507786,-37.290405,-33.344727,-29.838318,-27.54998,-21.228767,-20.902407,-23.634762,-17.598225,-17.250849,-18.222467,-22.192116,-29.459545,-30.030613,-34.087006,-35.002857,-31.238865,-21.92838,-7.9002976,-1.3287253,-0.20474854,-1.8905299,-2.9709282,-4.799482,-9.442857,-10.892614,-13.010373,-15.5916195,-17.109827,-17.28181,-15.09159,-14.915996,-15.162364,-16.846493,-19.219034,-21.593445,-21.771294,-23.610691,-24.344498,-9.787664,-3.0760634,-4.603678,-9.649927,-17.716072,-23.434303,-24.5603,-25.122564,-11.708379,-6.355011,-10.472945,-20.29855,-18.795164,-18.662884,-21.83116,-15.582825,-10.654047,-12.976332,-15.999102,-15.537363,-15.484663,-16.03746,-9.107944,-2.0804067,-3.073691,-4.804328,-1.2440526,-2.2640083,-7.2636538,-14.400322,-17.228954,-14.07415,-10.080576,-11.64186,-15.48828,-17.133501,-19.00413,-21.47926,-17.078026,-17.556171,-23.99043,-23.87664,-20.60122,-20.02404,-23.035095,-20.555208,-12.977232,-7.397346,-6.7131333,-11.221523,-18.042809,-16.147123,-12.266303,-12.722233,-14.531916,-18.658749,-25.8446,-23.698513,-24.169434,-23.469973,-14.829488,-13.188892,-14.959017,-17.781467,-21.251453,-24.656546,-22.049831,-21.051285,-22.823719,-25.335482,-29.4341,-28.626045,-27.745544,-26.541288,-25.147697,-24.282154,-26.230127,-29.479143,-30.019573,-28.999002,-29.759617,-31.38344,-28.814472,-26.406172,-24.192741,-21.673105,-22.172316,-19.207485,-19.420063,-14.200988,-7.310612,-5.242619,1.5240109,3.915207,2.3799925,-4.092156,-16.30565,-17.405256,-21.196615,-22.23673,-17.944975,-15.377575,-10.167347,-10.537676,-10.924009,-13.394838,-19.167198,-12.8146515,-9.696668,-12.202219,-17.115437,-22.377623,-18.757492,-14.417392,-17.381323,-22.641926,-22.911518,-22.768335,-22.60107,-25.020699,-24.898054,-25.372068,-28.579224,-25.30142,-24.104282,-24.777412,-24.981373,-20.506754,-18.121136,-6.750956,3.5598562,4.102426,-6.0862947,-9.120211,-10.111462,-14.427208,-16.472475,-16.501911,-13.38549,-4.5061846,-1.1703057,0.68648845,4.03366,4.1724486,4.7905536,2.6164887,-2.487058,-6.754056,-15.139703,-13.798994,-15.733785,-19.035711,-18.871744,-15.415793,-15.125477,-15.497637,-15.946953,-18.52248,-23.569109,-20.292976,-19.697433,-25.305859,-27.89978,-21.739157,-18.047394,-10.275562,-5.609124,-4.0638695,-7.346899,-18.703743,-14.444896,-12.441114,-20.696573,-25.409454,-22.732674,-19.743992,-14.7324095,-16.89451,-22.082043,-23.727386,-21.18494,-21.632404,-25.278553,-23.099197,-21.054409,-5.9718423,-0.8837266,-3.1603408,-10.202974,-12.802952,-16.800825,-19.618074,-9.054442,-6.8252316,-13.054523,-14.74002,-17.37976,-23.434217,-25.429268,-22.002,-19.550375,-18.794144,-15.484861,-20.654404,-23.603745,-15.137525,-6.3952355,-3.03267,-4.1107874,-7.7644625,-8.960617,-12.641544,-20.946384,-22.22538,-21.311323,-24.128866,-23.371273,-20.13119,-21.433962,-26.653732,-27.105518,-26.621838,-27.32876,-24.856894,-23.839046,-19.733763,-20.472076,-24.685024,-25.387047,-27.137568,-30.796202,-26.001951,-21.988688,-26.962393,-30.054737,-34.58043,-30.230883,-24.23496,-23.786028,-31.142683,-36.891804,-25.059196,-18.17782,-18.037476,-19.26439,-25.40324,-25.502663,-27.652168,-30.799171,-18.759169,-10.623193,-9.658788,-12.670361,-17.276115,-22.097979,-22.246384,-23.90593,-23.635733,-21.596008,-22.609142,-25.93642,-22.034857,-23.09206,-27.421114,-29.38913,-34.731422,-34.30908,-21.413118,-13.201905,-11.839952,-14.250026,-20.6687,-35.388878,-38.268257,-36.23757,-26.778862,-13.912473,-12.308432,-18.416727,-19.911106,-7.920565,5.803706,9.946938,11.911062,14.452886,14.968304,14.230605,14.528055,13.515372,12.527493,11.281332,8.25252,6.225008,3.7756329,2.232209,4.055475,2.021709,-3.249567,-4.658883,-4.092257,-3.8350096,-4.48432,-4.942678,-7.6616573,-8.179276,-7.688779,-7.2887173,-5.771084,-8.782672,-8.895967,-7.2703466,-7.761197,-13.679951,-12.508368,-13.135002,-13.28411,-14.380762,-13.554733,-11.968819,-11.774186,-13.898582,-11.375484,-12.286386,-14.854375,-18.935486,-17.722967,-19.934856,-19.088724,-15.814872,-17.39497,-19.506596,-19.852505,-21.07177,-23.076424,-20.928385,-17.18071,-15.397925,-14.792416,-16.53233,-16.362583,-16.70795,-13.290445,-14.904304,-13.970375,-10.809729,-17.685337,-19.929361,-18.569218,-19.371883,-6.9030995,0.5055261,6.038239,8.063083,6.6213946,-0.8957709,-9.5117655,-9.993294,-15.996695,-18.854702,-16.04185,-17.498674,-15.680691,-7.970843,-4.169391,-5.187004,-10.521516,-12.304765,-12.085403,-12.380592,-8.1987915,-4.068975,-0.9567916,-1.6727256,-4.882221,-12.1437025,-18.002949,-16.99282,-20.117565,-18.595428,-17.497677,-18.357191,-18.419697,-17.351849,-19.650343,-10.672301,1.2571441,3.6740735,1.1334273,-3.2554553
-35.207947,-38.873177,-43.312756,-49.3152,-48.69866,-41.274204,-35.106342,-38.0258,-37.715054,-28.192854,-28.390324,-24.374159,-19.528057,-19.867226,-25.283936,-24.478905,-21.217663,-25.231625,-29.389133,-24.099731,-21.43263,-24.44809,-22.127716,-19.101404,-18.524754,-20.56021,-20.571266,-16.762505,-7.8506145,-7.60058,-21.30843,-29.954737,-25.412119,-16.002888,-15.3506365,-25.428831,-27.776834,-25.576498,-22.617075,-17.87377,-21.04818,-19.707407,-17.989304,-20.37983,-22.750538,-21.324818,-20.722246,-26.885643,-24.001976,-19.568394,-21.809593,-24.223133,-25.162867,-26.149614,-30.551628,-31.20096,-31.07129,-30.295761,-27.811123,-28.990807,-32.853703,-32.838703,-28.235428,-25.82813,-26.22036,-21.083715,-17.840622,-22.908754,-30.577644,-30.559265,-29.780104,-31.944845,-29.46169,-27.347355,-32.141922,-35.17367,-37.888515,-37.603394,-34.194702,-28.425768,-26.960676,-25.884129,-30.428864,-27.176014,-26.141985,-23.18612,-24.016178,-26.86309,-25.870308,-26.31294,-17.56727,-13.134366,-15.1995735,-18.398994,-20.61965,-19.11278,-17.04983,-18.724897,-24.413013,-26.349974,-24.678768,-23.05922,-15.998855,-11.779642,-17.929398,-26.180637,-23.079441,-19.09384,-23.394966,-13.099182,-9.835359,-17.315987,-25.604212,-23.331707,-25.358057,-25.36762,-26.060974,-30.006876,-23.223907,-7.992998,-4.5598083,-8.445848,-13.380297,-14.065321,-14.84836,-18.782675,-21.4036,-23.078108,-22.754671,-24.967644,-29.058693,-29.338934,-32.586178,-27.827332,-26.579494,-28.54443,-27.021358,-21.395388,-15.131539,-14.5312395,-16.313904,-19.63085,-20.419329,-15.787518,-12.761896,-11.596288,-13.112051,-14.001011,-17.114426,-15.097437,-12.9687805,-13.458806,-18.39584,-17.575361,-20.262848,-24.671614,-23.059196,-15.871824,-13.356847,-21.925632,-30.52723,-28.048937,-25.223139,-25.326096,-25.805452,-13.695986,-12.725639,-22.12751,-29.376839,-27.138996,-27.62553,-27.416992,-27.08384,-24.508892,-28.087566,-30.654352,-31.677402,-32.661446,-31.772274,-32.414314,-29.329931,-30.280178,-31.997091,-33.63721,-34.200714,-29.493864,-23.11895,-23.338982,-25.172981,-31.234034,-31.696953,-29.812279,-25.566399,-24.611673,-24.276176,-23.2289,-20.412653,-23.650864,-22.694965,-23.066673,-22.253117,-13.010441,-6.388493,-8.524175,-20.517254,-22.386936,-20.093975,-20.839193,-16.532608,-15.788327,-15.063067,-15.380641,-20.240429,-26.078762,-27.643456,-29.141195,-27.43811,-29.238722,-23.816988,-24.254795,-25.828207,-26.182503,-27.449419,-28.786911,-28.056078,-28.288685,-26.978628,-23.996376,-21.891024,-23.580013,-25.012121,-28.423939,-30.72053,-27.237597,-25.270168,-27.071209,-24.519718,-27.478092,-32.654625,-33.44041,-32.491203,-26.568886,-23.37704,-24.271397,-25.292719,-29.14154,-30.886536,-26.376305,-25.634628,-28.62413,-28.575916,-28.182507,-32.21995,-33.904472,-29.848595,-23.933693,-17.356913,-16.899912,-21.629255,-24.1735,-20.60534,-19.353354,-26.152428,-25.556362,-24.169798,-24.334337,-29.515965,-31.435665,-23.987457,-16.974457,-18.296747,-26.906881,-28.939457,-34.868744,-36.902954,-35.489326,-26.852076,-18.92572,-21.274887,-29.91191,-36.783237,-26.375406,-20.396175,-22.30829,-22.125204,-25.106445,-31.20113,-34.069782,-34.04321,-29.197437,-26.713884,-24.433334,-27.961517,-27.150852,-27.453667,-30.200584,-32.170963,-34.393307,-35.934795,-38.918667,-37.27031,-38.12329,-40.274807,-43.25878,-41.625134,-42.44158,-40.005043,-37.470192,-35.6486,-38.85601,-36.13553,-28.506252,-28.926363,-36.885456,-41.78534,-36.788757,-22.42654,-5.8836813,-0.5274618,-2.60368,-3.6596904,-3.819654,-3.5891914,-6.5332394,-8.703407,-9.49719,-12.241759,-13.688873,-11.566839,-11.0493,2.4126024,9.144689,13.235394,11.900034,7.93186,3.9139967,-1.2752813,-7.611107,-8.537063,-8.35467,-7.807379,-9.911689,-11.274851,-10.1202,-9.819582,-11.080865,-11.474275,-10.171603,-10.141507,-11.397358,-12.3835,-14.518602,-10.972501,-10.585989,-10.677276,-5.6828604,-1.814996,-4.951918,-13.650421,-16.293457,-19.965477,-15.529449,-17.64793,-20.5177,-19.34095,-9.687199,0.19760838,0.9586292,-5.6015925,-2.97823,2.510271,-1.9587194,-18.392265,-16.058727,-14.546145,-15.9688,-14.418273,-13.704905,-16.116947,-11.458099,-0.2900072,5.859742,9.882099,11.2473,10.231295,6.0871696,0.59296244,-4.046968,-8.63639,-8.308076,-6.7705994,-3.6268644,-3.639325,-5.123157,-4.2490497,-5.4499097,-6.490884,-7.4863596,-6.5462675,-4.073951,-6.21588,-7.908574,-6.405534,-4.8622932,-4.7982173,-4.1613107,-3.9677107,-4.7230773,-5.4576817,-5.686331,-5.5387783,-5.8775053,-6.567542,-7.4845815,-7.625228,-6.1508603,-5.530307,-5.131179,-4.588743,-5.3894477,-6.377775,-5.3952446,-5.359062,-5.5429225,-7.9524612,-9.497683,-10.62678,-9.415325,-8.320524,-7.9401484,-7.5438375,-8.011142,-9.890144,-11.615019,-12.594128,-12.199955,-13.362591,-14.148239,-14.6810055,-15.505701,-14.775583,-13.239022,-12.340586,-13.003864,-14.997442,-16.181494,-17.164867,-18.663803,-23.588608,-22.472378,-19.357092,-14.119582,-8.577072,-11.955065,-22.356968,-22.960114,-25.23362,-22.72339,-22.841827,-26.049726,-27.595078,-28.238605,-26.155373,-20.184793,-21.166174,-23.127502,-24.225142,-24.308092,-24.9417,-26.222424,-28.137333,-26.640007,-24.018475,-25.727287,-33.721737,-32.2275,-31.931854,-30.015457,-26.81775,-20.914635,-19.240507,-21.564415,-25.837175,-29.037098,-28.093958,-22.611595,-25.49789,-27.21196,-28.239552,-25.847977,-25.445015,-29.362831,-30.31641,-31.623741,-27.931717,-28.70928,-35.564377,-40.299576,-40.60896,-40.04117,-38.953777,-33.344677,-32.800827,-38.59771,-38.703293,-36.26246,-39.911297,-44.506676,-44.5236,-25.938858,-20.653067,-22.3918,-29.726429,-29.477406,-32.19478,-38.780807,-28.544903,-19.081577,-17.638351,-20.11525,-20.227013,-19.142778,-15.702612,-11.892847,-14.897042,-21.477543,-24.961555,-26.53843,-23.31848,-25.687876,-10.188966,-5.36392,-11.20549,-22.648813,-18.144474,-14.580696,-19.119987,-20.469688,-21.913296,-23.683243,-22.278214,-18.862255,-13.697482,-13.932594,-20.873167,-21.795448,-20.820889,-19.747517,-10.768777,-6.5824957,-6.2765493,-7.29047,-4.602868,-2.8281162,-7.769623,-19.334482,-19.265415,-21.443613,-25.841919,-25.954739,-30.961802,-30.931204,-26.37775,-25.545284,-27.10884,-27.76307,-28.87653,-27.600101,-29.85812,-27.395908,-15.694605,-7.66443,-9.556517,-21.83184,-28.997578,-28.853788,-12.697243,-11.408466,-16.618668,-14.014312,-20.050827,-24.6848,-31.947105,-32.827175,-26.879837,-20.489729,-20.3014,-21.935753,-21.51802,-25.600914,-26.473759,-16.92658,-11.717516,-11.822766,-17.080236,-24.687483,-26.984348,-26.31009,-28.303644,-32.362854,-30.43586,-21.939514,-18.943617,-19.536688,-17.815533,-11.721134,-15.39254,-23.355316,-20.996937,-16.616875,-14.894792,-14.608679,-16.11376,-17.561174,-17.800032,-18.109695,-20.588665,-15.042107,-8.735336,-12.906883,-22.05266,-21.91093,-14.564375,-10.476152,-16.380804,-28.985617,-29.482079,-28.254976,-32.131588,-29.061958,-25.309084,-20.60457,-22.432003,-26.916306,-29.743488,-24.60804,-24.78088,-28.559988,-28.461905,-28.215258,-27.03557,-29.7173,-27.805395,-27.695095,-24.969778,-26.914753,-26.349209,-22.824705,-24.455387,-28.063185,-28.102398,-28.483788,-28.06992,-30.835905,-29.304653,-23.864567,-19.494576,-21.146143,-27.815111,-27.316248,-24.46109,-26.372797,-28.13284,-27.619953,-18.51325,-14.686274,-12.031021,-11.988976,-14.40436,-13.557806,-9.409826,-10.721489,-20.380016,-28.119461,-27.145222,-27.910452,-27.366526,-29.916172,-29.523647,-26.41404,-29.417496,-32.1719,-30.488071,-30.37794,-32.49371,-33.442432,-29.652912,-30.678785,-33.932377,-37.903347,-37.32393,-31.51436,-30.779366,-27.891071,-26.237925,-26.537916,-29.414366,-30.73256,-19.75003,-15.776915,-19.033829,-23.430197,-20.414948,-20.69131,-21.885757,-18.973469,-16.78892,-20.6475,-20.262882,-15.681034,-5.109019,-5.332196,-10.041962,-18.787565,-17.800663,-15.898354,-17.88235,-17.239174,-18.610983,-18.026073,-19.732498,-18.844713,-2.9322295,8.373071,9.091627,2.1591067,-9.347886,-12.264862,-7.830143,1.2886345,5.8652234,6.3314877,3.2609093,3.3688898,5.7151003,5.546838,-0.86439496,-13.380847,-11.994815,-9.742132,-12.380847,-8.990602,-8.102028,-12.706986,-15.201546,-11.209873,-9.409892,-12.79336,-18.611399,-17.79791,-14.7417755,-15.694677,-20.342464,-18.642796,-22.419872,-20.27877,-19.059761,-18.398098,-19.569658,-19.404755,-22.61854,-24.061714,-20.929592,-17.92322,-15.088893,-19.040758,-18.784872,-19.392326,-19.831617,-21.643248,-23.215984,-22.45674,-25.005959,-25.50296,-24.687695,-26.025188,-25.888472,-28.011091,-29.539257,-30.640488,-29.741272,-30.025805,-34.824135,-32.006634,-28.27133,-29.308746,-33.39217,-32.36615,-34.014366,-26.562414,-20.797516,-21.23419,-21.179108,-13.6607685,-8.965081,-7.65368,-8.52494,-15.622705,-20.12814,-19.73171,-21.264893,-23.621607,-20.738495,-17.620104,-19.420355,-26.059002,-24.092888,-28.383251,-31.736416,-32.064995,-29.286156,-18.797644,-13.522139,-10.346135,-9.263498,-12.918989,-11.383142,-10.882566,-12.919987,-16.295603,-20.006119,-24.238756,-27.109058,-28.918941,-28.469734,-31.101768,-34.28972,-32.387745,-31.96023,-34.447765,-34.94207,-34.677673,-33.61612,-34.504063,-36.6077,-39.849407,-38.250057,-40.46781,-37.091705,-39.15536,-41.94202,-38.148853,-34.041885,-27.47527,-23.5795,-16.94306,-17.758587,-22.693892,-22.393642,-22.889534,-23.926613,-26.64093,-28.305824,-28.501217,-25.59438,-29.436281,-34.870087,-35.22227,-36.99949,-32.18883,-26.08794,-25.949327,-30.879505,-36.70286,-35.349392,-35.154675,-35.738758,-36.854557,-26.374807,-22.99583,-18.016657,-14.602509,-16.439323,-18.773386,-15.652204,-16.875584,-24.109272,-25.02427,-26.792904,-31.927633,-30.998,-27.658424,-23.988358,-19.802444,-22.823296,-30.12229,-26.781124,-22.09919,-23.859669,-25.99221,-25.92412,-23.73843,-28.55621,-19.613792,-16.011421,-13.678432,-7.8587666,-6.911517,-10.1988125,-7.3805428,-6.6208224,-12.8679,-24.08848,-15.567566,-12.085872,-9.677433,-8.128608,-15.438288,-21.39936,-20.68964,-22.136719,-14.079239,-6.7268653,-3.6103487,-4.9405723,-5.4994965,-7.3585267,-12.344542,-8.877358,-4.808608,-8.083633,-17.558502,-18.314276,-15.249058,-17.127363,-14.081354,-9.380026,-12.541994,-17.674658,-15.657064,-16.23798,-21.620998,-24.09124,-22.672884,-8.37652,-4.858659,-10.508332,-20.612106,-26.088888,-21.039318,-18.17402,-12.879425,-10.781721,-13.202099,-14.369107,-14.409957,-11.768055,-13.616079,-19.538162,-22.154379,-24.735886,-27.970545,-29.469662,-30.118477,-32.10071,-32.013504,-32.11459,-35.164753,-32.65097,-32.595207,-29.245628,-29.806688,-31.594059,-34.86657,-34.372627,-35.741474,-33.042953,-30.061932,-29.221151,-27.511242,-21.105022,-15.10405,-14.20782,-16.297947,-19.298267,-22.13609,-27.865852,-32.83921,-33.70801,-34.546547,-36.348568,-36.77891,-39.43079,-36.994522,-32.99633,-31.270035,-30.80061,-27.344639,-10.425935,-4.9795036,-4.6765084,-8.982806,-10.188654,-6.7262707,-7.7043705,-13.074556,-21.264908,-16.739372,-17.798588,-23.651306,-21.396818,-17.882479,-19.864054,-23.779602,-22.036358,-24.790098,-30.249062,-31.117222,-31.353167,-20.147911,-15.652532,-11.7474785,-12.794828,-17.731064,-23.118824,-19.917595,-20.323736,-24.540604,-26.233961,-26.645367,-23.118824,-28.047337,-33.164524,-31.312687,-28.0181,-28.234823,-21.227993,-13.882712,-15.633725,-18.618189,-17.863194,-22.637188,-10.825563,-1.172812,5.401035,6.177011,4.8046417,-0.96391076,-10.729864,-12.4889555,-13.022903,-13.049921,-10.036749,-8.568056,-5.679224,-7.9468403,-15.559621,-14.550274,-12.927003,-13.479587,-15.726552,-19.207834,-16.259045,-21.568947,-23.520662,-19.52816,-20.695856,-24.08411,-27.665937,-28.168985,-23.68252,-20.2441,-16.593365,-20.204044,-24.599968,-22.851128,-21.246574,-20.614939,-20.194992,-21.204576,-22.280634,-23.676567,-27.170351,-21.817139,-21.66608,-26.333214,-26.374418,-21.047983,-15.231095,-8.509221,-9.415875,-12.133775,-9.3420925,-7.484585,-9.183397,-16.22455,-20.673447,-17.029055,-10.004126,-11.15991,-8.065566,-9.633253,-20.53685,-25.823895,-20.787714,-10.624038,-11.09656,-17.26566,-15.784554,-19.877989,-22.005941,-25.166819,-21.940899,-22.733364,-23.45227,-16.159061,-19.4088,-23.258207,-25.07101,-21.606178,-21.705643,-23.371183,-23.10107,-25.591393,-27.03577,-26.998386,-24.166393,-15.917999,-16.747356,-20.69454,-23.078121,-29.622269,-31.550133,-28.459206,-29.908287,-32.011303,-24.765203,-19.165663,-18.604774,-22.777864,-27.220928,-27.67277,-28.408651,-30.01675,-28.239838,-25.560007,-32.144474,-34.915993,-29.146835,-26.545654,-25.678614,-25.701735,-31.047623,-32.94828,-25.81847,-19.971085,-12.055167,-6.4855742,-6.8595905,-8.15171,-11.01754,-16.907352,-19.07429,-23.477915,-30.021727,-27.612698,-28.127277,-28.720789,-26.799164,-26.195719,-28.71643,-32.862545,-34.49285,-32.066467,-21.542206,-18.323334,-20.383469,-19.92966,-22.289032,-24.492725,-21.923595,-24.146008,-26.558117,-23.72505,-24.881227,-27.515198,-26.225285,-27.741955,-27.067516,-17.711876,-15.841478,-20.979593,-21.896145,-19.245705,-15.577217,-16.527554,-13.695692,-6.8623905,0.5425829,5.8324695,9.166543,11.063105,11.904975,12.002989,12.360921,13.024635,13.028196,12.565104,12.181288,12.785849,13.085767,12.286902,12.219597,12.471291,12.973051,12.3187685,12.885999,13.092993,13.20369,13.271037,12.990408,11.352926,9.639792,8.991671,8.204638,8.675071,9.123671,9.006593,8.739534,8.142216,8.305978,7.9093103,7.3923283,7.1914697,7.4855947,6.3896627,4.23294,2.830905,2.977673,2.1932597,-0.026799684,2.6593585,3.2153234,2.2861948,2.8212574,2.614758,0.05551797,0.2656856,-0.9685273,-3.101176,-2.2617984,-4.1021485,-2.5241947,-0.17748758,-2.9027767,-9.008243,-10.237359,-8.886893,-10.79792,-14.507294,-14.997745,-12.802425,-8.239411,-7.122333,-11.434044,-14.104904,-11.763144,-12.387824,-15.840828,-14.245756,-17.733713,-22.714941,-17.115788,-13.9755,-14.606804,-17.047192,-13.684921,-15.059943,-18.574389,-19.1626,-20.319078,-17.19865,-15.934305,-11.749826,-9.398695,-13.974552,-15.348462,-18.110998,-20.887632,-23.204805,-25.833857,-25.879417,-28.056072,-24.819632,-23.85658,-24.431818,-24.85139,-18.23681,-16.441793,-17.003,-15.215582,-18.237392
-33.71169,-34.907104,-37.113987,-43.254845,-42.777992,-34.7765,-30.54061,-36.565002,-37.30092,-26.003893,-25.726778,-23.661816,-22.06248,-24.100302,-25.76466,-24.605381,-10.270663,-2.8197381,-3.6065125,-13.03687,-17.64667,-15.238954,-17.106794,-13.779231,-14.391752,-17.453377,-17.127598,-16.812714,-5.182023,-4.896251,-18.672012,-28.80312,-25.369913,-18.881857,-19.121061,-24.109419,-23.57534,-20.933765,-18.44339,-11.421451,-15.238199,-22.266342,-19.659527,-20.154955,-22.742458,-25.578617,-27.048904,-29.406128,-28.224562,-23.746216,-26.269987,-27.196655,-25.986637,-24.208366,-24.757313,-27.671482,-29.119549,-24.607658,-16.120008,-16.915432,-26.67847,-32.19347,-26.050377,-25.104322,-28.06799,-13.849205,-10.052916,-15.429941,-30.081244,-33.287487,-30.559256,-28.028915,-24.96958,-22.610153,-27.441893,-31.904804,-34.538948,-33.83908,-29.116514,-23.976831,-23.770302,-25.059385,-26.928638,-26.558987,-28.37714,-22.877335,-23.504486,-24.376057,-21.882515,-20.710821,-17.019457,-16.96226,-18.767591,-24.721462,-26.510298,-23.24397,-23.790398,-28.628887,-31.689804,-27.270288,-26.747417,-27.9604,-22.239185,-18.493876,-24.188374,-28.240316,-28.839588,-28.374681,-32.59691,-21.539194,-15.0370865,-19.153769,-26.63327,-22.656548,-24.373802,-22.315502,-23.099136,-26.58969,-25.62397,-12.436801,-7.457356,-8.944275,-13.343969,-12.968145,-12.833214,-16.054577,-19.97575,-19.001225,-21.174757,-26.211723,-23.036757,-21.07832,-28.219128,-25.506075,-25.299826,-28.765251,-28.697927,-17.569534,-10.585485,-10.4292965,-12.928005,-16.676462,-19.649038,-17.061275,-17.627552,-16.912544,-18.720495,-18.763474,-21.812725,-22.750668,-20.690979,-20.055237,-17.635462,-15.646647,-19.98347,-26.528122,-28.797092,-19.177979,-16.111628,-24.19497,-32.682556,-33.502163,-30.666254,-31.514217,-30.191475,-25.209354,-23.412497,-25.49203,-25.94965,-26.46188,-22.967846,-24.892662,-25.417835,-21.861267,-23.502377,-26.252203,-27.361212,-32.05558,-29.689713,-31.49224,-28.650753,-30.427952,-31.545376,-28.33103,-29.97966,-31.281616,-24.858864,-22.476242,-27.946959,-32.67251,-31.606834,-27.857143,-23.899805,-25.43752,-28.876925,-25.30149,-23.222311,-26.353228,-26.893192,-27.803024,-25.962255,-24.350143,-23.712194,-20.600792,-22.559475,-24.32688,-25.148203,-20.300526,-15.537853,-15.503459,-15.927762,-16.64797,-20.909498,-26.712702,-27.89709,-28.203585,-33.545265,-32.86422,-27.6686,-28.268902,-24.111937,-23.095348,-27.378881,-32.737957,-32.098644,-27.770344,-27.424604,-20.557001,-20.884407,-25.569698,-33.366287,-32.291794,-31.998661,-28.415468,-27.315071,-26.648123,-25.35343,-28.953243,-31.395264,-36.49698,-34.63469,-28.653954,-24.944859,-21.953403,-25.633,-30.046211,-32.036472,-32.302696,-28.146366,-27.603405,-24.882565,-26.566841,-32.09548,-34.515717,-28.474997,-17.789206,-15.154322,-13.604244,-14.390145,-16.636412,-23.087334,-26.706017,-27.682564,-22.39335,-15.701736,-12.095256,-15.997292,-24.368208,-19.669624,-14.175726,-14.450533,-22.229824,-27.885117,-30.503157,-31.151075,-33.28672,-31.90081,-20.894485,-19.293663,-26.545555,-31.671896,-26.376135,-21.63681,-22.833103,-24.121704,-28.862762,-29.86341,-32.819893,-34.517822,-29.281067,-27.67536,-26.93312,-29.505848,-29.146286,-29.083672,-32.66036,-29.273415,-31.489706,-36.54795,-37.966335,-37.59915,-39.21648,-40.666405,-43.985603,-40.29011,-39.31855,-40.372486,-36.211494,-35.28271,-38.512203,-34.88051,-22.101967,-20.487902,-29.155739,-39.367523,-37.13916,-23.310455,-13.251005,-10.672015,-4.3531866,1.0763897,1.9316514,1.284199,-4.964049,-11.206428,-10.286403,-13.941988,-13.703632,-9.638079,-9.636782,-1.7575799,0.9811533,1.5007316,5.9730506,7.4074965,5.5558677,-0.4871976,-10.083547,-10.048722,-11.152966,-15.904908,-16.754728,-10.803104,-12.353448,-17.41127,-16.6337,-13.561388,-2.229845,0.9718846,-4.9572897,-12.920797,-16.22294,-10.870872,-6.2545495,-6.9976897,-5.2807527,-2.7726488,-8.049051,-16.918062,-16.21602,-12.377406,-15.43076,-20.805662,-21.175978,-18.662754,-14.95057,-9.33756,-5.43373,-5.212797,-7.0823336,-9.322776,-12.728023,-15.985018,-14.122662,-16.587091,-21.602898,-21.345137,-16.53711,-13.42605,-17.026655,-6.387579,-1.7551607,-6.1654706,-9.095349,-3.098505,-0.32146618,-1.6731997,-6.239591,-13.36835,-17.405724,-12.516929,-9.780301,-9.26553,-10.758353,-8.01412,-7.1147676,-8.04453,-8.938121,-9.043099,-7.4762506,-7.7654815,-8.579656,-6.1036634,-4.069619,-3.9915638,-3.5805104,-3.4994879,-4.2175245,-4.978588,-4.8629923,-4.83484,-5.2270565,-5.790091,-6.194063,-5.7360086,-4.3976765,-3.8319721,-3.744985,-3.704715,-4.605509,-5.685421,-4.6628494,-4.62891,-4.259813,-6.9613667,-7.6187534,-9.039212,-7.5192547,-6.7344685,-5.9645276,-6.3492756,-7.003192,-9.025661,-9.984552,-12.156763,-11.541597,-12.96513,-12.984562,-13.229827,-14.472734,-13.909131,-12.243051,-11.374786,-12.485589,-14.021544,-15.923946,-15.695991,-15.725907,-20.345692,-17.547842,-15.463315,-15.881271,-12.441229,-15.525835,-18.63271,-19.367775,-21.860146,-13.458966,-13.162199,-20.763859,-21.852867,-15.854244,-10.290971,-9.333988,-14.871929,-25.263979,-23.643084,-21.64233,-23.354177,-24.741154,-26.3213,-20.004377,-15.501434,-19.910227,-32.164215,-27.077633,-27.535944,-28.673012,-24.824078,-20.502455,-20.643051,-24.848854,-28.007042,-33.63702,-22.620655,-18.298481,-23.043272,-30.000257,-27.073896,-28.411278,-30.842678,-30.644102,-29.070807,-29.16134,-28.982182,-31.947584,-35.985283,-38.812534,-39.90557,-39.737095,-39.014984,-34.09334,-33.80384,-37.356506,-38.284573,-37.36317,-39.442158,-44.01113,-40.285717,-16.777142,-11.914946,-16.987259,-25.300352,-24.33833,-29.294605,-35.427265,-22.089575,-1.4850985,3.6618245,0.06820134,-10.582254,-16.584192,-8.975095,-4.313175,-9.034113,-16.687767,-23.40886,-21.05286,-18.705482,-19.302092,0.047342725,7.012808,3.3492982,-11.992502,-8.741203,-4.162231,-10.162035,-19.094746,-19.633568,-20.498314,-20.699001,-17.732794,-12.878115,-10.621766,-14.255099,-15.659817,-15.389133,-13.248812,-7.9378133,-8.775612,-7.668086,-8.214418,-8.056216,-8.124279,-12.35155,-17.65367,-10.4340725,-13.330827,-25.980728,-28.099628,-30.659819,-30.611593,-30.47224,-32.114655,-30.314869,-30.998283,-30.495768,-28.431292,-25.605518,-23.202991,-6.628242,-2.8444538,-8.515616,-19.678703,-23.51143,-21.99808,-12.129842,-12.767145,-18.217697,-15.686419,-21.62223,-24.36296,-32.227463,-31.812628,-21.19603,-13.718569,-15.11423,-21.704056,-22.67316,-25.767172,-21.577751,-13.38585,-7.48255,-11.4671135,-23.520527,-26.623089,-20.570395,-14.017062,-13.293004,-15.6486,-23.704163,-18.976994,-17.15124,-17.83888,-11.190924,-4.1681056,-7.5734177,-19.298576,-15.2041,-11.577745,-12.252829,-11.089454,-13.248882,-19.875559,-26.041351,-24.782108,-23.945158,-11.619626,-4.3324,-5.0995207,-11.804709,-16.241432,-5.49129,-3.8681307,-13.81281,-25.35112,-24.7357,-24.713531,-26.966537,-27.789402,-26.21031,-24.65747,-25.387945,-27.33405,-25.93008,-24.148264,-23.332333,-25.24862,-27.717896,-27.343758,-28.21306,-25.596012,-24.848291,-22.01464,-23.692665,-29.479532,-26.556921,-25.150707,-26.587694,-30.06666,-33.04977,-33.341923,-30.11756,-29.020267,-29.999392,-27.156668,-22.836884,-21.007853,-26.0985,-26.889145,-24.181784,-25.394646,-26.892483,-27.45016,-21.194988,-14.195599,-13.129401,-12.259517,-7.698638,-6.0877185,-8.067597,-14.217447,-26.196077,-26.747501,-27.845997,-29.107418,-28.132055,-30.364971,-33.019325,-28.31603,-30.331152,-29.838255,-29.503508,-32.681435,-35.50022,-36.54216,-30.125998,-29.560263,-30.643204,-31.513096,-32.683735,-30.858006,-30.188988,-27.356518,-24.968187,-24.818897,-29.260532,-30.07822,-22.083107,-13.427721,-13.15227,-20.898666,-23.458673,-23.4156,-23.052505,-14.840804,-12.601943,-20.554855,-24.909517,-19.961187,-8.58639,-8.596005,-13.852968,-16.599098,-15.303713,-15.92669,-22.788368,-22.259441,-20.800678,-21.22448,-22.867748,-14.046918,-5.523636,1.5270128,4.9456186,2.596262,-6.8225393,-14.515382,-7.27407,-2.551017,-3.322848,-5.0456576,-4.2859054,-3.4583411,-5.980051,-11.0095415,-15.8007345,-11.812334,-11.581497,-18.031702,-16.950077,-18.889969,-21.594841,-23.113337,-15.647716,-14.765617,-19.869415,-21.569185,-17.284636,-10.919954,-10.719086,-18.721348,-25.958063,-23.167856,-21.91769,-21.456879,-22.828732,-18.978016,-21.200731,-26.25682,-28.485111,-26.275269,-22.108181,-16.231043,-12.51012,-15.374119,-17.621792,-18.631598,-24.331663,-26.534376,-25.59864,-25.448782,-26.808704,-29.278206,-30.19969,-30.255325,-29.935244,-31.129808,-31.472109,-32.153408,-32.169926,-30.94416,-33.683838,-35.841606,-34.89911,-35.114452,-39.938515,-42.841953,-38.192688,-29.033031,-24.596128,-23.410608,-25.391369,-27.46357,-24.91538,-18.916828,-16.974657,-21.367186,-17.129957,-13.958034,-19.615189,-25.590475,-25.854748,-19.24979,-20.202076,-27.692535,-25.621784,-29.459707,-34.946922,-33.70457,-31.446562,-21.684706,-19.655064,-18.775846,-16.023197,-20.220783,-19.7777,-18.864582,-20.73656,-23.472324,-24.908173,-25.632729,-28.392427,-27.86938,-28.284967,-31.873577,-34.42753,-33.639847,-36.2244,-39.477715,-37.9251,-38.14016,-36.02608,-36.53964,-37.992634,-39.259003,-37.184937,-39.984364,-39.863895,-42.115623,-41.05349,-38.74351,-35.105026,-31.78358,-24.371443,-13.921814,-12.014712,-14.436179,-14.716366,-15.051379,-16.211002,-18.659748,-22.185844,-26.920383,-28.612993,-28.989164,-35.37396,-34.571297,-35.354332,-32.69373,-27.070429,-25.085457,-28.897436,-36.48546,-33.875477,-35.046272,-34.730717,-34.77383,-26.95287,-21.43422,-15.821532,-12.872554,-14.836912,-17.039825,-14.511036,-16.322254,-21.600904,-22.046507,-23.617432,-23.25859,-16.517906,-19.45892,-25.86132,-21.016054,-21.708641,-25.494759,-26.859148,-27.364595,-30.102615,-30.558107,-25.292704,-20.877129,-12.097956,-8.179513,-12.838334,-16.315935,-12.1640625,-11.025067,-12.945593,-14.102202,-13.292524,-17.376827,-26.383036,-26.716452,-27.89274,-20.115023,-16.213924,-20.259562,-28.807198,-28.26689,-26.188929,-16.833672,-8.904415,-4.6384983,-5.2988224,-7.1904016,-9.781092,-15.796408,-17.5472,-15.449867,-13.03623,-15.81213,-19.054705,-19.154144,-15.87707,-13.156666,-8.044359,-8.825567,-12.34249,-11.674914,-14.880805,-22.035654,-27.373426,-24.773907,-14.146984,-10.215542,-9.535463,-14.873501,-22.91236,-19.645264,-18.685268,-20.20983,-12.953388,-12.833815,-19.651834,-19.331957,-15.7516775,-16.036634,-23.95211,-26.259565,-28.943024,-28.815048,-25.980911,-27.469837,-33.525295,-33.1915,-31.25675,-33.296627,-36.209866,-33.828667,-24.766518,-22.683477,-23.805674,-27.62643,-29.41907,-31.706846,-32.263916,-28.56714,-28.422,-29.433157,-20.537086,-15.353928,-16.491901,-19.532509,-22.711884,-25.182587,-30.212124,-34.156452,-35.00631,-37.15218,-35.019207,-34.620224,-37.328377,-36.6808,-33.32214,-32.68889,-32.867725,-27.634735,-11.113687,-6.2890463,-6.613906,-12.136325,-12.543963,-9.329082,-10.639211,-16.563906,-23.717405,-21.481821,-21.10582,-24.196743,-21.900185,-16.90495,-16.001413,-18.960518,-23.157715,-27.714556,-29.898266,-31.56534,-31.128939,-19.162304,-15.322115,-16.237848,-18.889761,-22.117731,-23.318005,-23.622356,-22.445885,-27.949896,-26.885126,-27.758902,-26.860958,-32.759193,-37.737686,-32.478157,-31.091898,-29.631134,-19.441397,-6.9916487,-5.03277,-10.889414,-14.57261,-19.452137,-19.177835,-10.190397,-2.267648,0.84348226,2.3724098,2.895743,1.8012302,-5.508661,-6.6083646,-6.4096413,-7.87879,-11.279088,-13.718363,-12.765813,-15.819603,-15.565558,-13.258943,-13.591004,-16.365788,-21.735971,-19.9882,-24.548254,-25.994396,-21.65707,-22.962315,-23.402843,-26.188128,-24.767254,-22.510685,-13.360328,-9.523042,-15.455174,-22.209654,-15.678186,-13.109207,-18.833296,-20.789192,-22.066612,-25.264668,-26.45226,-30.046528,-33.02812,-27.259785,-22.422115,-23.169355,-20.72938,-19.093544,-18.846262,-16.892826,-19.436758,-18.07698,-16.581335,-16.116997,-21.015045,-28.046185,-20.80069,-18.953962,-21.690025,-17.991943,-17.52475,-25.06696,-28.500126,-28.163181,-27.856302,-27.990147,-22.01708,-19.249298,-21.088581,-24.664494,-32.34333,-32.576195,-32.932762,-26.930649,-19.028261,-21.727999,-29.492682,-28.404255,-22.970665,-20.712168,-23.250925,-25.134516,-28.9208,-33.172565,-30.404701,-26.085918,-18.620571,-18.635498,-22.774597,-22.320118,-27.27103,-31.03156,-29.944532,-31.20203,-24.174572,-13.629784,-11.401486,-17.542612,-24.341225,-27.082127,-29.11922,-31.635445,-30.883257,-26.43192,-24.498556,-31.932377,-35.999283,-17.981295,-8.767442,-9.299432,-19.105438,-28.017054,-28.058603,-25.45736,-21.614746,-10.294323,-4.410258,-4.0509577,-5.2471457,-7.316765,-11.617288,-14.487907,-19.997599,-28.547527,-30.216303,-28.94413,-23.461811,-20.718794,-20.427467,-24.556866,-32.384438,-34.17762,-33.702885,-23.45557,-19.797005,-21.673014,-22.813253,-23.83373,-25.952812,-24.926186,-26.737595,-27.96787,-26.326275,-26.750135,-27.95636,-27.86106,-28.988224,-27.706158,-17.019875,-14.012707,-12.416277,-16.939568,-21.483017,-18.851355,-19.686306,-20.365704,-22.00098,-18.625065,-12.170971,-12.005867,-12.826795,-13.9102125,-14.661899,-10.038575,-5.151343,-0.38881397,3.021974,5.0726457,6.4899864,7.126602,7.0379567,6.8451366,6.8503284,6.7384443,7.252764,7.9735327,7.8738685,7.5323534,7.2233334,6.4250193,5.4104524,4.886483,5.108987,5.033955,5.2912135,5.7087607,5.8466673,5.8742332,5.4599314,4.9118853,4.4064326,3.9932532,3.939048,3.8994315,3.6685064,2.778834,2.1046977,2.347597,1.8935025,0.71486366,2.4843762,2.9754975,2.3261704,2.221595,1.6631582,0.085241735,0.28850463,-0.9262614,-1.6355704,-0.5072147,-1.9545538,-2.6187575,-1.0942639,-3.6906943,-10.860828,-14.877057,-10.544567,-11.274006,-16.631329,-16.583336,-13.260832,-9.841508,-10.773474,-17.338863,-16.218119,-15.714272,-19.053528,-19.044397,-15.897718,-15.044364,-20.718956,-15.079068,-9.265024,-10.994606,-15.504556,-13.947487,-13.355591,-16.084553,-15.74162,-17.395912,-16.229013,-17.357159,-11.153623,-7.8184195,-12.382995,-19.711477,-19.27852,-18.25288,-21.208582,-24.11699,-22.91229,-25.344294,-22.337677,-21.633007,-25.787415,-24.564648,-19.36956,-17.883938,-22.089249,-18.917105,-19.105982
-40.846016,-41.793793,-43.965347,-46.314842,-44.389908,-36.31993,-35.448257,-40.809437,-40.033794,-35.645477,-35.54556,-32.58305,-28.714445,-30.2257,-30.870913,-19.206936,-4.911705,1.4123347,6.3383245,8.916344,7.5823584,1.2030493,-6.7039037,-7.8823524,-11.267273,-13.646513,-15.098078,-14.41161,-3.0675302,-2.8084626,-15.202984,-20.20175,-17.141546,-12.34882,-8.789504,-12.331096,-18.773232,-21.351799,-10.606794,-3.8001595,-8.210105,-17.009283,-13.336964,-18.244246,-22.032677,-21.460878,-22.751953,-20.038998,-21.07375,-24.810299,-25.77918,-26.645231,-26.182764,-27.252333,-26.03879,-27.998344,-32.615784,-15.940762,-7.083173,-6.940308,-14.718647,-27.961544,-25.711117,-24.89613,-19.923271,-9.253847,-9.079998,-14.606032,-25.931084,-26.017275,-20.265123,-20.2784,-16.64933,-13.210641,-17.717087,-20.981762,-21.811409,-19.588724,-20.22974,-21.829548,-22.461731,-23.246536,-23.487019,-22.174046,-24.077374,-25.540451,-21.74578,-16.805513,-13.00399,-12.243242,-13.922657,-16.55649,-19.08707,-22.088213,-24.463388,-25.8861,-25.523129,-24.682747,-27.178404,-26.7325,-27.494263,-29.04985,-29.684341,-27.071712,-30.031918,-31.925972,-26.993652,-26.124334,-26.784195,-27.848782,-29.121983,-31.826698,-25.95273,-20.336128,-21.37178,-17.884499,-14.329404,-15.616425,-17.467085,-16.837044,-15.820113,-21.773155,-25.116695,-28.461594,-29.527115,-26.70165,-23.968771,-13.3635235,-8.888344,-7.7419543,-9.201729,-15.123524,-24.861595,-24.429497,-25.506092,-30.21273,-30.222624,-24.956705,-25.7481,-28.845118,-28.122211,-26.891642,-23.150822,-20.696898,-22.076662,-22.57378,-24.509792,-24.0642,-23.981163,-27.007572,-31.649464,-33.300327,-34.380764,-28.835667,-30.599518,-27.889297,-28.580708,-26.217937,-22.435085,-29.103374,-36.23387,-34.408203,-33.63565,-28.303753,-26.35093,-27.403936,-26.060242,-30.55532,-30.313938,-26.418657,-21.072405,-18.084988,-15.219951,-18.862965,-24.351307,-24.687235,-23.862017,-25.831253,-27.51009,-22.79907,-21.1216,-21.217936,-17.270975,-14.574228,-15.846206,-23.410053,-22.089254,-20.904654,-23.92131,-26.96039,-27.772804,-26.338768,-24.39014,-25.149677,-22.76989,-18.181889,-19.861,-22.19898,-23.388165,-28.083496,-31.748857,-29.36941,-25.951557,-22.067316,-24.551947,-20.437471,-20.509815,-25.910967,-27.352959,-28.97961,-30.291548,-26.55048,-27.156107,-23.23889,-16.5641,-18.371084,-28.079807,-26.243446,-24.89115,-27.586319,-20.363781,-17.362839,-24.473589,-35.024864,-32.549976,-30.848793,-26.184525,-23.096617,-24.858706,-26.048512,-31.873587,-32.028683,-31.990606,-26.264347,-27.90777,-24.310493,-20.214283,-19.855997,-19.917742,-19.69663,-20.33124,-20.398262,-21.404627,-22.837006,-25.357952,-28.923933,-33.1083,-33.14777,-28.79786,-26.357498,-25.807434,-27.979538,-31.106857,-31.715853,-22.47007,-18.238605,-22.13212,-21.020058,-18.819912,-19.113983,-19.12379,-22.589771,-21.81314,-20.743069,-17.36259,-15.801495,-17.264349,-17.460424,-14.917299,-18.432579,-23.908606,-21.366367,-23.235292,-27.65876,-29.23938,-27.899397,-31.953598,-27.567976,-25.828873,-29.455471,-34.523018,-26.961456,-25.316574,-26.744526,-28.268494,-29.37094,-29.632332,-33.09383,-24.996208,-18.82933,-21.990812,-30.05908,-29.200233,-28.881878,-28.99103,-27.369804,-24.874666,-25.299992,-27.059765,-24.71548,-25.983713,-28.221457,-25.803757,-28.865189,-34.21471,-32.57027,-32.517986,-37.5487,-38.827023,-33.42063,-31.384106,-16.062332,-9.535063,-8.950023,-11.447763,-16.01948,-18.108242,-16.795631,-18.060015,-18.705318,-17.046238,-17.07245,-13.869732,-16.320778,-3.7250926,1.7420747,-2.1563444,-13.997092,-6.955774,-5.259981,-8.684628,-8.1293955,-11.803298,-16.195414,-22.026024,-19.81042,-16.356184,-8.13388,-1.2825924,-4.031854,-11.560121,-14.736438,-6.0265007,-7.965262,-23.171707,-24.786915,-14.4193735,0.6039425,7.03411,6.085328,-0.9930139,-4.004778,-3.998729,-6.271265,-10.990932,-15.982121,-19.34378,-21.843035,-24.113598,-14.136891,-6.636975,-3.6376915,-2.3908617,-4.753468,-9.179196,-9.936868,-13.66638,-14.2541685,-17.637964,-22.59181,-14.231439,-13.853516,-16.121717,-15.180341,-13.252944,-19.499987,-26.752632,-17.887976,-10.261916,-11.994262,-8.485058,-7.7906446,-11.949401,-17.372766,-21.595888,-20.867271,-18.356901,-17.33604,-21.440935,-23.839321,-23.301859,-23.782623,-27.136175,-25.646856,-26.611526,-25.413086,-25.880032,-28.475266,-28.532898,-29.39214,-31.35359,-29.079016,-27.33479,-27.571592,-29.324884,-31.258944,-33.697124,-29.977688,-29.431078,-34.63639,-33.260128,-30.234085,-31.06016,-31.892378,-29.839714,-32.621315,-32.470074,-29.70915,-28.805927,-30.124851,-25.870037,-25.611858,-23.801956,-24.14075,-27.913916,-30.370476,-30.388548,-32.198044,-30.436247,-30.528019,-31.07325,-32.275085,-32.182053,-32.212585,-32.982098,-33.763603,-30.77731,-31.986658,-32.335888,-33.124763,-40.468407,-38.287468,-31.432266,-29.295122,-32.59311,-31.76984,-32.058792,-33.753696,-33.632393,-33.248287,-31.667946,-32.188072,-30.489685,-27.14138,-30.75914,-31.563787,-24.54152,-13.13867,-12.996798,-20.447023,-17.376892,-13.274805,-10.258854,-11.854295,-20.459549,-26.44208,-15.213571,-11.819752,-16.321043,-26.095592,-21.774462,-16.26337,-14.766346,-17.189676,-23.850159,-24.85503,-26.501781,-27.36782,-20.610369,-18.268389,-24.802261,-28.805391,-30.798065,-35.756084,-24.520338,-22.105026,-25.507734,-29.84498,-24.78502,-25.723595,-32.916298,-31.294586,-31.06572,-25.691965,-22.329588,-23.505325,-22.571886,-26.318775,-27.027246,-28.996668,-30.468922,-34.54652,-35.460724,-35.632587,-39.281296,-44.15892,-41.613445,-40.36103,-37.184654,-6.8975077,2.6427398,5.097887,3.5170255,0.27879325,-3.3187485,-6.1960726,-8.57001,0.6737094,7.5843644,8.318421,4.6081834,-0.8286023,-6.201147,-7.0561075,-10.928394,-14.195072,-19.758856,-18.397326,-12.508994,-11.665755,1.7442529,10.860487,11.013153,5.3175573,2.7846422,2.239055,-6.073657,-11.464504,-15.307104,-17.55562,-19.334528,-15.227301,-11.563249,-5.796994,-2.4644904,-2.4802284,-4.0897994,-3.9645586,-7.7215786,-15.55215,-20.324806,-22.941467,-22.940176,-23.215736,-25.322323,-15.277263,-4.959308,-4.755949,-12.062128,-22.152973,-23.052359,-19.404291,-18.893791,-22.174553,-23.719236,-21.5261,-23.709852,-24.222548,-24.33263,-20.602806,-8.462666,-7.278656,-11.692652,-16.352654,-24.215137,-24.879196,-17.899906,-18.99249,-22.266619,-19.631912,-23.319273,-30.43745,-31.432056,-27.838373,-16.260273,-7.510915,-4.284383,-3.5864263,-2.8612018,-3.243628,-7.0975504,-15.678092,-14.141153,-16.715559,-26.165285,-29.115374,-18.77916,-12.1519375,-10.124312,-10.205726,-13.016411,-14.662495,-18.220121,-26.455837,-14.879147,-4.257411,0.013054843,-1.309955,-3.1166854,-5.4017234,-15.815454,-21.906021,-21.57473,-24.742384,-25.601357,-27.23463,-26.86283,-18.541077,-9.696202,-3.7114499,-2.2822406,-5.043868,0.4558037,-1.8698591,-16.944626,-19.942783,-16.6032,-18.324701,-20.64236,-17.780556,-17.383781,-23.885574,-25.076557,-21.718266,-21.923407,-22.554348,-18.187063,-19.402966,-24.561878,-23.44135,-22.883831,-22.716354,-22.43655,-21.814316,-14.397118,-12.927209,-18.004486,-20.878725,-16.87515,-17.093418,-20.195728,-20.32869,-22.576887,-18.289637,-15.86742,-16.281658,-24.05024,-28.112612,-28.146805,-23.448608,-20.954454,-21.156256,-19.985464,-19.656162,-22.519407,-21.714231,-24.0059,-25.309067,-20.428648,-18.772337,-23.392006,-27.848661,-30.519527,-32.45831,-36.148846,-39.793957,-38.1863,-38.52902,-40.38509,-42.185585,-40.941925,-40.983604,-45.728966,-41.5662,-41.712383,-43.288074,-45.0305,-45.584038,-47.798172,-44.859436,-44.4852,-38.911102,-34.438396,-27.78833,-14.478802,-9.09736,-9.756891,-12.041035,-14.419198,-6.13286,-0.2768639,-1.6004616,-10.483655,-18.571941,-17.145979,-10.147309,-9.837788,-20.192842,-23.568687,-21.470327,-8.5944,-6.6976027,-13.418251,-17.734991,-11.146374,-7.067206,-8.237354,-9.103717,-9.647205,-8.47813,-6.828463,-10.819761,-8.587983,-9.1784725,-6.730945,-5.950242,-9.676761,-6.5024757,-1.7408018,-1.4582835,-8.716524,-11.463282,-19.029352,-8.013314,-0.20206891,0.69240534,0.084686324,-0.9986733,-1.4473988,-7.199411,-14.833331,-19.561077,-19.210026,-17.657732,-17.371212,-17.292358,-18.988863,-20.041134,-16.669994,-12.549176,-9.60198,-14.689798,-28.869972,-32.33114,-24.853046,-26.00993,-24.485992,-17.796421,-18.014454,-17.265581,-16.249817,-17.300526,-20.977123,-22.342415,-23.945244,-25.449951,-25.710857,-29.067404,-28.233025,-28.0883,-25.256939,-26.353996,-30.48297,-28.485518,-26.717596,-26.935003,-26.853697,-28.080942,-29.804703,-29.014017,-30.90343,-34.055157,-34.13895,-33.148735,-31.09168,-30.117035,-31.530607,-31.931408,-31.942894,-26.923635,-20.369776,-22.152216,-24.678127,-26.238628,-26.170023,-25.724792,-24.837511,-23.899788,-5.332432,1.8199735,1.4043021,-2.2124772,-3.662973,-3.3626785,-8.863771,-18.304688,-22.606108,-22.870634,-24.282064,-30.573442,-31.421944,-28.495562,-29.624046,-29.730507,-30.079601,-25.617699,-23.665361,-26.216022,-27.33274,-27.02925,-19.54227,-17.397322,-18.795746,-22.789108,-27.432045,-29.289753,-30.392025,-29.164303,-29.393814,-28.996819,-28.384607,-28.03856,-28.34436,-28.767529,-28.930897,-27.1496,-26.166214,-27.486176,-27.31741,-26.657661,-26.561577,-26.284903,-27.569641,-28.112925,-26.09262,-22.937735,-21.99337,-25.613497,-29.034039,-30.180483,-31.358585,-30.89021,-31.902857,-33.00305,-37.739853,-39.965725,-36.676613,-37.91921,-38.534412,-35.137383,-34.05772,-33.597713,-31.091873,-31.353668,-31.29694,-31.859701,-33.412403,-36.03306,-34.786743,-29.079683,-22.791794,-24.465912,-27.341211,-25.150087,-21.507877,-21.708727,-12.16476,-6.7356663,-3.522425,-0.7054964,-1.3481414,-9.571028,-24.059757,-21.40547,-21.602016,-24.26979,-28.55954,-29.138308,-28.188747,-25.937103,-21.166836,-13.197647,-6.8581314,-5.27811,-12.017169,-23.458973,-26.89944,-28.95578,-28.812132,-32.49342,-33.031937,-29.168203,-28.474007,-29.113405,-31.022057,-29.063921,-28.856697,-31.848852,-32.62906,-31.599874,-28.907822,-18.937319,-16.682804,-20.20834,-23.22836,-25.41996,-25.31582,-26.2094,-27.431908,-28.18406,-28.82452,-24.557922,-19.322395,-19.61398,-19.226254,-15.457458,-18.734734,-23.426147,-25.039576,-26.42191,-26.944843,-23.304527,-25.259306,-24.639854,-23.077612,-16.274086,-4.252586,-0.76873535,-0.7695712,-2.9336448,-9.82925,-16.596596,-3.4647255,-0.30624512,-3.1093755,-0.7839756,0.02010613,-4.1163383,-11.874838,-19.403864,-17.955072,-16.149618,-19.033255,-25.550919,-26.74099,-22.982204,-21.729351,-19.9407,-21.451504,-21.48901,-22.192354,-22.357119,-21.512146,-20.612738,-21.7114,-21.364279,-24.166996,-23.593956,-24.879332,-24.876375,-24.50256,-26.081203,-28.937168,-32.04556,-33.92089,-37.951385,-40.69511,-37.8346,-36.80182,-42.764465,-42.294655,-41.56191,-41.36673,-40.1029,-40.97947,-40.095375,-35.57817,-31.789871,-25.481577,-25.75781,-30.788273,-34.800064,-32.545673,-26.779842,-27.238308,-27.136679,-32.567883,-31.684467,-27.711077,-29.819847,-21.035292,-12.3721485,-9.986528,-10.451289,-16.377108,-31.12511,-29.93271,-29.356396,-29.973381,-29.7497,-24.923336,-23.2182,-24.900152,-25.495846,-23.83808,-27.142574,-30.782455,-35.37952,-32.33721,-27.85238,-27.816648,-29.507692,-39.00105,-39.646477,-33.757355,-31.432606,-25.65977,-14.973421,-10.298529,-8.642563,-6.256462,-6.198242,-10.65023,-13.127385,-9.859465,-13.881008,-7.1128078,6.738424,11.572953,12.019424,12.002578,9.363365,2.1423197,-1.6791445,-7.1761327,-12.835074,-18.161867,-17.540941,-16.13795,-14.001236,-12.763973,-11.530212,-12.373823,-12.751966,-13.097557,-15.578661,-17.22255,-18.541304,-22.171194,-16.13292,-13.279072,-5.013892,0.68898565,-0.4766563,-5.0713215,-4.2513885,-6.0422993,-14.3345585,-18.817175,-23.920527,-20.07923,-19.672535,-22.58839,-19.302624,-16.127445,-13.317261,-11.842742,-13.430628,-15.436945,-20.83169,-24.356852,-26.764467,-28.047255,-27.973724,-28.830873,-26.51683,-26.03786,-27.691996,-26.49775,-24.693817,-21.554493,-20.812801,-25.982073,-29.593906,-29.874544,-31.189386,-30.868435,-28.817581,-31.057972,-33.66536,-34.292145,-34.959225,-38.99124,-32.429115,-29.47433,-28.19794,-31.231459,-34.01759,-33.20513,-27.486538,-19.192822,-21.42946,-29.349451,-33.04646,-34.056107,-33.320637,-26.967165,-25.254143,-31.246197,-30.635202,-22.162407,-21.517794,-20.49262,-18.269566,-18.166962,-14.2766,-12.079402,-15.073654,-9.697303,-7.8984094,-14.62409,-24.147987,-22.750698,-19.571865,-20.797003,-19.932491,-26.669424,-32.84513,-16.916945,-7.1956787,-6.6408706,-12.294326,-14.256306,-14.1355,-15.5178175,-18.741777,-18.29805,-18.413036,-20.151749,-20.46751,-25.121315,-26.68791,-26.648798,-28.581734,-33.761215,-33.187347,-30.524986,-29.054577,-30.785156,-32.18308,-32.987347,-30.934296,-31.684343,-36.07672,-32.49279,-28.937654,-30.178507,-35.554676,-35.117527,-35.437,-39.06998,-38.357643,-39.938385,-38.117836,-38.651863,-41.26864,-37.886078,-30.493977,-26.660988,-4.442513,4.7272615,5.5621476,-1.8624073,-15.294694,-17.90653,-14.439188,-16.423967,-19.006416,-15.185728,-4.22825,-0.69308454,-1.2883196,-4.163885,-8.06478,-9.0418415,-12.135607,-16.471958,-17.816591,-17.745598,-17.01462,-16.512405,-16.165503,-18.384836,-19.988668,-17.525753,-16.848377,-17.897005,-21.149094,-18.469566,-17.028969,-17.249697,-17.191584,-20.096546,-21.504417,-22.827103,-21.559124,-19.17608,-17.653402,-19.268131,-19.590965,-18.327278,-19.157946,-15.95553,-17.307034,-18.112207,-18.723366,-20.75365,-21.18181,-24.900284,-23.028618,-21.007061,-22.430267,-23.169233,-23.162468,-22.902813,-23.160564,-25.358112,-23.813608,-24.253654,-21.951845,-20.860899,-23.002851,-24.762117,-23.7272,-24.477463,-26.533009,-19.536036,-12.4080105,-15.241551,-22.285309,-14.987578,-13.294933,-17.245556,-19.029428,-27.044987,-31.07995,-31.535292,-29.943087,-30.356766,-8.914815,-1.2562158,-1.891266,-4.4693036,-6.4382915,-13.349392,-18.916435,-20.00169,-20.780914,-23.49456,-24.664734,-25.09251,-24.447203,-26.2067,-24.489191,-27.482681,-30.003006,-27.651768,-28.48322,-29.065964,-34.983746,-34.643524,-30.667152,-29.955797,-30.581383,-27.97725,-30.63744,-31.427134,-25.876171,-21.917105,-18.896368,-18.057669,-18.398191
-44.77371,-42.605103,-44.591568,-46.647408,-42.522552,-37.16054,-37.758133,-39.747128,-41.332336,-40.50364,-34.884747,-34.129665,-31.099682,-32.13935,-29.993582,-20.618753,-12.13223,-11.775166,-0.9642663,7.065516,10.713724,10.756142,6.2714453,4.8281183,4.480652,-2.220476,-6.773023,-4.82804,3.127952,2.333236,-10.589867,-14.866596,-17.170227,-1.7732991,5.892001,3.4698822,-6.7691803,-9.163896,-4.297569,0.7996602,-4.032059,-6.4563274,1.9330429,1.2278641,-5.1992087,-12.135414,-14.407471,-12.745125,-12.653194,-15.625959,-19.138887,-16.153585,-16.108057,-19.040668,-20.336086,-20.090427,-22.333828,-16.30709,-13.014605,-10.4499035,-12.554512,-23.52206,-24.841408,-25.070457,-19.304232,-11.425857,-13.786712,-18.008163,-25.856754,-23.597565,-19.851162,-21.149872,-14.683986,-8.871835,-12.029227,-21.510075,-22.793886,-21.711256,-22.343342,-23.156912,-24.09233,-23.51775,-25.017788,-23.722775,-25.384233,-25.757816,-22.492958,-14.741353,-6.9954967,-5.6020613,-8.439066,-9.203229,-11.572328,-15.262697,-19.976774,-19.787525,-19.570168,-19.069035,-21.709986,-23.535328,-22.803402,-25.363232,-28.09027,-29.917624,-30.505655,-29.33159,-27.412796,-27.187216,-25.98921,-25.459866,-31.923964,-33.49019,-24.419691,-10.060191,-0.9491558,1.4871533,-2.4203808,-6.8385725,-9.843569,-11.799913,-12.889153,-18.928156,-20.443882,-23.271278,-22.589458,-23.17193,-16.852383,-13.391657,-11.065626,-10.883842,-14.744201,-22.44811,-27.364944,-22.551954,-21.2319,-27.123507,-29.080708,-23.554379,-22.88601,-24.56765,-20.924717,-15.04754,-11.084804,-12.515438,-19.603703,-23.843521,-25.989964,-25.633219,-25.928238,-28.26731,-31.421347,-32.286682,-33.875717,-33.21279,-35.342735,-27.323112,-25.512953,-29.703094,-32.994434,-36.920837,-31.366856,-30.601364,-30.138443,-22.51994,-22.64971,-23.094923,-27.763588,-31.473207,-28.964905,-24.872763,-16.819237,-12.210987,-9.857448,-13.910242,-22.606987,-23.411142,-23.218273,-22.779543,-21.280077,-21.492409,-21.384872,-21.57466,-20.99779,-19.328577,-18.344341,-22.180244,-20.282772,-15.996753,-17.906242,-20.277264,-19.309256,-19.93807,-21.381184,-21.090567,-18.843468,-13.044016,-12.18441,-13.903932,-16.504599,-20.444218,-24.874748,-27.761604,-25.206907,-22.007408,-25.691252,-19.580353,-15.501146,-16.711756,-22.07775,-27.230026,-30.005407,-27.64076,-26.461193,-15.856941,-10.283718,-12.877546,-19.647,-24.634243,-26.107151,-25.86642,-19.456377,-20.691433,-24.745815,-26.542074,-32.38212,-31.733261,-26.90264,-29.040539,-28.400383,-26.563347,-29.316936,-30.241669,-30.014545,-27.524197,-31.43686,-20.599268,-13.464813,-12.940842,-13.168206,-12.979664,-13.21229,-14.647988,-16.845987,-18.308725,-19.988472,-23.229181,-30.125704,-25.734322,-23.893183,-24.194815,-26.710236,-27.177889,-28.382858,-27.903152,-22.906502,-24.262161,-26.97977,-24.869839,-26.475819,-22.159512,-15.557365,-14.98127,-15.410175,-19.22017,-23.99927,-27.656834,-26.695232,-25.860432,-25.164701,-25.708565,-23.86882,-19.025677,-18.647907,-19.333536,-19.434237,-20.032284,-24.094334,-23.565105,-24.142143,-28.046852,-28.463133,-28.213257,-24.789007,-24.346611,-30.4463,-29.33647,-27.777815,-29.08678,-21.993532,-14.828791,-16.249388,-25.558636,-27.881453,-27.220858,-27.578432,-24.46769,-19.681618,-20.19604,-21.317104,-18.71286,-19.511757,-21.944761,-21.383297,-24.52738,-30.630114,-28.950695,-30.200949,-36.545055,-38.814793,-34.192177,-32.327377,-12.243567,-4.5673785,-3.9178648,-6.474543,-9.588338,-9.416952,-12.136547,-18.85813,-17.078985,-16.737463,-19.668856,-18.082687,-18.477108,-7.237558,1.2129478,2.11463,-1.1099048,-1.8363847,-4.589857,-11.594667,-12.871591,-18.196857,-21.050686,-23.772644,-18.550367,-15.984627,-1.5033917,7.7286344,5.8077426,-5.189234,-8.251444,-0.46188775,-2.9149125,-16.305595,-15.739092,-14.33668,-7.1179338,0.04745129,4.8375983,3.3390632,2.618102,1.9932811,-3.5694156,-15.939693,-21.071648,-21.066948,-21.70389,-21.660416,-16.92549,-14.358896,-7.281576,-5.2921457,-9.341419,-16.758316,-14.663975,-16.411339,-17.678946,-19.650362,-19.552464,-10.53047,-9.567307,-13.4107685,-16.69807,-17.678377,-19.485104,-19.36043,-19.375889,-14.17327,-12.194315,-8.974182,-6.0116076,-12.572496,-22.796825,-26.02367,-23.275557,-18.116686,-15.758671,-18.427444,-19.583208,-25.219334,-27.370457,-26.556414,-25.64711,-23.128202,-23.374664,-22.793262,-22.553701,-25.57679,-25.175697,-25.293419,-23.163784,-24.495108,-25.66608,-26.178318,-26.572468,-30.131243,-29.844568,-30.042315,-31.63169,-31.737701,-31.711113,-30.499933,-28.997992,-29.571745,-32.366486,-33.02183,-31.208601,-30.688828,-29.65431,-28.945284,-25.104935,-21.866673,-22.517353,-26.53517,-30.9251,-36.54674,-39.304348,-37.596172,-36.44542,-33.931583,-36.07136,-36.951374,-34.755394,-39.10792,-40.144524,-34.606556,-34.418407,-37.21795,-39.42922,-41.80182,-38.762672,-34.536648,-32.91493,-30.393145,-32.26028,-31.569872,-33.153618,-33.699753,-32.63615,-34.613815,-33.597897,-30.148079,-27.69342,-33.71365,-32.32674,-29.297972,-22.89139,-24.191484,-28.287619,-29.013052,-32.96569,-34.28678,-29.71503,-28.097412,-24.662619,-19.100431,-17.385778,-16.424839,-15.624055,-16.508354,-19.997599,-20.31869,-21.620018,-21.262516,-19.997507,-20.62703,-22.602001,-20.736448,-22.999098,-25.93045,-24.843645,-23.24932,-28.20721,-25.14677,-23.50158,-25.762508,-27.889368,-23.36212,-21.963823,-26.785389,-30.508842,-28.19442,-22.950651,-17.753246,-16.793142,-17.4067,-20.773314,-24.149696,-26.680393,-29.39603,-33.605553,-34.95491,-35.33087,-37.50634,-43.79717,-39.985985,-35.187737,-33.209255,-3.3298209,7.5838747,10.082075,8.762139,5.865018,2.8051078,-0.09611156,-1.857335,-1.6513538,-3.2449403,-3.7315605,-1.9159176,-3.7324057,-6.124694,-6.681082,-6.2441196,-9.760499,-14.832492,-14.753132,-9.4529295,-10.387544,-7.2785926,-2.018041,0.93854976,0.7814437,-0.4995305,-3.9870062,-11.959106,-12.314655,-8.690826,-10.501174,-18.330133,-14.630481,-13.736629,-10.538761,-6.8595843,-5.5656548,-6.208337,-5.504585,-6.8539915,-16.00087,-25.113026,-25.107439,-25.40047,-27.331573,-26.766613,-19.285585,-12.213251,-8.001961,-10.63573,-13.164829,-12.688943,-12.679553,-14.092988,-17.702984,-18.132122,-17.944202,-20.55561,-16.13306,-19.152441,-21.569832,-19.702124,-17.856352,-15.18718,-15.934185,-19.77185,-22.823427,-23.409986,-23.656952,-22.429699,-16.262264,-19.200527,-23.549711,-24.07026,-25.113249,-21.79928,-18.089344,-11.220313,-8.650018,-7.17582,-6.751664,-10.144877,-18.812683,-21.5304,-23.619497,-19.467615,-14.682228,-12.866038,-15.414544,-18.730253,-20.9123,-22.371948,-24.536285,-25.658033,-28.276573,-21.314926,-13.735437,-6.163766,-3.3254757,-4.727334,-10.163039,-20.857466,-26.079638,-23.182154,-24.93703,-27.711542,-27.236172,-23.229221,-24.684566,-17.90136,-10.185724,-4.414003,-5.942412,-5.788446,-10.419803,-21.071455,-24.298656,-15.067531,-11.409178,-10.528397,-10.998953,-14.725019,-23.413036,-24.756186,-22.670952,-21.836994,-18.77301,-13.187548,-12.171022,-10.778812,-10.599825,-10.9033985,-13.513232,-16.935902,-16.628632,-12.785952,-11.560734,-11.34522,-9.136298,-8.795492,-12.036981,-19.003418,-21.381578,-19.065123,-13.511659,-14.108135,-17.47287,-23.709751,-26.998981,-27.185905,-23.64061,-22.609007,-20.551609,-16.353907,-15.48232,-17.602222,-17.584898,-21.21894,-24.741402,-25.345228,-24.521698,-20.796516,-21.15318,-23.412178,-23.40762,-24.405972,-26.880083,-28.852465,-28.550945,-28.882248,-29.813602,-31.12644,-32.769135,-35.36897,-32.51375,-32.44618,-34.36501,-38.47447,-43.65112,-43.999306,-41.474884,-41.941147,-41.93752,-38.94878,-26.90746,-11.342221,-4.3642282,-3.228332,-3.836733,-6.094312,-9.077852,-1.7975295,1.8262957,1.1548979,-0.49267346,-2.254623,-1.7625113,-6.2901773,-18.066051,-18.74586,-15.117821,-0.28688398,5.833401,3.8647106,-3.897509,-5.7908053,0.10019489,0.86483866,0.31094754,-0.8392089,-0.2468619,-0.62189424,-5.273804,-9.6878605,-14.890928,-10.122158,-1.358186,-0.81360734,5.3525615,9.109481,4.179699,-11.178387,-14.757465,-12.635681,-4.1783657,6.3551707,8.248368,6.9952416,5.9136353,3.8914194,0.12505695,-5.1999497,-11.362195,-13.402397,-10.809555,-10.847309,-12.155886,-11.740646,-12.871363,-14.726047,-17.537249,-12.781449,-13.119808,-17.18406,-20.821276,-23.270569,-20.86623,-18.453838,-17.055662,-12.340413,-10.0950985,-9.575938,-10.224567,-13.485738,-17.157862,-20.200012,-22.093395,-22.701088,-24.286325,-23.377361,-21.224571,-22.867416,-22.392124,-23.012915,-25.023853,-24.889175,-25.78965,-26.331799,-25.083849,-24.736574,-25.149878,-25.949444,-29.441683,-30.334883,-28.042427,-29.045858,-29.08221,-29.230247,-31.946495,-35.205196,-24.719751,-18.10984,-20.377064,-26.061132,-29.148571,-30.267752,-27.208797,-24.3639,-18.43218,-6.1045985,2.5571404,4.2276163,2.378253,2.0237918,0.45973006,-7.6813416,-16.537615,-21.089516,-20.732262,-23.02437,-27.827646,-25.87603,-24.609186,-23.883783,-26.465626,-24.51237,-22.689941,-23.062534,-25.961401,-27.865608,-24.19427,-15.206538,-12.432993,-12.516134,-16.890299,-20.159176,-22.373245,-26.213001,-24.495178,-25.377684,-26.11291,-24.118118,-22.995773,-22.099314,-21.95311,-21.639898,-20.573444,-20.048664,-21.526741,-21.830517,-20.844833,-20.745926,-20.941269,-22.16425,-22.722893,-21.220486,-16.781633,-16.729563,-20.985014,-24.911919,-29.39123,-31.75765,-32.002747,-30.246412,-32.179085,-36.35024,-39.00263,-33.40217,-32.695805,-35.00741,-31.61867,-30.544987,-28.108536,-25.223377,-27.743355,-29.01802,-28.002762,-30.120789,-36.491035,-34.392807,-31.272827,-24.98732,-22.422354,-25.547623,-25.214973,-21.346262,-18.482445,-8.4429035,-3.1091013,-1.151344,-1.4801731,-4.6436205,-12.581882,-27.955746,-25.348719,-23.28269,-24.214373,-28.572788,-27.554928,-25.751373,-24.708809,-19.77455,-15.660301,-16.347738,-19.931229,-19.73603,-25.962795,-27.395374,-28.574953,-31.285019,-34.49914,-32.76177,-33.639015,-33.065376,-27.89586,-20.064693,-18.702139,-19.97267,-21.77861,-24.718382,-28.041737,-30.49427,-24.775318,-18.705206,-22.217176,-27.280628,-29.128674,-27.55882,-29.70657,-27.805862,-26.857855,-23.294237,-18.397144,-15.953554,-18.153435,-18.916355,-15.058241,-17.274822,-22.09375,-27.132845,-30.5257,-26.784018,-22.72797,-24.188013,-23.516357,-22.507843,-21.653082,-10.682119,-6.0648255,-4.8364134,-5.4673963,-10.1957035,-16.818771,-8.473897,-4.570525,-4.182157,-3.3340309,-5.103588,-10.600262,-14.842366,-20.019112,-18.662468,-17.014671,-22.673862,-27.411674,-26.055271,-23.353575,-24.6423,-21.805847,-21.472063,-21.631233,-22.136383,-22.76329,-21.975718,-20.829845,-21.8838,-21.918594,-23.8529,-23.940926,-25.936142,-24.04251,-26.34926,-26.285862,-26.038744,-26.837345,-27.064156,-28.299685,-30.175428,-30.187328,-30.771963,-33.63277,-33.297905,-32.391804,-32.668747,-33.025738,-32.108734,-33.230625,-32.101467,-30.063648,-27.224804,-28.283947,-31.716537,-32.70455,-28.368273,-22.004517,-23.669926,-26.787987,-31.505527,-31.992851,-31.194944,-31.983208,-18.778522,-12.89556,-10.759076,-10.103278,-14.1998825,-27.107677,-31.155571,-28.986198,-28.709824,-28.738277,-26.759197,-30.47855,-29.733456,-23.616756,-16.869776,-18.077534,-27.795135,-32.15718,-39.14864,-34.17279,-29.460491,-29.098225,-36.57245,-39.051804,-36.73033,-29.159782,-25.429647,-25.15168,-21.182425,-16.402386,-7.2399464,0.00809786,0.604484,-7.0670214,-12.634893,-14.757466,-15.927829,-6.392399,2.125351,4.927692,4.445717,3.4363155,0.9569702,1.2804037,-6.162183,-13.58568,-18.9157,-20.823048,-17.147696,-10.501917,-12.476395,-17.438091,-18.957785,-19.7751,-18.838606,-21.321228,-23.050173,-23.406437,-22.904922,-12.061048,-8.945585,-8.371783,-7.3525434,-6.722119,-9.221114,-11.314318,-15.378603,-19.0731,-18.969624,-22.52499,-23.093857,-22.247658,-20.495754,-20.478687,-19.92109,-17.436207,-16.199875,-15.613822,-15.525517,-22.619766,-26.815989,-28.094902,-29.706537,-29.636257,-29.67767,-28.154388,-25.691996,-21.528538,-20.867706,-22.321503,-26.635668,-27.223242,-30.42393,-33.35112,-33.569534,-35.915386,-39.602295,-33.778896,-33.56481,-37.884323,-38.143585,-40.526787,-39.458836,-33.96678,-31.297775,-33.65609,-36.954826,-36.57527,-33.834873,-26.373714,-16.909416,-18.878149,-27.34846,-30.63915,-29.645248,-26.611942,-21.758383,-21.522043,-29.509933,-29.71767,-24.772724,-22.457865,-20.243603,-18.541426,-16.960747,-17.233706,-19.06347,-23.79235,-13.706657,-10.636645,-14.365788,-19.770555,-19.870686,-19.134838,-14.807376,-11.548781,-16.656433,-25.476345,-24.103468,-23.636887,-13.309206,-8.764668,-7.885661,-7.7572966,-9.130747,-12.970239,-18.038525,-19.951103,-20.222076,-16.025318,-17.606735,-22.752855,-26.080826,-28.733213,-26.482399,-25.883406,-23.915413,-25.263935,-29.009665,-28.538136,-26.213623,-26.585522,-28.949272,-28.38046,-27.295788,-30.043428,-32.889572,-32.234406,-32.966568,-36.317715,-39.286655,-39.372627,-41.8951,-41.259697,-39.52135,-40.21914,-34.831318,-24.757763,-19.91722,-4.886731,2.335472,6.966706,7.5125546,-0.068831585,-11.472456,-10.928463,-13.795037,-17.184072,-14.221859,0.16452143,4.706481,4.1643147,0.80975163,-2.5901022,-4.015644,-6.848808,-11.852398,-13.63325,-12.883458,-16.328485,-14.2194,-11.113995,-14.160699,-20.038626,-20.213135,-20.17672,-19.401176,-19.58608,-15.086526,-11.650278,-11.2155075,-12.204071,-18.112722,-19.225061,-20.707031,-20.30854,-15.880223,-15.67851,-19.509493,-17.327415,-17.725973,-17.809347,-13.400221,-13.953077,-15.222449,-13.84151,-18.461773,-22.014362,-20.645645,-22.277784,-22.012453,-21.42482,-23.155859,-22.367786,-22.759668,-21.249372,-19.85124,-20.178333,-23.8778,-22.500778,-19.571842,-20.74282,-18.614487,-19.647646,-19.905657,-19.818949,-10.455833,1.67186,1.6775512,-7.638094,-13.37707,-13.768072,-18.714825,-18.974262,-18.978033,-22.849142,-22.14803,-20.875605,-23.076534,-12.060066,-3.6212957,-2.6115754,-5.5454407,-10.490955,-19.17631,-19.30359,-20.024723,-21.039848,-23.427433,-25.71349,-26.645866,-24.057205,-23.560484,-22.997229,-26.940723,-28.842846,-26.039564,-28.16291,-32.246105,-35.75815,-33.665726,-31.561356,-29.978626,-29.669727,-28.647348,-29.863384,-31.65052,-27.831392,-23.372622,-16.001675,-16.783607,-18.968042
-42.28882,-42.943672,-44.26775,-41.429573,-37.56483,-33.63234,-31.433765,-37.574013,-43.887352,-40.169624,-41.848255,-38.9648,-37.740055,-39.40969,-33.056553,-20.910583,-15.617718,-17.884848,-23.327671,-18.885105,-7.2259088,0.1045471,2.5342467,9.832173,14.979669,15.790058,14.430925,14.431382,14.370571,8.487749,-5.653407,-3.794046,-3.665049,1.582473,11.225495,14.189909,13.135705,12.171374,12.496201,10.514923,1.6895236,-1.9801536,7.3791547,10.455769,10.311809,8.87941,8.080466,7.9214916,7.473169,5.7922926,4.036413,3.3395066,0.31975535,-4.344439,-6.258438,-4.022484,-6.528943,-11.916741,-16.092913,-10.785404,-8.271778,-12.149535,-14.01575,-13.636593,-16.121294,-18.854416,-20.721699,-15.647596,-16.106596,-16.965303,-19.261852,-20.899456,-20.810575,-14.477503,-11.698555,-16.77374,-20.092777,-17.694338,-17.900414,-23.33569,-26.420994,-25.175842,-25.392586,-24.431396,-21.779413,-22.655993,-24.091215,-22.231274,-18.287537,-19.774258,-22.37489,-23.021505,-25.975174,-28.840296,-27.613163,-26.690193,-32.195126,-28.683233,-26.83914,-25.127468,-25.10605,-22.754812,-21.181717,-27.24464,-32.61196,-31.540863,-30.718298,-24.714302,-23.693426,-26.193508,-29.664972,-35.86446,-28.257456,-13.951229,-4.563611,-0.15570083,-1.0939897,-9.011554,-16.763723,-16.125671,-20.12328,-25.070932,-24.437826,-26.917881,-26.915998,-26.444912,-21.459581,-20.352962,-21.73973,-25.309542,-25.036428,-26.098595,-26.848515,-15.242251,-12.859241,-14.0369625,-13.587914,-15.606914,-23.68513,-27.982893,-16.206783,-9.112922,-5.741994,-7.2889767,-18.333744,-26.219337,-27.680874,-28.330727,-29.792168,-32.486435,-33.672707,-31.247707,-32.438194,-34.904293,-35.272213,-22.82445,-20.058355,-24.13038,-26.57608,-32.814766,-26.40338,-22.95271,-21.238577,-16.259329,-19.882397,-23.535252,-28.701466,-30.938606,-30.33533,-27.327644,-27.651344,-28.309288,-26.62118,-29.072515,-30.45071,-26.446104,-29.754866,-24.717457,-21.401478,-25.420013,-29.333881,-28.970825,-32.450672,-35.224583,-33.155437,-33.24523,-28.347477,-18.261795,-15.499239,-14.415408,-13.145076,-15.165163,-19.434011,-26.174458,-27.339172,-23.109394,-14.048374,-14.646355,-21.213516,-28.387022,-30.956003,-32.685783,-28.45978,-24.335194,-26.045095,-16.617586,-10.165199,-8.215805,-9.239203,-13.864907,-22.29492,-22.328253,-21.631697,-16.68009,-16.968306,-22.541122,-19.652842,-19.534166,-22.136297,-25.764378,-20.815105,-22.310743,-21.667099,-21.900497,-23.82514,-21.185192,-21.68373,-27.662285,-23.377535,-21.516989,-22.333353,-21.821682,-25.616669,-25.28923,-24.82197,-24.82361,-25.060677,-27.660666,-28.363932,-29.022202,-29.463121,-26.984917,-28.636168,-25.581686,-25.082958,-27.842247,-30.551994,-24.189587,-22.50181,-19.981625,-20.775187,-24.275654,-26.147764,-25.051674,-22.926884,-25.939075,-28.274096,-26.627144,-28.297197,-27.049429,-19.433111,-12.300268,-9.551815,-15.25824,-27.943745,-32.7622,-37.423187,-33.810017,-25.63382,-22.76263,-24.95242,-27.042671,-27.972858,-28.0341,-29.623556,-31.556072,-29.366512,-26.755285,-29.075436,-32.378876,-30.28428,-31.720016,-25.115726,-25.711712,-28.512009,-28.814047,-29.230452,-31.95787,-31.501959,-28.068361,-26.792751,-25.168373,-25.485561,-26.240433,-27.063608,-30.449562,-31.915028,-34.912643,-38.334972,-38.222687,-38.620583,-39.4675,-42.479553,-45.368046,-44.164154,-43.90598,-48.18595,-48.413754,-44.71245,-42.00466,-39.837708,-25.067822,-21.153042,-26.104122,-31.303923,-28.749138,-22.80258,-19.063581,-19.003,-22.965912,-22.37907,-22.300978,-14.390613,-12.8292465,-5.3657002,-6.06439,-10.602785,-9.693758,-9.684662,-15.8492775,-21.624577,-20.920551,-24.143274,-26.090618,-26.423237,-21.945198,-18.33405,-3.9139824,8.842034,11.761489,8.352411,6.555712,7.625234,2.6821246,-7.9556055,-9.433912,-10.471218,-8.864858,-9.609481,-11.451217,-13.430817,-14.382953,-11.898743,-10.424244,-14.898524,-19.263115,-15.605588,-12.896987,-15.336674,-15.976931,-16.374058,-16.402796,-16.815666,-19.001053,-19.72451,-19.804934,-15.2163315,-16.299496,-20.424463,-13.550188,-3.99274,-5.598221,-18.239054,-21.154743,-19.146235,-19.054724,-21.036053,-22.133972,-23.797045,-18.514921,-6.1010175,-4.8248134,-11.998081,-16.8339,-22.067034,-24.287691,-24.402964,-21.981892,-24.058313,-26.931263,-24.885809,-28.513926,-29.794874,-28.285912,-27.075502,-27.731121,-28.390194,-26.540592,-28.167355,-28.40916,-26.8773,-27.084522,-29.102947,-30.545485,-28.896904,-29.020967,-30.703573,-30.130291,-29.05432,-33.137093,-33.39843,-32.477856,-31.947124,-31.597343,-33.039497,-34.295963,-35.995792,-34.729183,-26.90235,-26.141926,-29.555967,-30.35366,-33.086536,-35.382256,-38.973396,-37.788586,-36.65828,-34.721394,-34.024216,-36.356094,-35.089935,-34.383286,-36.061523,-35.82719,-37.901684,-37.656013,-35.159626,-35.9066,-35.76959,-37.387634,-38.42104,-37.547432,-34.49433,-24.85935,-25.669308,-34.132877,-36.08493,-35.010246,-32.452263,-35.631935,-37.726818,-39.79359,-29.37662,-27.114267,-30.60693,-26.595896,-29.813911,-30.716478,-30.28873,-34.57501,-35.399406,-33.656296,-31.119553,-22.70889,-21.706055,-25.773508,-25.489061,-25.151249,-23.021967,-21.42972,-23.673382,-23.997372,-24.22082,-28.352787,-31.77184,-30.400864,-25.17997,-18.875542,-15.439843,-18.386843,-18.609608,-20.710638,-20.702255,-24.740742,-26.641735,-24.73188,-28.846148,-31.020245,-25.610315,-23.594788,-26.764658,-27.825222,-24.96067,-24.96214,-26.613667,-29.9141,-34.83,-36.40085,-39.054398,-39.9384,-39.468674,-34.57581,-34.896767,-39.96286,-44.89937,-45.342865,-44.598957,-45.987877,-40.06815,-13.767542,-6.9847593,-10.855922,-15.458922,-17.53493,-20.079538,-22.149313,-19.729416,-13.97019,-15.039568,-24.094448,-26.349506,-22.341602,-15.915898,-7.3255663,1.0998081,2.178039,2.7029977,4.0590467,2.5354857,-6.2667375,-11.246283,-9.99802,-13.645288,-15.60602,-16.628748,-15.773977,-17.299559,-6.4526267,-0.5113534,0.34285352,-2.5738473,-7.7030888,-12.859226,-18.408697,-20.73119,-19.307655,-19.545143,-16.815367,-12.406042,-17.14055,-24.15576,-26.960709,-24.582014,-24.700916,-25.580635,-21.514719,-17.227005,-21.365355,-27.990553,-25.19305,-23.181717,-25.824429,-25.784037,-27.151022,-26.865753,-28.983583,-26.597738,-20.732565,-21.262732,-23.83569,-27.289341,-28.247837,-21.394306,-18.898205,-25.066568,-31.167149,-31.428394,-29.044567,-23.032536,-16.771675,-21.015799,-29.841194,-25.846058,-19.156649,-15.57564,-18.85473,-19.085096,-22.331488,-26.094925,-24.488785,-24.566175,-28.307728,-25.927599,-28.0766,-18.603256,-12.928183,-12.815979,-20.900688,-28.501623,-31.68625,-34.056747,-30.435257,-26.999668,-28.124344,-23.00585,-20.488455,-19.906458,-22.03351,-25.257992,-25.665493,-29.486206,-27.894253,-19.449364,-15.940941,-15.502396,-17.2451,-20.134699,-25.500366,-25.963383,-21.015919,-17.903421,-20.107916,-21.708443,-21.901941,-25.99503,-32.430016,-29.146206,-27.029926,-24.106426,-25.39876,-27.35587,-27.083559,-29.418972,-29.502068,-27.693632,-25.264282,-25.151302,-22.40498,-19.317501,-21.034676,-22.134726,-21.763992,-27.902107,-24.211884,-24.400028,-26.38208,-17.732553,-14.287594,-18.643343,-29.14426,-29.344276,-32.074326,-30.996866,-29.703,-30.028835,-29.260235,-26.20214,-28.980621,-27.716381,-25.862883,-26.526066,-24.47943,-21.909523,-24.248539,-18.883816,-17.092854,-18.075893,-16.292736,-19.362566,-18.618328,-15.135517,-16.346878,-20.641018,-23.827927,-25.464087,-28.460218,-30.30321,-29.135181,-31.767952,-32.928482,-30.573135,-30.809744,-32.569805,-32.12883,-34.138374,-34.63343,-35.190563,-38.79855,-39.362484,-39.318947,-40.904312,-37.370728,-35.370403,-29.334042,-18.325676,-16.056255,-20.663269,-21.277874,-18.943401,-15.928438,-17.381672,-14.378228,-6.059189,-3.4794521,-5.3557444,-8.766932,-15.087679,-23.345581,-23.48484,-20.453978,2.9064486,11.7146,13.957376,13.093346,10.567379,8.903664,6.663354,3.1423092,2.6231017,2.5657513,0.6596469,-5.9417114,-8.337346,-7.503822,-4.3269033,7.5488214,11.45986,12.279955,10.015407,0.90444934,-5.878882,-9.47066,-9.365596,-10.592055,-6.2725425,-6.5673437,-9.448793,-8.991724,-12.270277,-11.205598,-11.844544,-14.341465,-16.565836,-16.232824,-13.005234,-8.864147,-8.79156,-10.324286,-11.914785,-15.550786,-17.287031,-16.022442,-17.915266,-20.099522,-19.054068,-21.398552,-19.200867,-17.472862,-16.888721,-20.466583,-24.053267,-21.481134,-20.453793,-22.478928,-21.935978,-23.835285,-26.360458,-27.308285,-25.780935,-27.425558,-27.653753,-25.147041,-26.446619,-28.483427,-27.096428,-27.162746,-31.607231,-30.968859,-28.867065,-27.264387,-28.239082,-31.392921,-33.782536,-35.145874,-37.394524,-35.329098,-32.383743,-34.504547,-32.556995,-14.306496,-4.252512,-6.0942087,-20.164951,-24.54887,-22.330654,-22.060823,-20.427166,-19.68931,-16.302015,-17.932442,-20.792255,-23.036304,-20.101906,-17.406885,-19.45099,-25.893284,-25.998869,-30.41148,-32.50403,-31.196764,-26.117104,-27.432808,-30.430805,-27.504917,-23.87447,-22.955667,-24.779366,-27.91936,-28.852013,-29.976429,-28.732622,-29.479832,-28.224926,-29.257996,-33.227226,-34.24867,-37.92975,-37.911858,-36.914204,-38.76619,-38.555626,-39.116287,-39.524406,-38.858383,-37.378395,-37.521088,-38.757095,-40.400013,-38.7206,-37.561916,-39.280895,-39.24353,-35.118248,-31.552088,-29.485418,-21.754574,-16.090645,-15.570984,-18.314625,-21.053698,-22.421852,-23.24953,-24.148142,-26.208818,-29.358902,-35.083755,-36.091133,-36.403355,-39.282764,-37.36092,-29.895664,-27.837185,-29.171999,-32.4851,-33.050503,-35.60425,-37.02611,-37.77756,-33.44434,-29.809122,-22.48416,-21.290123,-25.761662,-26.891464,-20.750278,-19.89907,-22.62268,-26.2895,-31.015247,-30.924324,-28.678286,-32.538105,-41.170765,-36.72704,-35.336205,-39.8176,-36.52864,-30.963455,-27.704145,-26.683159,-26.206554,-23.184034,-26.587831,-23.090282,-23.499332,-25.49686,-29.513016,-33.48902,-34.842705,-37.316277,-39.87784,-44.354477,-40.22755,-29.757801,-23.927418,-22.274342,-24.3679,-27.387012,-29.754827,-31.07515,-33.432148,-20.524815,-13.2852745,-14.284253,-18.285957,-20.979872,-22.121246,-25.29208,-16.78926,-12.5456915,-13.594894,-11.787804,-12.747727,-14.658876,-15.310322,-16.029634,-18.570953,-18.827019,-19.938358,-20.931263,-19.76536,-17.874836,-19.270569,-19.154623,-18.412237,-16.236904,-15.273618,-16.857649,-16.714869,-16.408966,-16.253708,-19.123238,-17.689474,-18.574188,-21.030722,-22.314861,-25.21032,-29.792795,-29.169762,-32.4169,-35.235126,-35.10301,-36.258682,-36.773724,-37.956482,-39.814095,-39.757385,-38.437542,-39.68015,-33.154778,-25.283625,-28.358736,-34.456795,-32.84719,-35.933224,-37.05257,-39.880634,-40.01844,-35.471413,-31.176888,-30.789946,-31.054792,-28.370708,-28.822329,-33.12854,-35.95483,-36.488327,-37.054974,-38.370396,-41.611084,-42.497604,-41.981804,-42.49463,-42.162914,-40.422104,-39.582592,-33.96335,-30.965708,-30.740335,-30.633938,-31.58537,-35.259598,-25.678791,-18.414299,-20.973217,-28.721836,-29.250547,-28.22107,-26.822002,-27.650135,-12.548983,-9.085876,-14.433119,-24.34536,-22.859173,-25.566885,-31.2794,-31.339535,-32.141975,-25.68904,-21.894405,-26.367197,-28.483257,-23.321306,-18.372435,-19.072433,-26.94727,-28.682953,-29.59756,-30.793211,-28.29707,-29.342215,-34.644234,-37.26881,-33.743763,-29.391863,-28.087532,-26.548687,-23.36896,-24.401424,-19.386118,-8.887355,-3.8085356,-5.4692593,-7.551059,-15.788569,-17.561281,-13.671187,-14.0562105,-12.810749,-10.840446,-9.382322,1.8055862,6.60061,5.014488,-3.0172129,-7.993002,-6.6892476,-0.92477566,0.26074415,-7.078505,-18.328072,-17.919048,-18.81388,-18.680109,-20.006046,-23.496933,-23.559008,-25.883606,-22.084093,-19.424948,-17.58178,-19.410406,-22.331444,-23.074844,-23.09471,-24.734774,-28.150593,-27.02384,-25.90516,-27.767807,-24.102142,-16.354046,-19.733013,-29.156935,-27.760971,-28.883492,-25.645668,-25.054491,-27.58878,-32.80062,-33.421364,-36.288567,-36.600273,-33.643494,-31.522541,-32.9021,-30.171633,-25.327858,-24.067532,-28.551296,-28.888664,-31.463327,-35.188896,-37.419575,-32.76238,-28.407934,-32.397636,-37.290947,-41.085854,-39.786007,-38.744003,-34.797802,-33.965694,-30.993275,-31.37143,-35.40895,-36.031242,-34.914852,-27.024986,-18.674246,-18.907986,-22.582865,-24.56142,-26.579447,-29.696472,-24.130573,-25.124477,-30.430855,-29.380367,-27.21521,-28.623608,-31.033947,-35.37774,-34.488922,-36.32504,-31.670029,-27.423008,-20.074652,-22.354416,-26.433573,-28.238623,-27.463188,-28.603735,-19.297007,-14.941298,-19.714792,-26.520157,-23.987701,-27.219305,-21.756325,-20.253525,-25.845186,-28.10032,-25.740704,-25.630394,-29.62521,-28.742525,-27.410988,-24.235096,-23.813744,-26.429787,-29.659403,-33.685993,-35.715916,-34.607407,-35.015194,-36.469543,-36.30805,-36.06841,-34.89995,-34.846424,-39.65962,-26.627293,-18.097372,-19.408695,-23.03365,-22.411388,-26.316647,-32.002808,-32.933403,-36.182194,-39.023052,-42.245613,-37.276627,-35.959938,-40.74067,-38.464096,-30.126404,-10.681875,-7.7882357,-2.4974957,4.9349732,7.0014453,5.0848603,-2.381473,-6.861823,-10.961176,-13.585129,-9.682674,-9.708289,-12.212692,-14.515506,-16.379505,-19.12893,-19.957996,-19.56517,-17.381676,-15.795718,-15.104523,-12.014409,-15.444404,-22.090433,-23.00346,-21.434113,-23.382004,-24.521187,-25.077627,-18.284605,-20.076971,-22.481098,-22.39136,-23.1509,-24.983475,-24.884716,-23.77071,-22.160114,-22.743595,-25.706556,-25.856323,-24.66821,-26.434063,-26.227356,-24.986818,-24.300137,-25.007637,-26.449303,-24.540358,-24.907152,-27.851171,-29.438503,-28.608585,-26.483622,-24.947464,-26.650515,-29.702133,-28.32157,-28.132658,-25.680862,-24.366573,-23.938305,-24.934837,-26.65991,-25.856878,-20.12061,-21.422626,-10.989628,3.3154058,7.8749175,6.5065618,1.5986317,-7.664406,-11.535118,-11.456871,-13.3442135,-14.398741,-17.850115,-19.453613,-17.628035,-17.893581,-16.553946,-17.771324,-22.012365,-22.0104,-23.561329,-20.90595,-18.788876,-22.136189,-27.278917,-27.119501,-25.665394,-22.010489,-22.868412,-25.614052,-28.004803,-26.429808,-22.122011,-23.931358,-27.4729,-31.90285,-27.510767,-25.785267,-24.144608,-22.831486,-23.135157,-23.98714,-25.940536,-24.000187,-18.995716,-17.804968,-20.814037,-19.568624
-41.786697,-41.85612,-46.338173,-46.286766,-38.41662,-31.536276,-30.464931,-34.905403,-37.622715,-37.87326,-41.585915,-35.20739,-27.590258,-26.621994,-28.470192,-19.665613,-13.283659,-14.4879875,-20.498348,-20.55542,-15.761442,-14.380489,-12.262353,-3.8131065,3.2621357,7.7931833,8.766652,8.16284,5.238914,-2.419217,-17.561539,-12.959832,-10.450939,-7.1579957,-2.4095383,3.7781227,6.4384084,5.395575,3.624217,0.42757702,-9.327765,-11.475993,-8.260568,-4.717764,0.5370585,1.7158788,1.4376379,1.1777459,0.14505434,-0.5379102,-0.4413272,-1.3424288,-4.3572063,-8.49507,-10.049446,-8.786951,-12.40764,-16.607912,-24.031559,-21.803677,-18.228853,-18.530481,-21.96193,-21.48845,-22.065668,-26.234648,-25.466644,-22.987385,-22.193779,-23.632648,-24.976559,-30.419542,-27.874973,-22.055897,-20.52555,-21.985195,-24.912231,-23.51862,-24.379892,-27.127962,-28.286295,-28.849829,-30.542912,-28.02073,-27.046926,-23.29128,-23.725445,-28.458958,-27.078503,-26.047337,-25.372372,-31.575596,-34.769135,-33.5287,-26.429012,-26.371426,-30.955803,-34.0315,-32.50931,-30.737057,-28.943998,-22.069235,-22.006855,-28.004868,-33.937847,-36.43147,-33.159782,-23.507843,-24.332626,-27.333824,-27.35226,-31.084469,-31.00662,-28.169804,-26.657242,-20.395891,-16.210043,-19.322935,-21.631468,-17.2069,-17.215456,-18.014465,-21.540651,-24.547699,-32.759926,-33.569332,-27.706835,-24.893816,-28.19687,-31.9132,-30.011885,-29.356865,-28.093615,-20.009249,-16.22156,-15.695381,-15.583117,-18.902658,-29.475868,-32.584602,-24.458334,-21.337158,-18.299248,-15.828203,-20.646317,-27.180548,-32.31487,-32.759605,-34.87422,-36.603012,-38.54811,-38.41145,-37.17063,-36.33267,-35.56743,-27.152452,-26.093113,-24.624855,-24.340485,-34.002754,-24.603464,-17.302841,-15.11841,-13.257571,-16.335484,-20.627947,-26.375635,-27.596094,-26.672436,-26.37166,-26.241264,-27.699377,-28.948338,-28.105688,-29.123926,-26.905691,-29.959557,-29.884483,-31.749973,-32.746296,-29.093784,-30.091475,-35.612263,-36.991035,-37.280285,-34.142124,-27.196081,-24.118975,-19.879786,-14.609943,-13.35761,-15.435465,-18.938858,-22.00024,-24.841347,-28.2981,-21.76102,-21.462954,-23.996674,-26.485403,-28.429417,-31.36319,-22.939648,-18.763092,-21.21752,-17.441244,-14.614724,-17.869204,-16.725157,-19.422926,-26.827185,-28.065512,-26.869602,-28.77574,-31.02336,-27.119253,-21.034462,-20.127357,-21.701477,-24.997982,-25.549038,-26.134727,-23.613665,-20.209934,-17.684963,-17.13266,-20.038456,-23.339306,-22.457603,-20.496595,-20.163322,-18.087566,-22.750427,-26.218204,-22.610264,-23.427742,-24.821629,-26.865995,-30.268995,-31.432148,-30.853645,-25.67538,-28.094759,-25.43435,-22.467686,-23.19199,-22.868711,-20.084446,-20.0422,-18.668491,-18.091385,-19.826715,-22.015593,-22.821997,-22.760315,-25.142967,-23.09901,-23.5371,-25.21985,-27.497322,-22.09914,-18.723085,-20.602894,-25.24305,-27.030573,-29.849445,-34.12507,-30.719639,-18.750809,-14.336313,-14.979166,-16.78439,-20.336897,-27.308636,-34.319984,-43.116425,-33.398186,-25.41744,-27.120178,-34.030457,-35.676643,-33.01273,-26.654398,-26.710215,-26.405685,-30.535225,-33.8918,-31.940582,-27.19712,-29.0918,-25.169868,-25.162521,-30.01726,-26.976927,-25.75797,-31.078588,-34.1209,-36.324146,-41.844734,-40.013573,-41.08348,-46.46061,-45.58567,-40.723145,-40.24301,-43.95979,-41.94824,-39.387924,-39.32535,-41.013397,-38.073593,-29.825287,-29.25974,-32.660686,-37.049343,-35.654522,-26.49746,-13.035685,-9.01655,-13.411016,-21.041105,-16.83543,-10.490006,-10.839067,-5.7766337,-7.8353567,-16.252865,-17.467043,-16.868574,-17.730112,-14.333565,-6.168929,-6.1069975,-15.61323,-21.26846,-15.907663,-11.8286085,-5.860768,-0.64103305,3.9351969,7.1757245,7.711904,5.1336613,-2.9938676,-8.692141,-10.720474,-11.512888,-10.308197,-11.632822,-12.864856,-17.109764,-16.964497,-10.383841,-8.867515,-12.066904,-14.3114395,-13.027147,-11.951668,-15.216098,-18.280783,-15.276942,-14.072031,-15.109014,-18.104893,-19.996592,-23.70716,-15.132036,-13.125275,-18.041307,-9.417913,-1.1698922,-4.745925,-19.881018,-17.519255,-15.881128,-20.319384,-21.35532,-17.926863,-17.310574,-17.815512,-5.5197773,1.3288473,3.5301664,3.2931993,0.63587475,-6.436516,-14.5109005,-16.867281,-21.390259,-21.898195,-21.77118,-18.702242,-17.631308,-19.455969,-18.83385,-20.252815,-21.873688,-22.751373,-20.676786,-22.16379,-23.024351,-23.564129,-24.133549,-23.707497,-21.826056,-20.956192,-22.653301,-25.37944,-27.000145,-28.033714,-27.450851,-26.629852,-28.460989,-26.839762,-27.102262,-28.069944,-25.649794,-26.360924,-27.797586,-28.208267,-25.748505,-23.689392,-25.132675,-22.602453,-23.585907,-25.295406,-25.61015,-29.27613,-28.825481,-29.182531,-28.59566,-30.411564,-29.769794,-30.112862,-34.018303,-32.099125,-30.703182,-31.293816,-34.488914,-35.85533,-34.300884,-35.111954,-30.740665,-23.664505,-25.166378,-28.421822,-26.003033,-23.480251,-25.947453,-25.357029,-27.020552,-28.855686,-17.945211,-17.054123,-25.695374,-27.112137,-27.764242,-28.34215,-27.879255,-29.238585,-33.21234,-36.10434,-33.86321,-22.86598,-21.3589,-25.065285,-29.764826,-31.812698,-30.827984,-28.53919,-29.435337,-28.96843,-27.556257,-28.101227,-32.993362,-33.20225,-29.465849,-14.074756,-7.8521366,-7.3723288,-7.7624617,-9.930959,-13.3237915,-19.919127,-23.288769,-22.861885,-24.010199,-28.626291,-30.92245,-30.261753,-24.731285,-24.37772,-25.250624,-27.411602,-30.184917,-34.49285,-36.072823,-37.65003,-37.119118,-36.734943,-37.760384,-33.58314,-34.00559,-38.147976,-41.42137,-42.17583,-39.730476,-44.818172,-40.68241,-20.593243,-16.118353,-21.884558,-31.04475,-34.1436,-33.32111,-36.69335,-27.850084,-18.981314,-21.351536,-28.283861,-28.52853,-28.155792,-22.086933,-13.16366,-6.1024704,-3.7802954,-3.35639,-3.146249,-4.7284136,-12.046847,-19.140144,-17.953247,-21.028557,-22.118835,-25.036928,-24.113438,-22.44294,-14.586071,-14.692808,-11.210711,-8.679261,-11.117419,-15.999044,-17.994858,-13.3840065,-12.792468,-15.275483,-16.059227,-15.419835,-17.571247,-21.013067,-25.609247,-24.453281,-21.67804,-19.644316,-23.816772,-22.210754,-26.596516,-29.80869,-28.859684,-31.402363,-34.288944,-31.87988,-32.88263,-34.33839,-34.482723,-33.84942,-26.131676,-24.248354,-27.87403,-28.18966,-29.205502,-31.639385,-34.031597,-36.210724,-36.16027,-29.543945,-27.126635,-24.937393,-22.275122,-27.765354,-33.87996,-28.860758,-23.701653,-19.883646,-21.907097,-24.745829,-29.067112,-32.57779,-25.878738,-24.17263,-26.386316,-24.244476,-24.105108,-25.85327,-29.764294,-29.454508,-31.787989,-36.209072,-34.902214,-31.221712,-30.147488,-28.409515,-31.399744,-27.493341,-24.279825,-28.671038,-31.125603,-32.695763,-26.006432,-25.454498,-28.091066,-23.890707,-16.666885,-12.669782,-13.541757,-18.842823,-30.114883,-28.121437,-23.308287,-22.523506,-23.445177,-27.20296,-28.130764,-30.654125,-31.791735,-27.739164,-30.477877,-34.476246,-29.553688,-28.004225,-31.39893,-34.24354,-30.404484,-27.883547,-27.831118,-27.8084,-30.31799,-32.624947,-32.237076,-29.306793,-28.983183,-31.755272,-28.282873,-26.397476,-27.688908,-30.467224,-30.925842,-34.335365,-31.392033,-33.134373,-31.007114,-32.477394,-36.19509,-32.78194,-26.508646,-23.511229,-23.402267,-23.828737,-22.930641,-25.232494,-27.14607,-24.34198,-26.42195,-18.289106,-14.946602,-20.044945,-18.672686,-15.608702,-13.321656,-13.914065,-16.213154,-16.8102,-19.176197,-20.84579,-23.578558,-24.610903,-24.350836,-26.949638,-27.235874,-25.756432,-26.368217,-27.389961,-27.570778,-29.18814,-30.423449,-31.346905,-34.48679,-34.683067,-34.67226,-37.27286,-35.683388,-35.209377,-28.872807,-23.009722,-23.351877,-28.031506,-29.548302,-25.665771,-19.970743,-21.619831,-21.96531,-20.944166,-21.257421,-20.070993,-16.959227,-17.53288,-25.288525,-27.805483,-20.224733,-6.3068743,-3.7460256,0.14954591,5.0138454,6.4065666,7.262829,7.1946173,6.761515,7.386853,5.9200344,-0.26722282,-8.895525,-7.144224,-5.1696577,-7.127788,-1.5568699,1.6456412,-0.6608289,-7.2084002,-11.321359,-14.854554,-16.492527,-14.371591,-16.463364,-16.893476,-16.1202,-15.938276,-16.93233,-19.867558,-19.856369,-17.555025,-21.102802,-25.00554,-21.875538,-4.8619123,1.3337493,2.082982,0.79834783,-3.0254278,-9.464507,-13.606568,-15.851785,-18.110064,-18.608688,-19.406937,-23.042986,-23.788584,-21.021273,-21.128983,-25.04377,-26.868181,-23.937626,-21.962488,-17.561396,-16.310562,-18.318592,-21.71706,-24.828125,-28.116463,-28.140718,-26.887293,-27.282661,-30.16162,-34.642216,-32.89952,-33.04652,-38.510075,-36.5591,-35.5335,-32.84374,-31.358397,-33.26651,-34.068314,-36.076126,-40.351112,-42.864567,-38.852394,-39.46152,-35.61725,-9.093777,4.3290453,4.9635067,-5.1650953,-16.155876,-16.45448,-19.068327,-17.004524,-16.33168,-19.417122,-21.80824,-23.28348,-21.771236,-20.830235,-24.516909,-22.213318,-22.000647,-18.219978,-18.4875,-22.89867,-23.95456,-22.636889,-24.481718,-27.969229,-22.94966,-21.988453,-22.99348,-25.279684,-28.411777,-25.987509,-25.873835,-26.692581,-24.415268,-25.251347,-26.384285,-24.822392,-23.875874,-27.76648,-29.195213,-30.381716,-36.912148,-33.781086,-33.175896,-37.576683,-37.662262,-36.340622,-35.696873,-40.001816,-38.016953,-35.122105,-35.708805,-37.534176,-35.533215,-34.156853,-28.760622,-28.32109,-17.071651,-10.1092415,-9.74198,-12.681381,-15.40862,-16.853966,-18.0537,-18.758244,-19.193466,-21.393566,-27.615547,-30.99401,-31.088211,-34.967354,-34.828896,-31.33352,-31.221285,-33.55432,-34.41442,-33.174187,-36.324253,-39.096313,-38.840843,-30.462719,-24.543762,-17.482067,-17.87797,-20.994907,-15.833512,-16.317976,-19.936922,-24.280659,-32.29401,-32.786804,-33.350452,-35.51475,-36.33516,-37.32351,-34.518642,-31.05972,-33.074142,-35.604965,-27.029781,-25.35178,-28.695114,-33.138966,-35.92301,-33.233128,-24.530695,-23.06496,-26.916962,-31.280983,-31.020493,-34.253098,-39.760605,-46.95204,-45.000248,-39.216892,-25.789272,-18.645536,-19.361452,-26.787607,-34.26734,-32.99459,-27.426971,-27.86604,-14.614674,-6.251185,-4.6866574,-5.9432077,-9.092712,-12.104522,-15.3973875,-13.3990755,-11.2004175,-13.495718,-12.524653,-12.336908,-13.279106,-12.763003,-13.112179,-15.292408,-15.370333,-15.907869,-19.95096,-19.921444,-19.00603,-20.76672,-21.194632,-20.488037,-17.5456,-17.684357,-19.694025,-19.19447,-19.73832,-19.075586,-19.063583,-19.379387,-22.963446,-27.052864,-23.628923,-25.229763,-30.565022,-31.24443,-31.956015,-31.2922,-33.040443,-34.308067,-36.83055,-39.22338,-42.745155,-41.577564,-41.615585,-41.982162,-33.31672,-20.308111,-17.736464,-21.225405,-25.390537,-27.584246,-30.247505,-33.997173,-35.834805,-32.185673,-27.16918,-26.884293,-32.175774,-30.597036,-29.21951,-33.68253,-36.95927,-37.343502,-37.926678,-39.698124,-42.943607,-43.815407,-43.690666,-44.745728,-40.530563,-39.69329,-39.09908,-34.414143,-29.06805,-29.28317,-28.453722,-28.944881,-36.168625,-19.909271,-6.282077,-5.981803,-15.54376,-20.48845,-21.548033,-21.665592,-24.503609,-13.323916,-12.123847,-21.513618,-26.670876,-21.85341,-22.735235,-24.468662,-24.341309,-23.87918,-24.912697,-24.779072,-28.996822,-25.779472,-22.283228,-22.691442,-26.366318,-21.55613,-18.864004,-19.429062,-20.808159,-23.252262,-23.902939,-24.958746,-25.359371,-24.503136,-24.115103,-21.313023,-19.433685,-19.844017,-22.740128,-24.759542,-22.832909,-12.668011,-2.091192,-0.24875456,-7.677732,-14.804692,-14.777504,-17.315647,-16.235552,-18.107166,-12.761879,-2.420952,2.279602,6.0648513,6.955969,6.8788013,7.758207,7.594121,3.4238305,-5.84968,-7.0463686,-9.03046,-12.579359,-10.850502,-7.4092207,-10.520117,-16.784472,-17.272026,-16.79589,-20.678188,-20.752905,-19.830439,-21.253777,-22.527119,-20.44073,-19.37165,-19.954954,-18.900913,-14.970329,-13.692884,-13.316496,-11.728354,-14.957742,-19.594442,-24.009657,-29.177544,-26.711048,-25.711344,-24.502846,-25.406204,-29.62671,-33.94107,-34.6045,-32.27568,-29.966454,-26.38404,-21.710588,-20.657513,-17.187191,-18.982895,-21.747318,-21.728294,-26.714933,-28.458057,-24.20839,-19.038492,-23.513103,-33.14649,-35.59436,-34.52228,-32.022846,-29.612606,-27.548697,-31.67715,-36.72664,-35.176167,-34.67505,-32.225334,-26.625362,-17.811249,-18.672985,-24.316454,-28.028696,-30.377155,-33.61174,-27.239185,-26.701605,-32.200462,-27.900286,-26.689137,-33.033615,-33.94626,-35.235535,-39.11242,-39.75262,-34.483418,-29.64449,-19.670275,-20.928665,-29.728975,-32.71608,-32.67482,-33.362602,-14.083269,-4.607937,-4.844827,-8.334812,-10.415921,-15.356302,-20.100384,-23.152706,-26.750126,-30.085213,-30.709438,-27.124619,-29.095085,-28.92988,-29.883478,-32.930542,-31.77431,-32.184155,-32.332436,-32.07369,-37.155167,-28.497667,-28.052435,-27.358,-29.84519,-27.5205,-29.917051,-31.752995,-30.342869,-23.06356,-12.265185,-10.082398,-11.339695,-12.5391245,-16.166204,-21.276016,-23.900791,-26.804132,-28.789501,-35.46995,-32.286842,-31.708658,-36.59212,-41.356926,-27.553265,-14.695646,-12.720851,-17.931694,-10.554434,2.5158262,10.479691,12.9615345,12.613985,9.804646,6.0074706,1.3885834,-2.0282454,-3.5425172,-6.430544,-8.82785,-12.452702,-14.669111,-11.998432,-12.835711,-12.732838,-11.502119,-9.311908,-13.050014,-13.671331,-13.023779,-16.791433,-17.960793,-15.714613,-11.3237,-9.708413,-13.329915,-13.100949,-11.684753,-14.432594,-19.962168,-21.056782,-21.440224,-23.701666,-22.84983,-25.09633,-25.023825,-23.097918,-22.11608,-21.885508,-23.643656,-21.068935,-23.86987,-24.150238,-25.72908,-28.164337,-27.438515,-27.406694,-25.502094,-24.578226,-25.40062,-24.664888,-24.397785,-26.280699,-26.169544,-24.870209,-24.228056,-24.91037,-26.473257,-31.675398,-24.75636,-19.588428,-22.314327,-16.219,-9.537955,-5.8874316,-2.354673,-3.1515245,-10.26053,-14.701626,-13.47332,-18.025677,-19.951069,-21.313631,-22.043364,-23.883821,-23.046606,-25.450558,-27.335667,-30.678595,-27.659214,-23.129942,-21.170555,-19.676823,-21.951885,-24.79974,-24.945576,-25.375444,-22.409077,-21.621365,-22.131325,-21.93167,-24.110815,-27.146055,-27.447956,-27.613276,-29.525862,-27.350672,-23.980015,-22.311468,-23.337418,-25.42427,-28.021605,-28.384838,-23.612503,-20.322886,-18.539501,-20.74857,-21.657164
-41.875282,-40.40201,-40.7909,-45.305748,-41.209282,-34.812912,-33.886703,-37.334934,-41.8222,-42.42367,-42.315697,-36.35737,-30.90208,-30.62258,-31.280165,-19.161705,-12.052794,-13.968117,-18.006561,-19.928713,-18.983185,-17.838867,-16.640217,-15.680038,-13.71871,-11.822505,-13.999604,-14.882108,-16.306627,-19.020231,-25.07673,-27.778254,-26.824661,-13.819149,-11.44093,-18.42066,-19.085619,-15.810485,-17.937687,-18.170242,-22.83539,-19.799446,-16.867537,-18.142467,-18.552898,-20.698454,-20.052982,-21.052246,-21.748173,-21.921473,-23.525293,-25.041512,-25.699753,-28.520264,-32.118866,-27.532589,-30.555468,-36.155075,-35.067307,-31.835178,-29.560144,-28.068317,-30.376127,-32.68297,-32.33953,-30.43173,-30.98993,-29.308475,-29.95165,-26.81927,-25.992891,-30.585707,-28.001566,-28.585367,-30.03154,-30.944843,-34.55844,-37.614235,-35.293034,-32.91648,-27.722902,-29.160778,-35.26047,-32.77969,-32.497696,-27.995224,-29.268332,-31.324827,-30.159569,-28.302755,-26.238583,-24.303501,-30.420893,-32.18191,-25.32956,-22.139576,-22.768158,-31.01611,-30.808521,-32.862976,-34.514336,-30.646404,-27.742931,-26.57671,-31.103237,-29.450665,-29.774267,-29.263954,-31.545141,-24.964657,-23.022518,-27.491268,-26.008043,-27.590569,-29.357151,-28.187807,-25.505634,-26.596956,-28.313213,-17.219877,-12.553378,-15.434495,-16.717173,-17.354345,-27.592846,-30.708221,-30.175213,-29.368382,-28.749647,-31.577648,-32.815823,-29.84215,-29.650475,-26.815273,-27.695297,-32.75828,-34.22674,-24.908718,-17.785563,-17.180244,-18.36662,-18.844963,-18.383272,-19.10363,-22.099575,-23.079693,-20.315187,-21.170435,-23.424452,-24.01314,-23.411812,-23.256033,-22.649548,-25.275019,-24.476551,-22.666054,-24.476091,-23.262314,-23.002548,-31.01408,-31.062542,-29.224035,-28.999481,-27.131804,-28.564194,-23.336216,-23.902405,-31.944696,-25.834341,-24.36199,-24.142712,-29.831139,-36.933926,-32.795242,-29.356516,-25.939264,-31.315668,-33.795437,-33.25267,-33.401493,-28.863792,-30.192034,-32.948147,-33.5425,-34.760433,-35.235714,-31.672413,-30.245552,-28.039906,-30.277052,-31.291979,-32.079205,-29.63337,-26.537598,-25.177788,-26.011456,-24.633322,-26.127207,-29.309494,-31.830645,-34.37053,-28.332996,-17.829453,-16.911911,-24.595196,-29.514297,-27.085333,-23.911886,-22.90839,-28.596874,-28.757206,-32.152935,-34.265507,-34.133514,-32.4822,-30.31792,-29.081314,-31.472134,-23.287704,-21.183023,-25.700165,-26.367615,-30.66703,-31.347618,-31.951641,-31.362314,-28.171692,-25.221731,-25.438745,-27.361107,-28.700779,-31.079082,-37.469105,-34.217278,-29.594328,-27.95946,-28.333014,-31.623444,-37.179863,-37.813232,-32.066353,-25.89685,-27.475502,-28.519552,-24.325779,-24.4104,-27.022543,-26.945103,-28.72957,-29.794823,-29.76078,-30.162928,-32.56046,-33.996822,-32.649723,-29.591398,-26.00463,-23.306213,-21.931648,-23.30408,-22.01574,-22.782804,-25.371891,-22.680004,-18.624693,-20.60733,-26.8983,-28.275404,-17.62051,-15.454469,-19.490595,-25.863926,-27.952248,-30.329744,-35.414303,-38.623024,-35.12831,-23.517973,-21.413017,-28.061525,-33.30289,-29.656273,-27.804024,-26.015013,-25.859642,-28.88419,-34.45624,-32.465992,-28.851456,-31.472628,-27.413443,-26.998873,-29.49205,-26.152084,-25.969725,-28.386267,-33.51778,-35.764996,-39.15644,-39.175674,-36.410694,-37.372658,-38.964256,-41.047768,-41.773323,-42.736305,-42.022537,-42.597122,-41.587547,-37.570786,-28.239439,-17.997793,-18.975216,-28.716084,-36.971058,-33.082718,-27.64993,-16.190792,-7.5343676,-4.9955626,-4.270157,-4.029141,-4.1174307,-8.413233,-10.408304,-13.312866,-18.489721,-16.424807,-15.696984,-16.070555,-2.051109,7.579996,8.451711,1.4436707,-13.953882,-13.004063,-10.53108,-7.8222127,-6.163323,-8.401048,-9.302069,-12.738403,-15.058048,-14.890967,-17.161049,-18.451376,-15.537954,-16.188179,-17.891941,-19.637482,-19.843603,-19.815006,-17.453587,-13.240167,-7.007757,-1.1969947,-0.19137368,-5.8977404,-19.85366,-16.448414,-12.381901,-15.495287,-20.30697,-21.704124,-21.113806,-20.858353,-10.623482,-3.586056,-3.7116244,-3.1906352,-1.522048,-7.026424,-18.64536,-16.65128,-14.281473,-19.059933,-20.822182,-22.009018,-19.587858,-19.804789,-9.974749,-3.641127,1.8196688,4.2378263,4.551749,2.7024207,-0.67886764,-2.579883,-3.7482643,-3.3209624,-3.6733243,-2.9862967,-1.964432,-2.4237995,-2.5351934,-3.5594616,-5.2810884,-6.112694,-5.3255424,-5.8955674,-7.6090364,-9.377603,-11.053723,-12.258608,-13.157472,-12.018214,-11.659098,-12.006016,-13.116156,-15.960669,-20.893982,-20.41806,-18.329096,-17.03224,-15.973748,-13.840506,-12.222601,-12.227581,-12.04452,-10.958606,-10.530786,-10.9754925,-11.265139,-10.18148,-9.8954525,-10.683309,-9.848012,-9.485705,-9.492295,-9.257767,-8.868519,-8.779716,-8.290578,-7.915259,-7.795091,-8.348261,-8.627787,-8.493861,-8.302429,-8.311513,-8.6371155,-8.941704,-8.915862,-9.047172,-8.677721,-8.556859,-10.109864,-11.436495,-12.74417,-13.913422,-14.74696,-13.921799,-13.653528,-18.621393,-25.775536,-24.466045,-23.748455,-18.43831,-17.29685,-22.07083,-27.408337,-26.886665,-20.002306,-17.382185,-20.991182,-30.440228,-28.756111,-25.147713,-26.383018,-26.89152,-28.60358,-23.359539,-20.794603,-23.599464,-30.231178,-30.962582,-28.143421,-20.18181,-17.036379,-18.28956,-19.14032,-19.781939,-22.30043,-28.382282,-30.050674,-23.995798,-24.21939,-29.42067,-31.413975,-31.326302,-32.2407,-30.866814,-26.09906,-26.62156,-26.504648,-31.027695,-32.59829,-35.4021,-36.404877,-37.239433,-35.581516,-33.81805,-31.539953,-35.164307,-38.474636,-40.43421,-43.547497,-44.189102,-42.231716,-24.873018,-17.828323,-20.767471,-30.649042,-35.96646,-31.704943,-34.166176,-32.950626,-23.409355,-23.436985,-24.251835,-25.97921,-32.188675,-24.221632,-14.988975,-9.173392,-9.861373,-12.655256,-14.376587,-19.515324,-26.458164,-30.011429,-27.06939,-27.085766,-30.839443,-27.89486,-22.299967,-25.44403,-22.543407,-23.667866,-26.56437,-26.376266,-20.064888,-16.815763,-18.925182,-22.477835,-25.810116,-29.53823,-25.11538,-22.755068,-28.760014,-30.2404,-28.30987,-25.437153,-18.771193,-16.992897,-24.101074,-21.046469,-24.66565,-32.193226,-29.53574,-31.962143,-33.23795,-38.42594,-40.262283,-42.369102,-38.548565,-34.564445,-28.947533,-28.117374,-29.186317,-24.69326,-20.394451,-23.71357,-33.642204,-36.202602,-32.87152,-23.395433,-22.419922,-24.342304,-22.16507,-30.317722,-38.61154,-36.11378,-36.678402,-32.504585,-27.862015,-30.255964,-33.306583,-35.59022,-35.308083,-28.540226,-22.568008,-22.000257,-23.630337,-25.454008,-29.112661,-27.110119,-24.381886,-22.658539,-22.835176,-27.366913,-26.13765,-24.065065,-30.275978,-27.575129,-21.91668,-25.886202,-32.724648,-24.741638,-21.402264,-24.253536,-27.715832,-25.639238,-29.333702,-33.163696,-30.82248,-28.314873,-33.6158,-27.676773,-22.842691,-26.609087,-31.071442,-29.883404,-26.468317,-31.11143,-32.71111,-25.998323,-27.107483,-29.074295,-26.436613,-24.1747,-29.225302,-34.201996,-28.453352,-24.058922,-23.401167,-21.366062,-22.009447,-25.44755,-24.307268,-25.87603,-25.52285,-20.827816,-21.310719,-22.362387,-25.52518,-23.285313,-21.215246,-16.891102,-16.643747,-23.668287,-22.389587,-19.428747,-16.335135,-16.640242,-17.810125,-23.374739,-23.18712,-23.073189,-20.803938,-17.035221,-20.26438,-24.227057,-24.086561,-21.868454,-21.775312,-26.987236,-31.516956,-25.70467,-23.966908,-23.248281,-26.285038,-34.127495,-37.0324,-35.782005,-36.185387,-40.39302,-40.539555,-41.660313,-41.419548,-43.282734,-44.76473,-47.482452,-47.129704,-47.9994,-44.97354,-43.082207,-43.764023,-45.887703,-43.561676,-44.243435,-45.199665,-38.076717,-28.347717,-24.39455,-25.802242,-29.949223,-34.94039,-25.729284,-20.687208,-24.045431,-21.004135,-13.687153,-14.813251,-22.559107,-18.459118,-18.823397,-26.89465,-24.252388,-17.185411,-4.952916,-5.321335,-15.384892,-21.608885,-22.077621,-22.1442,-21.984726,-20.55604,-18.31361,-10.581254,-9.55027,-17.52405,-4.313397,0.9083669,-2.2923489,-5.4522266,-8.830326,-12.418743,-15.699324,-12.118922,-9.801237,-11.785642,-17.081291,-20.366056,-12.581951,-7.4528675,-10.246361,-21.30276,-19.763147,-20.090885,-23.103378,-27.611818,-29.238327,-24.798992,-10.114985,-6.560185,-8.911954,-10.604349,-13.616058,-16.45861,-21.037416,-26.63773,-26.626858,-27.11657,-28.014256,-30.962551,-30.38646,-30.047382,-32.6697,-34.406513,-33.485584,-32.056236,-29.815197,-28.660164,-27.848417,-30.014473,-28.118183,-29.077332,-29.436026,-26.57734,-25.655193,-23.403633,-24.36425,-34.208122,-34.206524,-40.90718,-39.252174,-38.53174,-40.142334,-40.613876,-39.202232,-40.818283,-41.203278,-41.87994,-42.8743,-42.646523,-42.90308,-42.30667,-43.384796,-15.703165,0.18602857,6.3826466,5.717436,-0.34265828,-12.24722,-15.001938,-11.94482,-15.462614,-16.440504,-20.606327,-21.009666,-21.32798,-19.844816,-18.84743,-15.881838,-12.7288065,-6.481682,-5.325623,-9.999942,-14.916409,-14.4661665,-19.481298,-24.49308,-21.73258,-22.712044,-24.220959,-26.30962,-28.118637,-26.942772,-23.659582,-24.394676,-24.684017,-24.37534,-24.184978,-23.889912,-24.551306,-26.926056,-26.781528,-28.923262,-30.252937,-30.29588,-31.891495,-36.252113,-34.00866,-33.344204,-34.36892,-34.72364,-33.11017,-36.011272,-35.921074,-34.108536,-34.076035,-32.572563,-27.103205,-28.535826,-24.31079,-24.061016,-29.353292,-31.417866,-31.435429,-29.919312,-29.435598,-29.44848,-23.482147,-22.02386,-29.346483,-33.43384,-35.333824,-35.854156,-32.248047,-30.633957,-34.54039,-35.18801,-33.31378,-32.310013,-35.9512,-40.46984,-37.85375,-27.391449,-21.78833,-18.016195,-20.187662,-12.367597,-6.6981735,-5.5690966,-10.896261,-25.450008,-28.896824,-29.998274,-29.564035,-27.797527,-29.649696,-28.444817,-22.412537,-22.091703,-27.610065,-29.556622,-26.092762,-23.98529,-28.271301,-31.893461,-34.57477,-35.920193,-29.860289,-28.104784,-25.901524,-27.071434,-31.932314,-35.205036,-30.680153,-30.727013,-38.117348,-38.767887,-22.677834,-16.505615,-17.59758,-20.762104,-29.333773,-35.210194,-28.481924,-20.739452,-17.856155,-15.554499,-15.41687,-16.050604,-17.8559,-20.567966,-24.553549,-22.330345,-21.169102,-22.537766,-22.884123,-24.821186,-24.77234,-21.427134,-21.970726,-22.406025,-22.081156,-21.84785,-22.645287,-17.74992,-19.984253,-29.711178,-34.36479,-29.615128,-23.364344,-22.1605,-29.359987,-30.035378,-30.402449,-32.00581,-28.499584,-24.83477,-26.299784,-26.20718,-18.941658,-21.65028,-29.144508,-33.075634,-32.355057,-29.32763,-27.350098,-29.606094,-36.47867,-39.688137,-32.48625,-33.04711,-38.28122,-39.157005,-39.757896,-28.895473,-25.171062,-26.55616,-28.306301,-29.358156,-33.113647,-34.11533,-35.379745,-30.964327,-26.821878,-26.001795,-28.555626,-31.329224,-34.998528,-38.00156,-38.108162,-39.20813,-39.676876,-40.803604,-40.985756,-40.648598,-41.814415,-40.79069,-38.488758,-40.912777,-43.199024,-38.195415,-28.453682,-20.225182,-21.388546,-28.543247,-35.262077,-14.438548,1.2348018,5.190821,3.330164,-0.87208205,-6.3868475,-13.040829,-17.205587,-16.009457,-15.432176,-21.651402,-21.233208,-19.341873,-21.902426,-18.730846,-20.239727,-17.167576,-18.164036,-18.1492,-19.978884,-16.524607,-17.283443,-23.053835,-17.249506,-10.488886,-8.024221,-6.1840506,-5.071149,-7.8337593,-18.119652,-20.642126,-21.588957,-25.262646,-24.625557,-22.2658,-14.961912,-13.947673,-20.564135,-24.290115,-22.535305,-15.903372,-9.352759,-0.019965593,2.4154572,1.293431,-4.4069524,-15.215634,-16.962446,-16.815449,-15.204971,-11.157336,-7.3314514,-4.4197745,-3.0786004,-2.9864922,-2.577282,-4.7138433,-10.078918,-13.483971,-16.489357,-19.173372,-22.544518,-9.228319,1.9465615,3.541205,0.30767772,-3.0792248,-6.2649794,-12.421579,-22.595165,-19.345829,-19.37606,-20.422667,-20.20882,-19.328663,-20.76297,-20.021059,-19.53836,-18.596601,-19.539015,-20.469898,-19.741423,-21.701035,-27.655039,-30.01108,-28.070534,-27.370312,-28.833086,-28.921051,-32.083214,-31.545355,-27.928787,-28.443506,-31.821945,-27.537672,-22.724474,-18.627262,-14.555086,-15.908457,-20.31388,-23.6675,-27.219154,-27.588596,-21.339622,-20.038387,-27.396675,-32.568394,-34.18531,-33.664894,-34.04252,-31.613714,-27.926395,-30.854738,-29.022799,-32.487453,-31.924543,-27.78244,-18.388273,-11.894382,-13.487646,-20.35278,-25.403292,-26.549572,-25.943382,-23.875063,-23.660135,-25.365376,-27.575298,-29.353142,-32.39113,-33.75922,-38.327377,-38.815235,-37.18373,-34.337082,-28.05061,-16.407152,-17.193724,-28.335365,-34.794754,-34.986935,-33.86278,-19.867596,-10.962615,-11.619717,-16.613583,-19.884857,-24.251846,-24.875095,-25.630802,-28.618187,-32.22351,-32.912403,-28.776325,-27.822678,-25.160233,-28.289005,-37.350258,-34.329197,-34.21594,-32.82924,-32.780197,-35.95942,-28.180265,-27.80551,-28.34254,-23.512589,-22.332043,-28.923475,-33.975147,-34.947346,-29.237202,-22.307644,-22.293148,-23.74035,-26.21749,-28.981049,-31.38319,-33.12375,-35.67327,-36.619896,-38.60989,-36.411472,-36.960155,-42.739952,-42.9493,-32.071663,-20.025957,-18.206524,-20.503294,-24.293121,-13.690372,0.2965936,4.4839196,6.8593645,9.734698,11.269945,11.339588,10.067569,10.012386,9.829731,9.840173,8.692463,6.7557316,5.666189,2.9701462,-1.9980979,-2.6119032,-4.9873805,-8.900397,-6.7735033,-6.06452,-7.798471,-9.078912,-12.40276,-9.468304,-7.7891083,-9.700218,-7.396125,-7.463329,-13.104288,-13.607264,-13.494116,-15.2185955,-18.749954,-17.114853,-16.838602,-15.390106,-15.553274,-16.224796,-17.474073,-18.917538,-17.893475,-17.13585,-18.526997,-21.72532,-20.791767,-20.712364,-21.55745,-20.072624,-20.551125,-25.9447,-22.315092,-23.197132,-25.876387,-26.06436,-22.635328,-22.457733,-24.091763,-23.879469,-21.843498,-23.022223,-14.780835,-15.997679,-16.919104,-13.112964,-18.996338,-19.969616,-18.654364,-19.933828,-10.444319,-2.4131567,-2.2505057,-6.9720173,-11.052356,-17.032633,-24.507666,-23.622578,-21.404613,-26.308346,-23.543566,-22.004889,-22.196981,-21.184748,-20.251392,-21.49318,-23.364384,-23.654152,-25.406797,-23.172552,-21.938309,-21.530191,-21.225296,-26.383173,-29.926315,-31.428936,-28.623579,-28.63555,-30.569374,-31.110397,-31.690632,-29.472677,-28.425095,-30.573242,-29.347649,-23.647018,-19.46957,-22.102812,-28.074413,-27.094803
-41.491505,-40.788685,-39.89339,-41.867947,-42.652554,-36.87545,-34.409935,-37.808453,-40.591553,-37.435463,-40.345116,-33.172783,-29.641678,-35.97949,-34.06371,-21.257645,-14.531286,-17.017895,-19.797571,-18.728437,-18.310547,-19.667345,-21.96023,-21.496239,-18.99748,-17.090532,-17.99284,-20.509232,-15.842701,-15.739089,-26.921711,-33.118256,-33.592205,-22.918602,-21.251154,-26.541536,-23.234531,-22.126762,-22.247162,-21.151571,-26.945274,-21.516582,-19.015392,-23.890955,-26.860378,-25.621777,-24.06223,-24.073895,-24.65235,-26.328756,-30.57248,-32.530525,-32.661903,-34.234047,-36.12735,-39.046867,-40.506508,-36.079353,-32.88128,-31.025114,-32.336353,-32.11816,-31.973095,-31.899395,-31.082079,-29.863089,-28.77823,-30.10757,-33.958534,-27.47899,-26.131298,-27.9474,-24.525978,-20.57789,-19.224403,-21.926382,-23.920269,-24.641392,-30.756052,-31.46371,-30.110527,-31.30838,-33.16376,-30.67384,-29.420296,-25.161116,-25.288725,-26.499767,-26.103432,-29.806316,-24.751366,-18.5246,-17.542202,-19.565084,-21.90268,-17.451466,-18.42176,-22.708473,-24.798817,-29.225136,-30.621588,-29.491924,-27.932125,-25.896896,-27.115858,-17.120342,-13.226902,-13.278479,-16.396893,-21.997864,-23.965565,-28.09396,-27.061827,-26.389692,-26.576668,-25.20129,-25.44632,-28.981564,-29.089912,-17.777472,-11.910373,-11.265874,-10.745059,-14.212161,-26.88659,-29.9399,-31.66262,-32.038643,-35.0889,-36.7255,-32.72997,-29.674864,-31.288832,-30.211857,-30.328321,-33.375816,-34.245533,-24.403837,-15.685652,-14.814506,-16.652365,-17.956024,-19.054989,-21.407804,-23.979736,-19.51442,-14.491447,-14.440211,-14.60116,-17.16482,-18.33046,-18.230734,-17.028692,-19.563898,-18.77384,-18.127415,-20.250832,-20.549162,-19.91348,-26.809784,-27.417225,-30.469883,-31.521378,-33.27148,-33.05693,-26.52945,-23.81488,-27.623732,-26.317453,-26.996023,-26.46166,-28.737423,-31.13298,-29.655563,-26.455555,-26.370323,-33.46122,-34.764565,-32.772957,-28.750154,-23.036463,-20.276926,-16.864765,-16.397495,-20.442762,-26.548216,-26.417995,-23.087936,-24.760027,-25.488321,-25.937845,-30.360645,-31.815666,-26.965652,-24.71792,-25.8432,-27.746351,-29.02255,-29.778397,-33.18777,-29.415625,-24.220268,-22.191463,-20.210175,-24.238808,-27.066862,-23.402302,-19.170446,-15.420229,-15.704004,-16.726229,-20.526869,-26.04919,-27.098228,-22.24849,-23.159868,-30.882362,-33.6072,-22.071161,-12.5122175,-10.270576,-10.931332,-13.329581,-17.119467,-22.497417,-29.729137,-26.952723,-24.76125,-24.136673,-24.954231,-30.185745,-29.952187,-32.91259,-28.30922,-28.71787,-32.61821,-32.990498,-34.273994,-35.343735,-35.74779,-34.531982,-31.8785,-30.270403,-24.85437,-22.049248,-23.04407,-29.08126,-30.587093,-30.311625,-29.959114,-27.127733,-27.528048,-33.580383,-33.211678,-25.780891,-25.352821,-25.639187,-24.240246,-22.656857,-20.655659,-15.563498,-18.28889,-21.01657,-20.106352,-14.866904,-18.022894,-21.61772,-21.533253,-18.16808,-18.141376,-24.192352,-24.22798,-27.84849,-27.485317,-30.98981,-33.505173,-33.099083,-26.49254,-24.931229,-29.348337,-32.331814,-29.225048,-29.973604,-31.626362,-30.79138,-29.28201,-31.533192,-32.232704,-32.506332,-27.805069,-27.910435,-26.342344,-28.104246,-28.931896,-25.901081,-25.493896,-32.05525,-35.152977,-36.877132,-37.840363,-35.007004,-36.287785,-37.741867,-40.768887,-39.774014,-40.58525,-45.045124,-43.143864,-42.44612,-35.099102,-24.34063,-8.746887,-4.850217,-5.212347,-7.1307163,-9.3717375,-11.685458,-15.491747,-17.592787,-9.646746,-3.5782442,-2.337206,-3.2489486,-9.254895,-11.8514595,-10.041553,-16.383497,-19.485931,-11.857943,-10.559211,-4.7126203,2.3391037,8.251178,8.963963,5.8662605,3.343849,-1.9017338,-13.051667,-13.913494,-18.683477,-17.477623,-17.30446,-17.1525,-15.615235,-17.399664,-16.15728,-15.417425,-6.180811,-3.148868,-8.75501,-13.407187,-17.599657,-15.569559,-10.817434,-8.563736,-5.4757857,-4.851479,-10.63693,-20.291939,-14.077505,-9.806528,-10.220512,-14.684807,-12.6984005,-12.374172,-16.752907,-17.263376,-10.087418,-6.358944,-6.7830205,-10.60945,-15.13528,-20.716064,-21.585245,-18.14961,-20.273632,-16.598022,-17.350376,-22.864721,-21.678574,-18.223478,-14.482936,-17.451246,-22.596895,-16.567919,-9.828656,-6.9073825,-6.10812,-6.384974,-6.5787277,-7.4027452,-8.329692,-9.972157,-8.576837,-7.5032496,-7.9990673,-9.146019,-9.972004,-9.926629,-11.271821,-12.563596,-13.117249,-13.7216015,-15.099567,-15.375402,-14.778622,-14.8716345,-15.371231,-16.276247,-18.844088,-22.875298,-22.320675,-20.467472,-19.307144,-17.412325,-15.573908,-14.124923,-14.779139,-14.391462,-13.169059,-12.855602,-13.867447,-14.296537,-13.742941,-12.665464,-12.400031,-11.921545,-11.738749,-11.443232,-11.3881645,-11.829782,-11.754285,-10.804911,-10.467827,-10.435188,-10.93337,-11.698332,-11.7545185,-11.21366,-10.859617,-10.858746,-11.119005,-11.282408,-11.357503,-10.619961,-10.3925085,-11.870421,-13.365791,-14.665838,-15.49864,-17.64232,-19.513508,-22.957592,-28.358067,-27.843313,-26.84901,-26.107552,-19.357279,-13.214293,-12.6004305,-18.079681,-21.628712,-19.372992,-19.690907,-24.277557,-31.303959,-29.67102,-24.434406,-22.430424,-22.721357,-21.29329,-23.690655,-25.475533,-24.856937,-26.46617,-27.331657,-29.464138,-20.557465,-19.09976,-22.138407,-25.286703,-25.332493,-22.915958,-29.844288,-28.194582,-15.341406,-11.0848,-11.574791,-14.208052,-16.453163,-17.4505,-21.124454,-23.309057,-25.531942,-29.575006,-31.574547,-32.960064,-32.634613,-31.207792,-31.18306,-35.391125,-32.002556,-30.24273,-36.54652,-37.700256,-42.478214,-45.950348,-44.071964,-39.382603,-18.41,-14.266548,-20.223896,-29.993666,-33.685818,-35.62663,-36.528408,-28.896034,-19.608444,-19.640276,-21.091032,-20.844116,-22.184305,-24.558237,-22.60124,-21.738842,-26.55481,-28.28159,-28.884129,-25.936749,-26.262436,-25.115608,-24.248178,-28.28379,-30.116653,-29.507183,-23.742203,-26.797115,-32.385555,-31.34752,-34.82848,-27.93541,-18.697966,-15.3048725,-18.352169,-24.19921,-33.654156,-32.0436,-25.51216,-21.547644,-24.859306,-24.357594,-22.30394,-16.99434,-14.358087,-18.691853,-24.516602,-16.623186,-18.479736,-28.465359,-28.00418,-29.555101,-34.004482,-34.045464,-32.917953,-34.59453,-33.476444,-30.952208,-28.903437,-29.380783,-31.230791,-19.756374,-17.423286,-25.027437,-32.642624,-33.619114,-34.596817,-29.93674,-26.481522,-24.26929,-24.172169,-30.69614,-36.66767,-36.615223,-39.581482,-30.451424,-24.560797,-27.568914,-29.29614,-30.278412,-33.045357,-25.632305,-21.635912,-23.212914,-24.693787,-26.417105,-28.283749,-25.611961,-21.22276,-18.011631,-16.272686,-14.407497,-14.488792,-17.386415,-27.738293,-29.20741,-24.036932,-23.740873,-27.067041,-17.123987,-15.670791,-18.451132,-19.75549,-18.375422,-21.327593,-21.698467,-19.944847,-20.825521,-22.758038,-15.8842745,-11.462274,-13.368647,-15.386029,-13.60985,-14.152575,-22.061712,-23.290861,-13.598657,-11.757903,-14.114757,-14.506579,-18.913046,-24.01593,-25.234978,-28.217314,-22.612339,-15.761585,-11.640396,-11.836733,-14.773322,-14.9521265,-14.608177,-15.1196375,-15.453816,-18.585789,-19.357742,-20.529625,-16.826433,-9.577626,-7.169605,-8.851316,-13.050606,-13.621166,-14.404909,-10.954719,-13.408643,-20.533201,-27.01397,-28.07885,-27.805693,-24.577312,-21.500427,-22.979454,-25.405651,-25.42076,-19.274473,-20.646538,-23.105925,-22.667313,-23.204895,-22.393162,-25.41339,-26.877253,-30.938862,-32.948536,-35.07685,-37.446064,-36.720245,-40.074646,-41.720352,-40.208187,-42.75982,-42.32138,-41.28321,-39.33078,-42.758057,-46.25408,-45.323048,-46.805958,-44.167618,-42.468994,-44.04242,-46.494137,-38.12534,-25.30869,-22.039186,-25.91301,-33.229603,-34.91686,-24.368725,-11.918354,-10.437912,-15.591622,-4.157221,-1.0179131,-1.202659,-2.2892654,-4.797599,-11.602992,-17.076878,-15.954331,-5.292715,-5.5467587,-12.220276,-16.466587,-19.493244,-20.861053,-24.659954,-27.048592,-25.73533,-20.244976,-20.935144,-22.887188,-12.59241,0.999493,2.5150404,-5.453533,-16.031351,-17.255608,-12.094553,-10.001938,-7.8500743,-7.4375668,-8.821517,-8.548106,-7.186795,-7.1656933,-12.112502,-20.864971,-18.494709,-20.441872,-21.85535,-23.894957,-28.53324,-25.293224,-12.696357,-10.650171,-15.56839,-20.312534,-22.16343,-23.93814,-23.77468,-26.286804,-28.876608,-29.355225,-26.25208,-24.47859,-23.103266,-27.939026,-33.70824,-37.56619,-36.215614,-26.65155,-23.108578,-26.789682,-32.102535,-32.326153,-30.012358,-29.811571,-25.143982,-24.356892,-25.516672,-15.230932,-10.518368,-10.571614,-12.790841,-14.3827305,-16.072098,-19.447584,-20.328093,-17.868034,-14.846313,-13.776446,-14.3214855,-15.231859,-16.545038,-18.971422,-23.055897,-27.128006,-31.07525,-27.903149,-16.630487,-1.2193694,5.8101482,7.0279984,4.919363,3.0390158,0.73119587,-8.56316,-14.119486,-14.891392,-16.313328,-16.12033,-19.21696,-13.093375,-4.2669945,-3.293271,0.182915,2.2836812,3.661811,2.695746,-2.2076116,-12.833718,-14.206879,-12.007534,-9.528464,-9.985963,-13.528396,-13.645039,-12.804195,-8.878558,-5.287386,-3.5979476,-3.1384919,-3.4700003,-2.4936368,-1.9339483,-2.3912544,-3.2816255,-4.3760595,-4.861363,-6.40754,-9.448977,-12.212263,-10.609739,-10.173454,-11.137651,-11.315809,-11.030031,-10.09623,-8.521296,-6.8051176,-7.1740236,-10.200414,-13.697677,-12.792598,-12.050386,-11.595174,-13.329944,-14.4202385,-14.60541,-15.65146,-15.6693125,-14.64897,-15.075034,-15.412482,-14.986292,-13.690737,-13.162596,-13.74519,-14.543581,-16.374243,-16.958212,-15.558641,-15.825041,-17.106726,-18.164104,-18.6789,-16.78384,-13.16622,-13.062563,-17.775791,-19.184597,-8.223976,-2.0079088,-1.8634712,-8.119735,-21.4307,-24.550955,-26.23269,-24.171522,-20.665483,-22.826756,-18.501545,-14.390635,-13.131512,-15.367622,-17.553299,-18.603252,-21.961689,-25.261395,-28.357563,-31.476328,-37.6653,-28.682344,-23.967886,-23.8257,-21.757496,-24.774961,-27.866032,-24.300346,-21.516895,-25.546005,-30.694012,-27.832758,-26.457613,-23.459005,-21.707531,-27.78016,-30.409887,-32.269928,-28.086061,-23.501919,-21.31941,-20.84908,-24.954031,-29.739859,-33.952534,-34.59905,-24.080318,-19.376642,-22.28879,-23.2111,-24.821373,-27.509758,-24.035946,-23.741682,-20.031971,-15.378616,-13.874228,-13.540815,-12.020096,-15.71329,-26.984674,-31.663662,-20.859156,-16.745428,-19.717474,-25.400642,-30.505566,-31.07073,-29.70879,-28.814999,-25.920172,-27.07832,-21.827702,-9.871169,-7.5661798,-9.061067,-12.160835,-14.1817665,-15.611181,-19.36545,-18.429901,-16.14424,-13.398041,-12.928099,-13.595505,-14.664925,-15.651728,-17.051256,-21.702888,-26.14335,-21.724766,-17.607939,-14.887208,-18.037537,-22.664272,-21.645605,-21.428492,-22.607239,-22.428425,-20.229692,-19.859304,-21.489323,-24.099937,-25.596535,-29.223705,-26.361074,-29.59579,-35.712894,-32.659042,-30.228123,-32.611946,-36.89543,-38.85079,-40.057922,-36.9032,-24.497406,-9.23772,-5.9388285,-8.473931,-10.844993,-13.0729885,-9.172575,-2.6024902,0.6921065,0.5489344,-1.0910852,-7.09094,-16.644915,-19.252356,-18.050335,-20.989502,-21.02752,-20.249111,-19.372866,-16.038555,-10.95929,-6.0192437,-5.465809,-8.157359,-13.37636,-16.298527,-18.822147,-21.88947,-14.695682,-5.7428956,-2.734558,-1.3342065,-1.5829438,-5.815032,-18.077515,-21.033386,-20.823374,-23.698614,-26.496479,-25.76659,-20.8564,-18.627525,-21.837482,-18.970598,-16.594334,-16.897976,-14.804921,-10.156561,-7.6228456,-3.8356802,1.3604293,2.5079741,-0.9449279,-1.8662785,-4.1908016,-8.417538,-12.1389065,-12.38871,-14.755529,-18.282543,-15.62292,-16.006725,-18.046944,-19.749191,-24.711811,-28.117836,-25.534754,-16.110043,-6.156619,-1.6278638,-1.8402141,-3.7174544,-7.8061156,-16.468866,-21.863594,-23.094988,-24.680878,-24.022951,-22.30361,-19.47221,-11.04957,-6.661042,-8.086649,-12.645529,-16.543825,-14.841995,-16.943209,-19.900545,-25.375225,-27.054039,-29.58853,-27.256529,-26.09968,-23.44386,-21.543613,-21.581964,-24.195972,-24.711136,-21.328487,-22.030716,-22.928413,-22.457085,-25.988617,-23.700638,-23.385744,-23.5244,-26.615202,-26.266174,-24.165634,-26.985052,-31.866465,-33.878082,-34.725113,-31.98795,-31.719303,-33.509964,-32.673298,-31.994625,-26.593065,-30.23514,-32.728622,-27.527866,-18.204082,-10.481105,-8.268615,-9.516263,-10.371738,-17.08412,-21.704607,-19.633518,-16.733421,-17.760414,-22.917664,-22.542828,-20.028322,-20.676624,-25.721872,-28.88612,-33.998558,-28.997967,-23.66418,-14.718369,-11.593649,-12.806802,-13.89083,-19.52475,-24.438618,-20.503502,-19.694304,-21.774637,-21.816385,-25.034729,-21.108513,-21.208408,-23.722898,-25.148256,-29.56132,-28.735348,-24.99469,-25.476582,-24.312927,-28.410997,-31.784449,-30.90597,-31.1594,-33.18648,-33.036064,-36.983597,-35.38685,-35.05901,-35.29523,-16.080336,-9.737045,-8.696022,-10.3619,-13.948821,-18.038347,-21.535196,-25.614283,-29.483353,-26.564186,-26.656517,-27.332848,-30.27604,-32.343315,-30.150562,-31.205103,-34.95037,-38.018208,-39.860424,-39.253174,-31.706825,-13.925125,-10.022585,-11.195858,-18.365276,-24.398094,-24.724564,-21.166294,-15.708715,-16.421276,-10.795809,-3.772665,1.9035059,5.6244254,7.050618,8.532257,9.612852,10.279645,11.538847,11.927829,10.686332,10.450352,9.757537,9.562293,9.907972,10.029905,10.067602,9.843231,9.256605,9.47134,9.473818,9.143153,9.415457,9.168289,7.945404,6.5011063,4.31851,4.5086355,5.04438,5.321069,4.6337934,3.4999967,1.761733,1.5737424,2.1604931,2.989264,3.9486861,3.111762,2.8404129,3.311725,2.4084024,-0.37444648,-0.578345,0.92442095,1.2490023,0.054559983,1.2443826,1.4431725,1.1215684,0.13707015,1.1907283,1.7905463,0.5083796,-1.891969,-1.692533,0.39363635,-1.8873873,-9.3578615,-12.183853,-12.8566,-16.61116,-18.128908,-20.386742,-19.83609,-12.721348,-5.6812325,-2.7359147,-2.5023522,-3.3948288,-10.315761,-17.797646,-14.992308,-15.819083,-21.734507,-25.526978,-22.115986,-22.966755,-19.919897,-20.161554,-18.74735,-16.756666,-15.803677,-20.221905,-18.303389,-14.158068,-15.768241,-18.399054,-18.841566,-19.570963,-24.879955,-25.880253,-26.84191,-28.225986,-28.372175,-25.769243,-22.25088,-25.384659,-29.477367,-25.059685,-23.683216,-17.866095,-19.286598,-24.538984,-30.278572
-42.613197,-42.616165,-43.276566,-45.127148,-46.689144,-38.123802,-35.192993,-36.96242,-38.5608,-37.012867,-39.22018,-36.19914,-30.722597,-33.82587,-26.73788,-14.7041025,0.060421154,4.3064904,1.0717177,-9.093979,-14.551374,-16.074375,-18.69027,-17.949429,-17.972095,-17.621264,-18.299704,-19.594267,-15.269947,-15.025082,-23.004745,-28.632172,-32.529224,-25.501266,-24.623554,-27.318424,-24.738068,-23.832134,-23.305332,-21.517565,-26.06581,-24.03404,-19.663904,-24.215202,-27.485836,-24.335287,-21.443165,-21.612804,-22.899647,-23.69334,-25.556135,-28.858517,-30.081806,-28.9905,-30.505322,-34.287086,-34.770176,-31.386223,-24.815502,-25.680931,-31.106606,-32.749535,-30.685518,-32.674522,-30.054092,-27.77742,-25.938679,-29.39193,-34.710484,-28.035791,-25.802376,-27.580177,-29.255503,-24.396574,-22.244576,-25.53492,-28.132927,-27.816275,-32.105778,-28.649836,-29.568651,-32.552647,-36.63193,-34.41093,-32.084766,-28.807459,-25.66047,-24.101324,-21.299173,-19.947449,-21.372107,-24.754286,-24.891693,-26.932625,-23.676651,-23.43438,-28.187805,-28.47155,-29.069023,-33.05546,-30.622656,-28.827333,-31.609182,-29.246727,-31.455042,-22.9875,-18.008787,-18.253014,-21.061024,-26.312225,-29.770142,-34.338062,-34.342903,-26.698914,-23.904818,-25.606197,-27.907732,-31.785225,-30.10949,-19.68013,-17.185886,-17.79237,-20.536072,-26.086168,-32.145325,-31.988604,-30.29245,-29.620861,-33.769543,-38.177673,-31.836855,-30.228771,-33.05156,-30.327137,-33.04078,-38.22665,-34.243443,-29.673794,-30.550484,-35.460094,-31.231014,-28.364475,-30.928843,-26.289938,-24.427517,-25.762566,-26.883554,-25.178816,-23.53825,-27.730358,-27.634687,-28.78725,-26.421688,-26.240389,-28.96996,-29.561546,-29.885536,-27.8451,-25.117744,-31.723158,-34.938854,-35.08114,-34.07827,-32.262863,-33.062996,-33.616814,-32.620174,-32.383247,-28.704792,-27.537235,-19.109327,-17.663073,-22.847517,-24.164593,-26.290337,-24.981056,-30.943169,-31.125467,-27.651337,-28.783129,-27.166569,-23.857243,-19.199656,-19.355947,-20.332981,-24.262787,-26.270391,-24.611502,-25.803156,-27.096992,-27.053373,-30.675915,-30.562191,-23.528746,-23.232853,-24.065077,-26.227219,-28.496483,-28.091581,-31.131351,-30.555193,-31.804081,-29.675728,-25.63679,-28.614681,-26.279274,-22.25849,-18.893194,-15.799752,-16.950043,-19.398304,-23.007536,-25.577734,-25.16288,-18.27528,-19.498291,-27.318209,-33.152973,-24.93898,-16.839214,-13.902434,-14.616594,-17.9434,-22.176325,-27.426977,-31.851612,-29.212904,-28.348978,-28.880072,-29.232338,-34.349762,-35.633102,-34.033318,-28.268452,-24.886587,-26.411388,-32.229595,-34.055626,-32.8079,-32.712944,-33.20388,-30.611824,-30.58603,-23.430058,-24.002449,-31.161043,-34.861115,-31.188713,-28.968979,-28.996193,-29.338226,-32.04407,-32.223568,-29.45918,-23.234634,-24.34824,-26.683905,-26.272123,-30.953262,-23.37146,-18.6568,-18.802528,-17.23881,-20.909088,-26.244566,-28.803478,-27.735483,-27.078516,-28.496649,-27.741068,-27.27583,-24.60411,-29.119968,-29.865122,-31.267998,-34.62248,-37.755047,-38.53978,-32.504208,-29.157,-29.901218,-32.003597,-30.281998,-28.460932,-27.757015,-29.259136,-33.47789,-37.24836,-31.538494,-25.279419,-24.44729,-25.258923,-27.4788,-26.334057,-27.829782,-30.08131,-34.949757,-37.12722,-36.954163,-37.88022,-38.95295,-41.5885,-44.4385,-50.829445,-46.80536,-45.56017,-45.613804,-45.18255,-45.322422,-41.771065,-29.47758,-13.874892,-9.271413,-10.055168,-12.495064,-14.752747,-16.502909,-20.233753,-20.301918,-19.10633,-23.487926,-23.457672,-22.294273,-20.301058,-3.035152,3.597709,1.7588292,-4.540123,-5.0290394,-6.131954,-9.999713,-8.281835,-6.8322344,0.13607378,2.9497662,2.0088484,-4.3867836,-13.540556,-14.98808,-18.092993,-18.865017,-22.49158,-16.794298,-17.173866,-18.600105,-19.216373,-17.373402,-7.202037,0.7445684,3.0338435,2.309623,1.9111747,0.7434517,-5.475741,-15.5553055,-16.722801,-16.407404,-18.267038,-25.25288,-20.671177,-16.082129,-15.844359,-17.601206,-17.180475,-17.153076,-17.135784,-17.476992,-21.004425,-18.047918,-19.701046,-14.917336,-15.156254,-21.78159,-17.944271,-16.588558,-23.47637,-20.966518,-16.658297,-19.951962,-23.646288,-21.505634,-19.183786,-22.475552,-25.015636,-23.81746,-22.257345,-18.199387,-16.317087,-18.805246,-24.076204,-23.315603,-22.826117,-25.558393,-22.314919,-22.42488,-26.90794,-26.539661,-30.983257,-31.20346,-27.708767,-29.639032,-30.407734,-30.21566,-29.687122,-32.481045,-34.50007,-29.9912,-31.932821,-34.070312,-32.88201,-33.80873,-30.656197,-31.361675,-34.08168,-34.392193,-33.641056,-34.478363,-33.474365,-29.148512,-28.680584,-32.195698,-29.70248,-26.996887,-30.364368,-34.271523,-35.412235,-37.12755,-42.047916,-41.12633,-36.93312,-36.365383,-38.485867,-35.573906,-36.109943,-40.102646,-36.541866,-33.86708,-33.86628,-35.65396,-39.719116,-37.053898,-34.471264,-31.970112,-24.427418,-24.44371,-29.226673,-36.27687,-35.304974,-34.68252,-34.729992,-34.663933,-35.756195,-31.417263,-28.732788,-36.178165,-36.648785,-32.721317,-28.463202,-25.466888,-25.804825,-29.888725,-33.35979,-33.77868,-29.390509,-30.32574,-32.43581,-32.959087,-25.944344,-24.68299,-23.128769,-25.218351,-30.070347,-36.120922,-33.436314,-30.996048,-31.132088,-27.202736,-23.278805,-24.67258,-26.165648,-26.16423,-22.905636,-18.443619,-21.998955,-26.587076,-19.374004,-15.787009,-16.869062,-20.012148,-21.129025,-21.62345,-23.250366,-20.201437,-22.3844,-26.264645,-29.875353,-35.258476,-36.3376,-35.609364,-35.493996,-36.114227,-33.871807,-38.251675,-45.715492,-43.808914,-42.465485,-48.69915,-50.75299,-43.727016,-21.861065,-18.683832,-26.358818,-33.611153,-34.438465,-33.661194,-36.407978,-26.233955,-5.4770207,0.0975107,-2.1207044,-10.602303,-18.745739,-17.723785,-18.345848,-22.560753,-23.585411,-24.436085,-27.025278,-24.725319,-23.564722,-24.204903,-24.197828,-27.270798,-31.340467,-26.098087,-22.838717,-28.31194,-26.10753,-23.64767,-28.979013,-26.575697,-20.830982,-18.105852,-18.611675,-22.885086,-26.85876,-30.755537,-26.79281,-23.243526,-27.912779,-28.827105,-26.847593,-23.485302,-22.277153,-26.8744,-23.951323,-12.068695,-10.037977,-14.135395,-17.959494,-21.476555,-20.564823,-19.778711,-20.050543,-21.396973,-20.127644,-21.025875,-20.064161,-21.60058,-26.522778,-24.070461,-23.89537,-26.280293,-26.943739,-28.615215,-33.95541,-31.414436,-26.364159,-22.9151,-23.107864,-29.98041,-33.691486,-30.975235,-30.981169,-29.268456,-25.147669,-24.00286,-19.991056,-18.774183,-22.498808,-27.664766,-30.744427,-26.107563,-23.189802,-22.836325,-26.81175,-27.106323,-29.74738,-32.14861,-30.616558,-25.719017,-26.181175,-28.698345,-34.001183,-27.938757,-18.68977,-14.85434,-12.280788,-11.160053,-16.465425,-23.590946,-22.37314,-19.880316,-18.58476,-22.886433,-23.189663,-21.54987,-25.182396,-19.031946,-15.437826,-14.826826,-13.40927,-10.378099,-12.881313,-24.452536,-26.393948,-19.361639,-16.299814,-16.391226,-18.340586,-24.84062,-27.149965,-28.10505,-30.064848,-31.118748,-28.283978,-25.39701,-25.294626,-27.985092,-29.151146,-26.34979,-24.936008,-27.639698,-26.4011,-22.805408,-23.95992,-23.979473,-20.159328,-22.398563,-25.04805,-25.926926,-25.847431,-25.728338,-25.923521,-26.027128,-26.596619,-27.341991,-29.502699,-30.675642,-30.304155,-29.413918,-27.197487,-25.926695,-23.795238,-15.992819,-14.224244,-16.074465,-16.948868,-18.777014,-21.41211,-22.031977,-24.392338,-30.128784,-35.08187,-36.344112,-34.672733,-34.481647,-38.49522,-40.928722,-37.573025,-40.176544,-44.890133,-41.303024,-37.08551,-40.245216,-48.243313,-45.823483,-45.09176,-41.267223,-40.203934,-41.583298,-47.068733,-34.743816,-26.21666,-24.499527,-23.167683,-29.172613,-34.70701,-24.771463,-6.3025866,1.3103428,1.1704559,-3.6285725,-4.357971,-4.1680994,-3.2287884,-5.665827,-14.878646,-17.54414,-16.334702,-9.094564,-9.126477,-12.076606,-16.095837,-18.031372,-19.519705,-21.110378,-21.442535,-23.065113,-22.736914,-21.293764,-19.579103,-16.816977,-9.748694,-6.69822,-10.00672,-18.195976,-18.00283,-14.691439,-15.697421,-20.233526,-26.078781,-24.053019,-20.703524,-18.292316,-20.829063,-25.053001,-19.461712,-15.95148,-18.040321,-17.065968,-18.095787,-18.84502,-18.570627,-14.345389,-14.802273,-22.778769,-24.318819,-24.077566,-25.514242,-26.548935,-27.220173,-29.56423,-29.840519,-26.734678,-19.030659,-18.832909,-26.723122,-32.685093,-35.734997,-32.42557,-26.445087,-20.300987,-20.202724,-24.702456,-27.304367,-26.574875,-28.043629,-29.937727,-29.395864,-28.508394,-21.322323,-15.911551,-15.773944,-17.92995,-20.048042,-21.052238,-23.283194,-24.187347,-21.60622,-18.990726,-18.079302,-18.146862,-19.034464,-20.764448,-23.658943,-28.4407,-33.504528,-36.723324,-32.03402,-27.36243,-24.895813,-15.555834,-4.6304007,-0.6407591,-0.77169335,-4.7778378,-15.40517,-18.896229,-20.32131,-22.254732,-22.769487,-23.239573,-16.723425,-9.091297,-8.25729,-10.362999,-12.643427,-7.732583,-7.143754,-11.43282,-23.126492,-20.717682,-16.570845,-14.622852,-15.178355,-18.280016,-19.529308,-18.803541,-16.642975,-12.026282,-9.244068,-8.139235,-7.8708544,-7.485891,-7.634656,-8.0995865,-8.668347,-9.041838,-9.545496,-10.548742,-12.490115,-14.113594,-13.0955105,-12.802324,-13.783231,-14.539984,-14.90486,-14.811632,-13.186531,-10.945578,-10.6016245,-12.8646755,-16.009977,-15.327412,-14.851642,-14.248496,-15.547007,-16.607626,-16.880829,-17.339472,-16.778008,-16.145308,-16.370363,-17.541307,-18.050974,-17.112888,-15.997164,-16.381008,-17.341578,-19.233095,-19.269955,-17.25514,-18.183277,-19.545677,-21.08559,-22.359524,-23.989555,-21.118631,-16.7534,-18.959074,-20.766657,-18.11508,-17.277815,-15.351039,-14.915358,-23.041193,-30.960712,-30.658863,-27.250729,-22.022314,-26.15702,-26.82742,-28.476536,-27.833052,-27.353212,-26.67468,-25.256823,-28.779259,-31.2049,-31.735422,-29.546703,-26.30439,-22.538921,-24.856146,-28.628677,-29.254694,-31.30707,-31.312706,-33.131634,-33.935905,-31.71642,-32.158157,-31.291256,-28.201132,-30.104267,-35.52746,-31.012985,-31.240475,-32.608128,-32.343613,-25.974028,-20.276836,-19.550728,-20.903557,-23.381498,-28.112907,-32.37637,-28.362991,-22.930435,-20.405033,-21.579288,-25.590149,-28.93284,-25.024433,-24.41582,-21.224163,-20.724419,-20.04684,-22.444733,-26.042568,-25.901817,-32.51867,-35.065777,-28.435896,-21.3241,-19.787443,-22.634983,-28.978943,-27.193869,-28.088081,-30.49783,-28.332834,-29.513569,-25.56527,-14.942742,-12.496848,-14.622328,-18.124382,-19.483347,-20.676214,-23.55806,-22.314552,-19.305683,-17.400312,-17.437378,-18.371971,-19.46851,-20.387905,-21.940228,-26.3194,-31.176105,-25.860483,-21.953304,-20.912628,-24.89764,-30.400753,-28.229656,-29.707453,-25.803444,-22.039738,-21.433733,-22.263687,-23.966522,-26.836155,-30.444908,-33.044224,-30.282013,-32.96139,-38.291645,-35.82734,-34.09384,-36.268204,-39.76299,-40.53807,-39.43124,-37.612343,-27.482023,-13.405611,-9.331251,-11.08972,-13.88863,-17.278646,-20.888062,-19.702358,-21.527245,-22.544655,-19.093082,-21.751596,-29.223612,-25.747213,-24.978588,-28.931503,-20.174006,-18.820436,-24.35656,-24.651844,-20.804272,-18.405626,-16.23323,-12.463495,-11.990619,-17.95501,-21.6199,-22.54225,-19.901407,-17.491814,-19.29386,-21.976118,-24.943638,-29.037361,-34.4614,-38.061626,-35.70318,-33.54461,-27.601082,-24.962885,-24.919699,-24.824642,-24.488695,-15.288227,-7.451735,-6.9615583,-14.298478,-16.995502,-19.238043,-12.309866,2.618586,8.222367,9.238217,8.988474,6.5633416,-1.8267161,-9.0709,-11.048567,-14.407201,-11.48151,-9.840816,-11.565424,-12.168218,-13.147407,-14.384134,-17.152967,-19.689255,-20.926836,-19.489202,-15.920764,-16.04892,-18.664646,-26.78598,-21.089947,-17.16536,-17.87914,-20.824322,-24.914797,-25.027487,-21.780022,-14.612946,-11.183476,-12.982802,-16.709124,-20.19972,-18.95325,-22.546225,-25.180494,-26.79368,-26.876625,-27.470743,-26.48869,-25.154491,-28.29615,-30.084602,-29.073828,-29.601748,-26.864851,-24.95726,-27.999962,-27.608349,-27.572952,-31.689646,-27.043505,-25.549038,-26.041088,-29.246899,-31.164274,-29.996298,-30.975067,-34.48034,-34.930588,-39.709743,-40.38896,-35.620316,-35.90506,-34.933525,-32.663197,-31.329859,-33.237434,-34.682243,-32.291878,-27.21518,-20.183067,-16.82634,-15.25354,-16.678715,-21.157969,-26.228249,-24.092886,-22.592339,-26.99052,-28.557514,-25.472878,-23.352776,-24.781609,-29.33506,-32.220634,-37.01488,-32.52279,-28.444717,-25.225485,-20.804672,-17.9279,-19.438374,-22.15659,-20.949343,-20.876156,-22.033161,-25.043316,-25.935303,-26.686995,-21.8379,-21.626284,-22.832155,-26.53899,-35.87091,-32.355175,-26.646694,-26.9677,-24.38364,-27.616102,-36.208176,-34.446247,-31.831173,-33.133766,-34.52901,-39.25696,-31.371908,-29.89064,-31.83982,-20.904835,-14.647837,-13.262918,-14.664988,-18.50263,-22.780493,-27.364614,-28.06321,-32.550606,-32.22895,-32.253838,-32.753445,-33.365845,-34.547546,-34.721684,-36.74482,-38.98784,-40.0839,-45.07995,-44.302917,-28.926954,-6.439125,2.177421,2.9031234,-2.9663892,-16.352541,-18.761723,-16.626495,-16.585707,-17.165545,-15.868529,-14.811565,-14.146366,-12.028708,-15.855177,-23.107258,-16.922129,-15.424666,-11.413032,-6.5844364,-3.2289448,-1.4882193,-0.6348202,-0.39061403,-0.6688696,-0.87307924,-1.0118952,0.1251138,0.30063513,-0.5453583,-1.3257728,-1.7990549,-2.1778033,-2.162747,-1.7596263,-1.4048536,-2.0336175,-2.0326087,-1.6641259,-1.5137957,-1.6236377,-2.4514415,-4.080822,-4.853751,-4.4040356,-3.6154013,-3.262651,-2.5581968,-1.5413752,-0.8766571,-1.2667937,-2.7356176,-2.6268184,-1.3846196,-1.2527387,-2.2885253,-2.0405397,-1.9118963,-1.7925535,-1.8260334,-0.8390004,0.15103774,-0.569784,-2.9326844,-3.794969,-3.481941,-7.071869,-14.511791,-14.439696,-14.974482,-19.325214,-21.762669,-23.27148,-22.429893,-16.790565,-16.064812,-20.422138,-18.854805,-16.497215,-19.749924,-23.228767,-19.290382,-20.55669,-26.33417,-29.591843,-25.757055,-27.911709,-25.430649,-24.729565,-28.873005,-26.05764,-24.914228,-28.005487,-26.44984,-24.071314,-23.964554,-23.450777,-25.426825,-23.608809,-27.794529,-36.29628,-32.413486,-31.471947,-32.096867,-30.55767,-28.234718,-31.30182,-35.5228,-30.979229,-28.008907,-24.86617,-25.390818,-26.581322,-26.489384
-43.585247,-45.007675,-46.266777,-48.476032,-47.154236,-36.031643,-32.244743,-37.651726,-42.722378,-41.624306,-42.80823,-38.51622,-33.41957,-35.33014,-29.158003,-17.174547,-1.0717906,4.2944326,5.7360654,5.554256,4.8674397,1.9402435,-6.8671155,-10.479406,-11.957244,-16.395744,-15.556773,-12.771197,-9.403474,-8.976737,-17.59979,-19.247196,-18.595001,-17.502563,-12.646121,-15.384344,-19.206453,-20.010355,-19.273499,-15.228704,-18.90057,-19.797493,-14.763022,-19.080284,-23.203693,-22.968307,-20.370586,-21.365015,-22.668688,-24.291805,-25.778908,-25.521461,-27.345163,-24.704212,-26.39695,-28.42272,-30.315636,-24.687943,-19.17107,-19.794157,-26.733215,-32.28245,-32.312454,-25.550278,-20.796604,-19.30912,-21.0659,-23.67614,-30.925829,-30.123486,-29.559616,-30.806072,-26.569708,-20.996103,-25.51926,-35.594044,-38.98978,-39.118835,-35.854042,-30.31656,-28.524017,-27.62126,-30.798796,-34.139023,-33.363422,-28.38453,-24.490791,-19.245558,-15.334776,-13.578883,-16.536602,-20.470127,-22.80154,-28.100773,-27.82319,-27.14196,-25.17268,-22.62286,-24.116394,-26.975382,-29.929146,-28.35658,-30.776892,-30.996487,-34.124004,-37.30116,-32.718018,-31.431797,-27.839802,-25.205132,-30.461857,-36.154514,-33.61449,-24.991138,-20.219875,-21.442965,-22.526367,-24.085415,-27.882795,-22.695448,-18.774054,-17.454302,-19.137388,-27.176178,-33.75937,-31.043453,-29.426449,-24.87899,-25.195278,-28.466444,-26.698727,-25.892122,-29.075872,-26.44321,-29.646082,-33.417187,-30.56812,-29.074743,-31.942389,-35.259228,-34.048992,-26.663435,-26.081089,-26.08051,-26.873882,-29.69769,-31.21585,-34.527744,-36.658783,-41.249664,-41.155453,-41.608513,-39.523922,-37.78979,-36.96654,-34.96721,-34.286747,-33.946285,-33.465553,-40.159725,-40.320786,-36.189636,-33.852154,-30.22402,-33.445183,-37.39382,-34.425102,-34.23904,-29.306276,-28.419788,-19.99154,-17.05573,-21.518295,-25.180256,-28.120628,-26.812939,-32.377007,-30.279596,-25.08498,-28.93909,-36.894104,-35.425014,-34.275024,-34.95237,-34.396683,-34.762646,-29.911995,-24.519249,-22.60107,-28.664045,-31.813166,-33.27401,-29.675484,-23.483925,-26.033594,-24.114656,-23.087238,-24.197386,-27.497347,-28.98391,-29.520302,-33.236572,-30.65592,-26.251715,-29.30498,-23.875952,-15.842205,-12.878195,-11.287636,-11.49658,-15.008277,-17.924755,-21.358479,-23.353287,-25.303469,-24.790823,-23.529724,-22.980804,-23.879421,-22.717506,-23.125227,-25.950167,-28.05952,-29.32676,-33.06024,-30.582151,-29.280176,-27.835835,-26.015888,-28.462814,-32.626434,-32.586346,-32.354923,-28.660297,-23.407888,-22.59874,-30.77881,-36.68219,-34.416595,-35.378212,-32.82968,-26.993587,-25.931725,-23.16881,-27.397087,-32.822014,-34.372356,-34.846542,-29.09161,-26.596828,-31.084858,-32.8621,-31.745855,-27.507,-26.572811,-29.029766,-27.51099,-28.816261,-31.652245,-28.827543,-19.459242,-11.592169,-10.882482,-17.090057,-27.162258,-31.341593,-32.981945,-33.91108,-28.291538,-28.405815,-33.819073,-32.38709,-31.740206,-35.31033,-38.498608,-37.259785,-37.07,-32.66567,-30.123703,-30.933208,-30.64108,-30.221827,-24.791573,-24.214762,-28.482811,-30.398354,-33.038136,-39.916405,-35.088417,-28.463305,-24.885748,-26.395073,-28.881895,-24.778454,-27.91212,-31.912682,-35.04621,-38.40825,-42.999573,-46.413235,-46.466293,-46.43277,-49.344997,-48.29346,-48.974365,-48.258213,-48.06335,-45.956573,-42.08413,-38.90537,-31.733307,-29.087917,-30.262806,-36.681778,-41.05229,-36.554165,-22.58155,-14.435722,-14.863552,-21.27986,-21.478142,-22.622684,-18.873281,-19.167553,-8.789014,1.2802141,5.104908,5.705123,4.553109,-1.9547081,-16.850042,-20.42435,-18.135792,-17.762726,-15.976229,-17.331179,-12.925795,-6.541202,-7.8625293,-9.0909395,-10.635279,-12.368945,-11.698417,-12.967976,-17.458641,-19.996342,-20.691856,-15.090817,-6.8534427,0.74511003,3.7938776,4.056731,2.3159556,-4.627989,-16.403791,-17.427185,-17.106535,-18.976202,-25.839567,-22.693157,-17.994877,-16.96211,-19.000027,-20.39253,-18.72729,-18.739618,-18.253805,-18.413033,-17.259575,-16.54669,-8.642427,-10.418383,-19.521467,-21.937664,-22.305874,-23.997326,-23.050797,-20.127323,-19.271656,-22.385555,-14.65658,-14.157894,-18.436802,-21.568544,-26.873796,-25.16975,-21.687525,-22.04715,-25.180637,-28.034163,-27.824095,-26.247328,-24.522734,-21.533003,-24.086401,-25.698925,-30.586678,-33.930244,-29.63415,-27.817162,-29.123478,-29.249187,-29.895096,-30.516586,-30.290298,-33.2307,-33.35376,-34.211243,-36.54422,-34.195854,-35.23125,-37.150627,-35.1992,-33.022884,-33.717075,-35.339287,-34.0799,-32.021908,-30.0168,-30.446032,-31.2454,-27.445795,-29.351473,-29.852535,-28.830063,-32.597733,-30.980738,-30.829529,-33.047443,-35.998264,-34.67747,-32.823574,-34.560684,-32.80166,-34.233746,-32.581657,-32.654083,-35.49815,-33.315456,-32.682793,-33.441727,-33.161194,-30.008808,-24.406622,-25.725977,-28.819103,-28.569569,-29.427006,-33.615856,-35.746536,-35.875202,-34.045067,-26.87365,-24.574759,-32.612724,-35.176323,-33.524715,-30.114595,-32.89422,-34.19145,-33.51577,-34.03466,-34.477684,-33.214745,-30.29333,-31.22981,-31.06667,-29.036312,-29.181587,-32.506416,-33.476685,-33.40358,-30.421654,-33.655407,-37.926037,-38.87041,-35.19997,-34.260704,-33.21992,-24.16935,-23.22758,-24.427786,-23.15784,-25.409916,-29.682343,-28.425064,-27.47307,-26.773304,-27.493534,-30.115576,-29.270428,-28.653276,-24.69221,-24.671825,-25.823402,-28.616966,-33.694805,-39.448746,-42.46225,-43.006607,-40.101334,-37.541466,-39.315685,-48.01722,-46.835957,-46.167698,-47.610302,-50.123936,-42.029182,-23.407995,-20.70211,-28.625917,-36.133205,-38.427876,-38.946587,-41.302223,-22.552107,-5.816701,1.6753255,2.6702347,0.3555389,-2.1840527,-4.8938494,-12.115749,-16.821037,-16.68882,-18.384773,-18.992413,-20.010052,-20.26621,-13.390002,-8.91513,-14.427811,-25.872229,-20.107107,-18.071146,-21.840506,-19.38103,-18.912203,-21.734467,-24.259296,-19.946932,-19.292538,-20.804428,-21.043146,-17.957533,-14.876276,-14.704484,-18.186853,-24.625225,-27.71929,-29.26033,-31.14128,-31.137768,-28.537018,-28.35499,-16.629463,-12.852617,-13.72176,-15.370497,-17.81063,-18.019234,-18.245579,-17.53386,-17.192633,-18.51955,-19.441437,-19.843746,-21.815079,-22.475391,-22.684666,-27.607107,-21.962526,-19.845535,-24.773369,-31.614151,-29.750664,-27.539978,-25.927374,-24.957573,-32.01719,-29.054375,-20.022663,-16.321634,-17.827913,-24.414637,-26.71055,-27.306273,-28.535082,-28.999235,-28.454401,-28.108963,-23.258724,-23.8769,-26.417246,-25.186237,-24.308252,-29.7052,-31.963257,-30.62845,-31.004429,-31.58983,-33.47622,-35.3629,-26.658113,-18.991428,-19.211905,-17.393036,-15.322334,-21.122074,-31.95593,-29.616207,-23.242313,-14.02165,-10.527105,-9.879561,-12.9063,-23.51923,-22.95744,-18.003447,-17.560211,-16.812027,-18.068123,-23.508709,-29.323368,-31.857641,-31.278107,-31.772964,-33.55806,-33.37308,-32.178516,-28.322521,-30.602962,-30.518515,-25.224035,-27.704279,-27.680075,-26.224716,-29.598951,-30.566048,-29.630798,-27.756655,-26.070395,-14.905111,-10.162889,-10.458075,-12.253201,-16.58671,-23.638302,-25.844501,-25.334503,-26.240808,-30.626991,-32.16005,-30.442425,-28.082176,-28.669327,-29.933813,-28.623222,-26.909245,-25.730572,-28.67172,-29.514437,-27.635195,-22.688005,-21.380976,-26.113874,-27.40894,-22.769716,-22.668257,-22.413836,-25.119259,-33.246147,-39.79818,-40.588833,-41.796875,-42.872635,-42.230385,-42.261257,-42.46277,-43.792374,-45.596104,-47.143707,-45.69715,-43.6605,-47.336143,-47.76805,-46.514202,-43.72164,-45.841484,-49.1984,-49.314594,-31.178585,-24.595186,-22.380772,-22.18406,-26.095858,-31.174643,-27.15921,-15.19807,-2.9416227,2.8220315,4.6962385,4.694764,5.2710285,3.9513245,-3.2217636,-13.003056,-12.659535,-11.394988,-12.102724,-12.171979,-14.456985,-15.094919,-16.68325,-19.766436,-19.477957,-16.34254,-17.987122,-12.814608,-11.667603,-19.243593,-18.10404,-17.396023,-14.709491,-12.19226,-13.263437,-11.909651,-9.224344,-9.96999,-17.675375,-23.611717,-26.682053,-22.250717,-18.975952,-21.810333,-24.892025,-23.515766,-20.851875,-17.517172,-14.563511,-14.967403,-15.635815,-16.236385,-16.908648,-15.916591,-16.222576,-15.371638,-16.687132,-20.290474,-20.244932,-18.958904,-21.91999,-24.28717,-23.25261,-23.64838,-26.587013,-27.82736,-27.784367,-25.322517,-28.551617,-30.304012,-23.625332,-19.698357,-21.689959,-24.229776,-21.591112,-19.904598,-23.19254,-26.771288,-26.219215,-25.415733,-26.525406,-31.684631,-34.657005,-34.639343,-35.2115,-35.944427,-37.28521,-38.345917,-39.84359,-39.55673,-40.48076,-43.2647,-44.55134,-43.823204,-43.744415,-44.984837,-42.92807,-28.115168,-21.976383,-22.910126,-26.650688,-27.00278,-24.677559,-19.147657,-19.197773,-25.75193,-25.361832,-23.353443,-24.98265,-28.405739,-27.587055,-20.263891,-18.989109,-26.298962,-22.35297,-20.083618,-22.684649,-27.84363,-32.92112,-33.679546,-29.28999,-15.97344,-7.6966195,-5.9117146,-5.965225,-7.9499607,-14.164414,-20.5024,-21.136091,-24.0331,-24.693535,-23.26514,-23.974314,-26.502409,-26.801073,-29.614044,-30.467407,-31.465553,-34.20638,-32.746994,-28.874336,-30.225735,-34.764168,-35.432465,-37.38752,-37.15465,-37.115623,-34.81338,-33.403008,-32.67025,-27.034058,-23.98495,-27.10061,-27.247032,-29.23845,-33.344017,-33.752247,-33.71955,-33.75519,-33.209976,-32.509766,-32.069164,-34.197952,-36.691372,-38.242157,-39.325058,-37.3301,-36.277435,-33.61755,-35.698303,-37.075848,-35.64423,-36.344215,-43.070633,-41.25702,-38.71055,-29.975775,-24.001963,-22.634241,-19.097494,-20.504734,-20.085217,-21.38145,-22.243498,-30.27845,-36.152794,-34.51615,-29.88987,-23.938381,-27.830153,-31.282356,-31.51886,-33.570225,-39.17439,-37.40285,-32.761223,-33.9304,-33.479927,-30.62621,-25.200798,-22.65661,-21.467052,-23.990284,-26.02695,-25.919933,-26.641758,-28.8325,-34.92062,-36.05519,-39.828156,-39.7969,-32.997974,-31.282928,-36.225212,-37.201015,-39.50397,-42.742065,-39.03334,-35.651314,-27.211649,-22.389503,-23.653524,-27.012974,-28.088968,-29.072065,-31.271996,-21.287846,-17.712069,-17.851244,-18.433788,-18.771189,-16.079428,-18.050117,-21.566763,-18.96755,-17.52717,-18.604797,-22.958618,-22.899212,-24.69609,-26.41706,-30.117435,-29.618418,-27.77644,-18.55282,-13.900255,-14.157037,-14.244841,-17.350336,-21.72413,-20.318588,-18.584745,-21.32909,-18.343426,-16.207111,-19.373842,-21.917446,-26.576725,-30.122372,-26.251432,-24.695354,-25.985542,-27.05386,-28.090534,-28.993683,-28.881046,-26.905699,-25.468771,-25.368587,-25.623129,-25.768826,-27.567055,-30.940712,-29.51941,-27.896376,-26.612885,-24.291233,-23.912687,-25.579876,-30.828522,-30.841066,-31.154858,-33.458878,-40.11081,-43.22789,-40.45043,-40.022568,-43.070175,-45.90116,-44.773846,-42.023678,-42.79328,-46.398235,-40.826523,-35.225864,-30.445019,-27.061832,-25.558931,-26.70605,-32.09575,-31.614155,-30.4304,-23.772879,-22.679249,-26.412218,-28.808966,-33.547924,-33.221012,-30.244658,-20.966602,-20.1332,-14.647442,-13.929328,-24.530079,-25.920095,-26.69342,-28.249979,-27.212204,-26.239475,-23.978785,-25.446777,-27.839773,-20.535162,-19.671616,-20.747118,-21.625854,-25.04837,-28.428604,-34.187912,-35.667217,-36.86055,-34.86364,-33.151073,-29.389053,-28.540297,-29.826962,-33.367695,-31.631536,-25.174953,-15.635643,-11.233913,-13.0406685,-13.316226,-18.378578,-20.844276,-14.069225,-7.948575,-6.0439973,-5.7946796,-4.969706,-1.4055501,1.2221719,-5.5254908,-11.977996,-15.621228,-20.459381,-20.129341,-13.445634,-16.056177,-22.877602,-23.710928,-27.500048,-25.631178,-25.733063,-27.153534,-26.556997,-26.26291,-28.726429,-25.358982,-22.680418,-25.234268,-28.21085,-29.909271,-26.026346,-25.03499,-26.174156,-28.781002,-31.11137,-30.01788,-30.234283,-34.041782,-31.344921,-29.272097,-23.249285,-18.132952,-18.092321,-23.600525,-33.403233,-38.10045,-38.519707,-39.207325,-41.71833,-38.145466,-37.153553,-33.953938,-33.31387,-28.407501,-26.2397,-31.43961,-27.930365,-26.355698,-30.495148,-33.9796,-37.32668,-34.370724,-35.08145,-39.018284,-42.125862,-43.48879,-44.53231,-39.86508,-30.951012,-29.966413,-34.60891,-39.891094,-34.195236,-32.297012,-29.895897,-23.422014,-24.64158,-28.073578,-30.948635,-31.267221,-28.72016,-22.307634,-16.046303,-16.01009,-17.133862,-21.41121,-21.475834,-19.098524,-19.9988,-21.494322,-26.822613,-31.186604,-31.6357,-26.789967,-25.118353,-23.250816,-24.120806,-24.439459,-23.210785,-21.382671,-22.891333,-26.291922,-25.381336,-27.182646,-25.144243,-22.015911,-21.92094,-26.545307,-33.416016,-32.900665,-31.021872,-31.63909,-31.123596,-30.946882,-35.896694,-34.992023,-35.6774,-29.505764,-25.053978,-25.559044,-28.36752,-28.757118,-32.770496,-33.978054,-31.386173,-34.858086,-40.692562,-41.490932,-37.141254,-27.755749,-27.384302,-28.477621,-31.544415,-34.389515,-37.70041,-34.66663,-28.11396,-27.474031,-31.008627,-37.43392,-38.84069,-43.727013,-44.021397,-26.54691,-11.045153,-4.586761,1.642614,3.275755,-2.805054,-13.372936,-18.139856,-21.05963,-19.915073,-19.454193,-17.124445,-14.578262,-15.431459,-17.98199,-19.353092,-20.172005,-20.134478,-19.9138,-15.146161,-12.818563,-13.299288,-13.911109,-15.261617,-19.578537,-21.722244,-21.312077,-21.002466,-21.655811,-23.697813,-24.337904,-23.457823,-22.840403,-21.082138,-22.447317,-24.706926,-24.62429,-24.163439,-22.547268,-21.635248,-20.691412,-22.588375,-22.198793,-20.574162,-20.467424,-19.95241,-21.634863,-24.745708,-27.619625,-26.473886,-25.05632,-25.241482,-24.88247,-25.50997,-27.358992,-27.399244,-27.016617,-25.425825,-26.923435,-27.83556,-25.34233,-23.57909,-24.568245,-24.238274,-25.384892,-27.842022,-25.902058,-27.95763,-25.839931,-18.705204,-19.83345,-26.647125,-21.901808,-21.290836,-23.99289,-24.488705,-29.107376,-31.574785,-28.744352,-28.151726,-35.400013,-26.76099,-24.08291,-29.092882,-20.453722,-18.935724,-24.872236,-27.270527,-28.075073,-30.290466,-34.456745,-33.358723,-35.31617,-33.71129,-32.61523,-26.969284,-24.776379,-29.242943,-26.841827,-24.246315,-26.351717,-27.388437,-30.41206,-33.580166,-34.621346,-36.027424,-35.543274,-39.30058,-30.342747,-27.154596,-24.243172,-22.578938,-24.160511,-25.735443
-42.190075,-44.50627,-44.966236,-45.376186,-46.04236,-35.04218,-33.274822,-37.964836,-41.14654,-39.114563,-41.82144,-35.26446,-32.417,-38.094475,-30.95463,-20.738256,-14.77351,-14.248663,-7.308881,1.4062722,7.582781,10.526907,9.824776,8.070749,5.214668,-0.72260374,-4.752565,-1.3226728,2.2928271,-0.5584783,-10.860542,-10.5144415,-11.458557,-8.629522,-0.5526616,-0.2481784,-4.907665,-5.5318947,-2.9912376,-3.8927708,-11.582277,-13.056537,-7.2149134,-4.8793626,-6.2889442,-9.578305,-8.655999,-7.6268377,-7.763941,-11.50538,-16.778301,-18.742111,-18.491333,-22.175064,-22.45366,-20.09135,-22.017292,-19.555176,-18.957748,-17.616379,-17.387373,-22.71597,-24.828228,-20.630465,-17.59487,-17.883255,-19.215101,-19.568455,-24.901798,-25.38535,-23.206846,-23.488453,-23.937386,-17.624916,-20.140427,-28.990898,-30.555355,-33.023933,-31.946718,-28.712177,-28.507267,-28.544853,-30.36462,-30.511665,-30.899109,-26.051466,-25.235022,-24.135439,-22.867676,-24.947184,-27.327816,-31.719532,-34.400135,-32.378624,-24.726711,-23.036865,-25.727154,-29.01426,-27.506935,-29.2436,-32.41968,-27.540134,-27.202349,-33.988964,-35.50176,-30.801556,-30.726768,-31.802713,-31.195324,-27.571003,-30.347673,-34.21306,-33.3982,-28.200655,-16.439745,-11.723097,-15.287441,-21.216671,-24.902182,-19.297987,-22.321331,-25.742893,-25.680876,-29.611275,-32.113476,-29.90221,-28.414726,-17.619957,-11.589068,-11.2731,-15.950001,-22.766235,-29.172209,-24.004307,-24.091568,-28.674103,-27.494629,-27.462141,-31.672344,-31.888636,-29.09032,-22.11196,-22.03518,-25.2327,-29.33341,-28.671535,-31.318007,-34.603428,-35.45032,-35.370144,-35.939392,-37.427475,-35.480892,-32.70263,-34.86566,-31.295645,-29.386185,-28.472858,-30.580633,-39.0452,-36.782597,-34.542953,-30.008833,-25.598228,-29.094593,-32.313583,-33.8315,-32.965084,-30.821934,-31.166023,-33.33086,-35.498222,-34.385525,-28.557375,-30.565748,-29.934282,-34.541115,-32.188927,-30.137835,-33.981102,-38.515007,-37.406013,-36.664085,-34.75319,-37.025696,-38.43533,-30.7181,-21.898369,-18.231226,-23.396568,-28.036304,-30.411318,-31.453093,-26.76486,-27.272856,-25.4721,-26.92387,-28.641354,-31.246353,-33.83098,-32.529057,-35.96592,-36.079292,-31.745699,-31.545801,-25.057144,-20.927656,-22.460566,-19.308172,-17.185856,-20.30092,-21.672976,-24.350258,-26.817152,-29.530287,-28.31539,-25.025612,-23.842438,-23.647118,-23.042301,-24.906244,-24.932558,-25.864046,-26.467014,-31.120264,-31.632439,-31.531755,-27.93267,-26.143436,-28.72551,-27.48882,-27.867619,-32.614674,-27.666471,-25.00372,-26.850952,-34.321445,-36.97326,-35.844563,-36.611027,-33.12506,-28.238047,-27.606936,-26.001743,-25.755844,-25.62967,-28.630821,-31.72121,-27.840721,-28.896673,-34.906002,-35.899845,-34.82145,-29.096699,-27.52636,-27.726496,-26.525259,-25.19054,-26.705532,-28.27309,-27.517754,-23.319208,-21.602062,-25.305359,-28.797344,-29.788788,-33.66738,-35.426773,-25.916351,-24.687836,-27.092499,-30.474354,-33.808243,-34.250057,-34.64382,-37.5731,-31.793623,-24.412222,-26.4678,-36.491882,-40.12079,-33.77447,-28.224186,-28.911018,-30.05217,-31.43321,-35.18831,-40.58072,-38.649357,-32.489506,-27.899467,-28.612892,-31.918148,-30.213812,-30.219353,-28.031689,-29.55455,-37.529366,-41.59404,-43.031963,-43.275223,-44.75262,-49.228256,-46.908283,-46.92874,-47.053917,-49.490795,-46.91044,-43.4927,-42.398163,-35.978943,-28.928112,-28.23341,-33.475193,-40.853313,-40.871197,-25.004242,-11.599407,-7.734187,-13.346988,-21.714005,-19.54128,-13.524729,-13.568969,-10.221376,-10.2947035,-13.788258,-9.93836,-8.018643,-12.543107,-19.94026,-16.544472,-18.78144,-22.977867,-25.06933,-20.42163,-13.024939,-4.2964187,2.7694736,1.9379928,-7.9134393,-11.293299,-5.7005115,-8.034429,-19.032804,-21.349834,-21.698591,-20.589176,-16.982973,-15.371408,-14.804058,-18.489258,-14.569789,-13.525271,-19.164654,-20.275856,-13.15116,-12.789396,-24.245758,-21.343834,-17.041304,-19.797237,-24.743462,-24.348316,-24.389647,-20.78471,-16.643227,-14.83918,-18.745758,-11.450921,-3.9837594,-7.6626225,-18.87142,-19.297132,-20.584854,-20.688608,-20.354116,-24.360659,-25.586119,-22.548977,-14.031838,-7.1901917,-4.233112,-3.6313186,-5.375772,-10.169765,-18.230427,-22.7873,-25.756147,-26.058594,-26.388985,-24.203959,-22.518192,-20.14832,-23.31606,-26.152748,-30.547438,-30.1027,-26.877144,-26.624577,-29.920322,-26.470722,-27.65535,-28.986776,-30.766407,-31.027672,-29.16113,-30.368294,-31.427158,-32.28305,-31.484692,-35.15743,-34.91714,-35.972103,-38.14369,-35.913334,-30.734344,-30.534086,-32.09085,-30.251167,-27.932623,-27.106102,-29.622086,-31.325966,-30.267956,-30.149012,-28.39939,-29.77193,-33.974102,-32.519463,-31.671076,-31.550913,-33.076042,-35.61888,-34.744522,-33.02048,-33.155544,-36.48181,-34.254944,-33.874878,-34.499382,-34.01553,-31.098156,-25.897724,-25.603922,-26.495441,-26.834581,-28.681719,-33.388542,-36.523888,-37.44529,-32.616154,-23.891369,-22.501871,-30.789711,-28.218307,-28.031128,-26.1141,-24.252434,-29.219337,-31.634773,-29.904058,-32.24788,-32.209213,-30.742016,-29.038803,-22.238634,-20.625431,-25.985336,-31.611969,-27.195951,-21.76796,-23.494413,-27.60705,-32.44598,-36.388172,-37.048813,-32.273888,-30.467508,-25.804617,-25.965445,-24.421818,-25.106516,-27.932673,-31.086523,-26.199865,-23.925793,-27.407139,-28.622688,-29.160263,-30.914324,-30.294493,-25.136547,-23.367785,-24.033909,-29.161453,-32.540665,-38.867725,-41.95884,-41.31501,-39.463654,-38.87319,-39.89529,-43.57883,-45.043945,-47.057842,-48.26908,-46.072426,-41.89936,-24.75734,-21.8487,-24.424606,-29.307062,-34.713142,-33.04522,-34.941677,-24.516064,-13.086232,-13.672671,-18.16755,-11.516866,-8.811323,-10.200901,-16.513535,-14.207572,-14.739381,-14.964899,-13.0097,-11.245361,-13.837456,-6.497228,3.2361484,3.6694453,-0.9810019,-2.8140736,-5.775535,-15.163051,-14.864701,-13.01815,-12.667128,-16.866924,-18.381031,-20.102924,-21.32064,-20.238247,-18.949945,-18.87446,-19.467014,-20.643873,-24.456806,-25.625227,-25.901644,-28.590668,-27.395334,-24.446516,-26.308636,-19.726484,-19.128807,-24.644468,-28.332794,-30.100374,-30.428436,-31.08414,-31.393888,-31.814224,-30.380516,-26.151836,-24.976261,-25.01314,-22.784101,-20.075333,-23.361427,-24.317116,-23.607449,-28.87046,-33.64898,-32.163597,-31.723974,-30.852528,-27.038773,-27.849905,-29.739407,-26.4678,-22.869635,-21.982952,-26.967678,-29.652555,-30.483837,-35.61809,-31.09811,-28.4535,-29.02697,-20.945255,-22.048058,-27.35667,-28.353237,-30.24487,-26.560059,-27.319931,-30.018318,-33.31242,-30.644566,-29.148102,-31.546783,-29.006783,-20.537188,-21.43718,-27.972145,-31.60426,-30.049675,-29.966747,-32.497143,-30.288857,-25.432127,-18.091032,-17.258474,-22.706764,-28.349226,-21.273304,-21.103104,-23.608425,-26.866167,-28.108147,-25.594923,-30.75763,-33.29386,-28.761703,-29.20731,-33.946175,-37.408024,-30.48106,-24.897673,-27.309496,-28.144129,-21.28683,-18.928696,-17.508162,-16.283484,-16.137894,-15.097237,-16.056877,-16.937191,-14.876217,-13.125856,-8.98477,-8.518278,-10.369941,-15.256718,-18.816164,-18.066761,-19.531534,-19.924513,-20.19376,-21.36008,-25.328213,-27.402779,-28.365862,-27.637617,-28.526665,-26.431265,-23.586206,-25.60914,-30.28064,-25.739685,-25.573097,-26.118229,-26.803307,-28.26354,-26.370974,-24.715187,-24.104595,-24.14834,-31.159365,-38.05588,-40.650177,-43.85061,-40.326252,-39.50439,-41.39349,-43.981766,-44.84159,-43.549137,-41.586525,-43.325428,-43.39303,-45.270706,-46.555714,-48.310642,-49.173325,-50.03208,-48.006134,-47.534737,-30.556316,-23.929537,-20.111067,-19.729942,-26.619265,-31.021202,-22.16724,-16.18829,-19.531559,-14.137821,-7.14155,-3.782908,-3.9868495,-6.4669857,-11.745848,-21.160679,-14.799807,-13.399357,-5.6925964,1.4505413,1.2799877,-3.6120944,-12.083787,-15.169926,-16.554987,-19.519993,-19.668745,-9.501532,-8.216719,-18.438223,-17.561672,-16.16297,-13.100658,-6.2815247,-4.1637473,-0.1895302,2.5089004,-2.1949737,-14.85524,-18.029623,-18.933578,-17.063486,-12.8278265,-15.7560215,-20.970545,-23.336597,-21.021402,-19.861671,-24.793724,-24.94828,-24.126654,-24.636917,-17.478502,-15.58346,-14.441835,-14.637825,-17.196411,-20.100576,-20.66998,-21.203413,-24.03228,-24.11449,-23.280848,-24.671991,-25.311928,-23.59877,-26.523636,-28.11111,-28.594967,-26.670067,-26.71717,-33.301334,-33.20007,-31.421867,-23.155788,-20.988518,-23.301678,-24.661682,-23.948574,-23.055786,-25.037611,-28.515055,-31.192846,-32.0189,-31.7491,-30.548517,-31.723354,-33.74908,-35.0442,-36.478363,-36.942593,-37.889534,-39.281033,-38.65545,-35.071312,-35.33531,-36.3483,-27.444536,-21.19192,-22.839718,-27.737473,-25.578926,-24.805916,-25.895624,-24.73296,-29.057404,-15.186674,-8.280903,-10.182192,-16.315386,-20.339615,-14.660231,-15.957317,-26.020351,-27.39131,-26.421412,-30.235216,-34.96967,-30.391312,-29.177105,-25.425255,-18.910862,-10.429993,-8.279267,-8.240031,-11.986824,-19.136837,-22.023676,-24.321331,-26.014425,-30.74913,-30.324059,-32.223316,-33.344147,-32.22294,-33.191864,-34.89108,-35.87247,-35.86992,-35.117176,-32.38301,-33.159187,-36.450752,-36.083645,-36.694237,-36.38726,-37.26328,-35.457222,-34.094975,-32.87332,-26.30521,-21.306301,-24.426529,-27.754745,-29.345722,-38.277164,-36.28836,-35.25428,-35.349632,-34.304943,-34.87153,-38.01994,-39.21177,-39.677155,-38.645863,-38.645462,-38.90943,-32.892086,-26.341269,-27.966345,-33.678177,-35.25116,-37.12583,-39.545105,-37.453087,-35.809116,-32.841835,-29.354156,-24.156548,-18.056465,-22.629393,-35.31154,-30.9716,-28.559378,-26.804705,-24.428123,-21.930525,-14.331302,-13.187455,-21.129574,-32.362312,-32.6594,-36.128548,-36.23397,-36.275417,-29.652882,-26.987385,-29.64824,-30.435188,-27.542276,-27.75085,-28.848885,-25.550325,-24.248964,-24.224216,-27.199654,-32.180336,-38.63977,-38.242176,-41.312355,-40.503803,-33.022774,-32.069393,-34.750523,-37.07482,-38.258984,-37.673515,-35.27045,-34.211536,-29.598118,-23.089561,-22.780556,-30.059551,-30.34272,-29.517288,-32.070305,-22.343742,-16.758131,-17.551773,-17.487364,-17.415234,-16.636127,-18.681194,-22.259388,-20.08897,-19.929892,-22.85476,-24.797792,-23.002537,-24.847424,-26.816072,-30.530111,-31.330143,-31.342285,-26.646624,-21.779335,-20.538258,-17.280367,-17.577753,-19.56772,-16.906654,-13.878181,-15.458822,-15.677776,-13.840525,-17.13871,-20.257551,-23.880745,-26.886875,-24.082853,-22.479801,-23.948185,-25.305622,-26.358221,-27.578579,-28.14035,-25.857265,-24.30293,-22.854267,-23.970192,-24.87434,-25.562067,-27.423542,-26.997843,-25.244038,-24.492987,-23.464771,-23.56762,-25.857107,-28.970491,-30.320711,-31.758686,-33.231537,-37.829407,-40.5925,-37.45461,-37.27076,-39.617462,-40.92091,-42.64959,-41.274548,-40.773262,-40.91457,-38.376904,-33.409657,-30.65105,-28.918879,-29.811975,-31.09337,-34.44977,-30.851913,-23.947107,-22.340408,-22.02137,-24.194738,-28.278769,-32.865543,-32.612453,-23.14423,-13.069934,-11.265007,-12.241049,-13.903006,-23.61202,-25.545437,-27.175365,-27.332457,-21.751076,-21.837246,-21.809761,-21.818981,-25.782944,-16.688105,-15.943965,-26.90837,-34.57055,-32.100452,-32.07678,-33.412224,-35.877068,-39.67858,-39.02336,-37.712837,-33.84848,-30.730625,-20.675034,-18.404078,-21.284916,-23.969309,-28.229061,-22.352522,-8.3073,-5.4993124,-11.815138,-15.288927,-14.302515,-16.762999,-15.119481,-14.765929,-11.652204,-0.6760659,4.803386,4.7000456,-1.5161123,-4.9689336,-4.761558,-2.341947,-1.8309662,-9.144326,-19.474781,-18.444023,-19.92478,-17.745102,-16.70251,-20.25898,-20.603252,-24.08422,-26.205605,-20.87182,-14.404314,-11.654398,-10.843767,-10.242241,-11.340575,-15.5975895,-19.860815,-25.585331,-25.777561,-25.824041,-27.603882,-28.065502,-25.323883,-26.016552,-27.713182,-25.732462,-23.991035,-25.991194,-26.747969,-30.04709,-30.902931,-30.744667,-31.999807,-33.801517,-37.791744,-36.464733,-34.035076,-27.015379,-25.372171,-26.659071,-23.288155,-25.42877,-29.024021,-32.50752,-33.00053,-32.111267,-30.476173,-32.937866,-38.690224,-43.07377,-40.279198,-35.838886,-27.400963,-27.98085,-33.170193,-38.856674,-34.01709,-31.869114,-31.478882,-28.45022,-29.560778,-31.17216,-32.053722,-32.817448,-30.428457,-24.595844,-19.367344,-18.910568,-20.712437,-25.665865,-25.8596,-21.951086,-22.28943,-24.763983,-31.029667,-29.676504,-29.946716,-27.85381,-26.930788,-30.580158,-37.028282,-32.661304,-32.305546,-34.480053,-29.706005,-32.99076,-37.47924,-32.00292,-24.164795,-21.827457,-24.621521,-29.04319,-32.691265,-31.255157,-28.924595,-24.913307,-23.769064,-31.43981,-34.196056,-34.444878,-35.572033,-31.228647,-26.297438,-27.051294,-28.347054,-27.222427,-29.649223,-32.577515,-34.52499,-36.41073,-33.25035,-34.646267,-37.316772,-28.068495,-25.169697,-24.749878,-27.992792,-33.0925,-34.94687,-32.636536,-28.33424,-28.866434,-31.25334,-37.344543,-38.071682,-41.253563,-42.483795,-28.059542,-18.724642,-16.685436,-11.889151,-2.1006165,2.9804385,4.6138897,1.7188443,-2.42541,-8.633553,-12.465621,-13.680632,-15.250955,-15.402602,-16.502665,-17.278852,-20.35271,-20.1016,-19.809006,-15.427769,-12.82879,-13.793078,-14.272338,-16.015865,-21.831669,-21.8301,-21.681541,-23.181326,-23.694988,-24.818132,-21.693653,-21.564934,-23.035019,-23.711227,-21.624233,-22.918365,-23.70747,-20.94302,-22.46798,-24.674793,-22.758492,-26.63289,-27.992956,-27.59075,-26.295225,-23.450348,-25.790403,-27.399282,-26.34927,-27.240038,-27.9015,-27.38651,-31.3186,-31.354572,-28.125679,-26.406935,-30.245792,-29.035069,-27.852764,-24.871887,-23.417831,-23.54828,-26.471193,-24.940527,-26.58548,-28.013876,-24.965092,-25.614532,-22.986715,-7.846742,-4.483898,-8.692124,-13.713636,-14.31024,-20.631111,-22.874744,-28.731705,-28.360699,-24.464012,-25.125385,-30.26451,-21.993382,-14.895978,-13.097429,-7.501371,-5.93579,-15.190529,-23.269386,-23.208864,-24.238861,-26.33289,-27.505548,-30.241085,-27.100069,-25.849493,-25.02092,-28.57301,-32.133972,-28.36197,-26.479412,-29.092884,-32.759888,-33.996403,-35.005722,-35.187,-37.727493,-38.480064,-36.064713,-31.1308,-27.011707,-22.105963,-23.874844,-25.557224,-25.593206
-40.201454,-41.439205,-41.45615,-39.00581,-39.651695,-32.80298,-31.114672,-31.468384,-34.564995,-41.05111,-44.823414,-40.774612,-38.782402,-40.13504,-26.824211,-18.955473,-14.286684,-15.231084,-19.841358,-19.455181,-14.333355,-1.5613778,5.021719,8.010992,9.899408,10.568766,10.373375,11.156151,10.477425,4.9707413,-2.919905,-2.3942454,-3.7044315,-4.809369,3.739941,7.9987884,8.350212,8.146654,8.096106,5.0395846,-3.6490335,-6.97108,-3.7119386,1.7123485,4.325728,4.938867,5.4237165,5.313776,4.81747,3.8813293,3.6437771,1.8962055,-1.4162109,-3.4599326,-5.0049534,-9.380848,-12.208013,-13.6309,-16.44659,-14.939675,-14.892587,-19.903893,-15.52569,-12.278582,-10.996597,-11.734992,-15.850279,-15.257844,-15.1044855,-18.954098,-17.913483,-16.345535,-17.930843,-16.940372,-16.794937,-19.376385,-22.644863,-27.28379,-26.183704,-29.20514,-29.632215,-26.842024,-27.808289,-27.78687,-23.456131,-19.599188,-20.544588,-21.882994,-22.752293,-26.599266,-28.186516,-29.88879,-30.585356,-28.092415,-25.155666,-26.111897,-28.356524,-30.531734,-31.115322,-31.732576,-31.720905,-28.305809,-27.932817,-31.681961,-35.72144,-31.78361,-29.34274,-30.36681,-28.386162,-24.590782,-24.855888,-31.47065,-29.84364,-27.938326,-21.238441,-15.212925,-15.490445,-20.911207,-23.95961,-17.33493,-20.448425,-24.393513,-20.8852,-20.629028,-21.941431,-22.324505,-20.019463,-11.378394,-5.939042,-6.895257,-12.488957,-21.408632,-31.242464,-19.793974,-12.595721,-12.32258,-13.661002,-15.630037,-24.845062,-29.01163,-24.983597,-17.433762,-17.185905,-22.476004,-26.679756,-26.89886,-28.777063,-33.542614,-34.923073,-31.583635,-32.05455,-34.240932,-32.31405,-30.735218,-30.453749,-28.803684,-30.238153,-28.575037,-27.390041,-33.61771,-35.771835,-35.82419,-30.979275,-26.90446,-28.715004,-33.147575,-36.90041,-33.288948,-31.652554,-33.213707,-31.117222,-30.273922,-30.276854,-29.655523,-30.41858,-28.014364,-33.912388,-36.203987,-32.642014,-30.566105,-26.980083,-25.239162,-23.815195,-22.383204,-24.747002,-32.004566,-27.27868,-17.686623,-11.253791,-10.924872,-12.490002,-14.862333,-21.253263,-26.305782,-28.345322,-29.350918,-23.810028,-19.825436,-22.749348,-32.655735,-33.311127,-33.337154,-28.605745,-28.78541,-29.467579,-26.31908,-23.225843,-25.657413,-29.13246,-29.526596,-29.565374,-32.75798,-33.417427,-29.150488,-28.649529,-31.112839,-32.027943,-35.78392,-30.75581,-28.162693,-24.945301,-20.068699,-24.55041,-24.358034,-21.750734,-24.15314,-22.099613,-20.80201,-21.98739,-24.636286,-25.926687,-26.707478,-28.358286,-26.296865,-28.523767,-27.674353,-28.078882,-32.816643,-36.649075,-36.910496,-32.45635,-28.224382,-28.566814,-27.495186,-28.258442,-29.95113,-33.42628,-31.235525,-27.952652,-25.625437,-28.07037,-34.746723,-31.862923,-32.422615,-30.294727,-25.163204,-27.675259,-30.068268,-25.087242,-24.664972,-25.375883,-26.139847,-26.506004,-23.897789,-21.868372,-25.6666,-31.036835,-32.44907,-24.073784,-23.42669,-28.764372,-30.282307,-33.363075,-37.810295,-41.17537,-39.900555,-35.993732,-31.72387,-30.960245,-34.715595,-33.918648,-34.241478,-28.243597,-24.660952,-27.1245,-30.37762,-35.366703,-38.227524,-35.650936,-33.576744,-29.219572,-28.527302,-30.688065,-27.711115,-28.899181,-29.89365,-31.151878,-32.92522,-38.333622,-42.448048,-40.947018,-41.049175,-42.47901,-46.497364,-46.201866,-46.792633,-44.924393,-43.854378,-45.858955,-43.74341,-35.209385,-29.73994,-30.412807,-37.374973,-40.854755,-38.949867,-28.673286,-14.28306,-4.4506803,-2.9277024,-5.6322517,-5.222385,-6.5153847,-12.466652,-15.593692,-15.573479,-19.156301,-24.18468,-18.479452,-16.15505,-13.456918,-6.5360355,-7.165187,-17.361874,-28.567104,-16.621616,-13.694715,-10.98819,2.1286013,6.17679,4.851426,3.2097926,2.5881646,-3.79881,-17.498543,-16.629353,-15.689627,-17.510475,-16.379436,-16.031553,-16.541048,-17.80831,-17.496521,-9.703873,-4.229004,-1.4665909,-1.4258009,-6.81758,-16.604486,-9.556531,-4.823707,-7.6427674,-13.336586,-11.916228,-13.438846,-16.15557,-11.256261,-5.58477,-5.8661723,-3.8390505,-2.6067634,-9.60909,-15.057382,-17.455732,-19.97038,-21.597996,-19.21007,-21.154083,-24.175375,-19.804626,-14.324869,-11.845396,-5.8591747,-2.1738365,-0.2615773,-0.18253851,-1.4448926,-2.9740212,-3.8147764,-4.4339733,-3.6206317,-3.6456733,-2.6022105,-2.8703947,-4.1078925,-5.019582,-7.425638,-9.54817,-10.162949,-9.909238,-10.949232,-12.57799,-16.410213,-16.74208,-16.098759,-17.783133,-18.811333,-20.872381,-18.376518,-13.97026,-11.48094,-10.305378,-10.340912,-10.342009,-9.783474,-9.797963,-10.24887,-10.199871,-9.721674,-9.72035,-11.013613,-11.4760895,-11.389675,-10.601372,-11.147347,-11.583327,-11.245604,-11.857351,-12.560634,-12.060409,-12.408802,-14.709234,-15.979456,-15.562616,-15.734548,-16.109419,-14.815151,-14.587057,-14.774406,-15.0718775,-14.838402,-14.766531,-15.415441,-15.92725,-17.059586,-18.72119,-19.838154,-21.339317,-21.818163,-20.09984,-16.452421,-14.694019,-15.678786,-21.781841,-28.691675,-25.076849,-25.743303,-16.769537,-11.265544,-11.254053,-13.077261,-14.984432,-19.089598,-24.961723,-27.690235,-28.826336,-23.790178,-21.55597,-23.127739,-23.85412,-17.720764,-15.322727,-21.194475,-22.094019,-22.284967,-23.765585,-25.61574,-23.093346,-20.985535,-24.084274,-26.545183,-25.499943,-22.91103,-22.613657,-29.01599,-26.033379,-24.088654,-27.139782,-27.011137,-27.99984,-31.244879,-27.87367,-25.522957,-25.96926,-30.120382,-33.910328,-34.07648,-37.16514,-39.349586,-37.554348,-35.265118,-37.03402,-34.507603,-33.297478,-32.159767,-31.914654,-34.901882,-36.96494,-39.79733,-19.986174,-9.507087,-7.1683044,-10.806116,-15.072923,-17.503336,-23.615673,-27.194738,-23.336288,-22.72793,-27.06924,-26.547523,-26.663675,-26.138546,-17.337893,-7.6266747,-4.579669,-2.688569,-1.0660206,-1.6723591,-6.994814,-10.776781,-1.8044044,1.2334396,1.7530447,2.2789433,-2.5587752,-13.244347,-12.736156,-8.479595,-4.711279,-3.9766006,-4.345927,-7.540632,-15.211305,-18.474339,-18.919235,-18.019817,-19.851437,-23.106575,-23.320312,-24.313938,-25.391848,-24.207354,-25.003315,-25.756968,-25.588491,-19.071182,-19.963358,-24.698355,-27.480001,-27.275925,-30.154638,-30.209686,-26.683899,-25.536442,-28.242802,-27.063145,-26.300648,-26.613277,-24.82517,-24.1543,-22.307932,-24.193924,-27.802746,-29.717194,-29.477707,-29.964865,-26.682213,-26.312151,-26.35146,-29.439098,-33.408546,-32.742657,-31.314877,-26.007397,-21.560183,-20.3721,-22.823162,-25.819317,-29.266579,-29.131327,-26.333544,-22.605286,-24.589485,-29.505936,-31.036703,-25.889305,-19.043352,-17.185812,-15.778384,-14.393468,-14.092158,-16.678392,-23.979197,-23.444233,-15.705806,-18.794733,-30.273796,-27.16917,-22.890852,-20.023043,-20.055668,-22.226332,-24.29969,-23.853981,-27.367062,-32.552,-22.399359,-15.200516,-18.083649,-25.807646,-29.691725,-25.90787,-23.534079,-30.51404,-26.610785,-20.253866,-20.333096,-19.811348,-24.338806,-32.64227,-29.563292,-31.379251,-29.90594,-26.433771,-21.42829,-16.031286,-13.318395,-13.497438,-13.8221855,-12.698493,-11.575617,-12.416659,-15.541753,-19.54798,-17.45118,-16.88125,-20.707796,-22.069088,-22.083752,-26.183876,-28.659481,-25.114576,-25.807156,-27.327053,-27.053349,-26.322746,-27.453756,-28.878689,-29.336538,-25.002018,-22.208855,-19.580727,-19.798962,-20.165756,-19.673996,-21.083708,-19.497309,-23.453716,-21.932295,-17.089087,-16.741177,-23.746483,-27.672976,-26.9014,-27.549059,-27.61634,-27.950914,-30.407476,-31.712135,-33.187115,-35.344124,-36.153824,-37.472794,-38.838722,-39.80241,-39.142197,-40.04344,-42.261375,-43.728123,-44.09993,-42.08892,-32.462868,-28.484896,-14.842756,-7.7839203,-8.577857,-16.061214,-21.897907,-20.090982,-22.571678,-22.672878,-23.05299,-20.644741,-20.090254,-19.58411,-21.39373,-23.89327,-24.942123,-27.177757,-4.1005716,5.318746,7.681131,7.3406467,6.533708,5.8832684,4.067497,1.9319798,-0.7312122,-0.3916502,-3.300401,-8.722378,-10.064608,-10.650588,-8.771778,-0.9551531,4.281673,4.5938187,1.3638109,-5.773453,-10.437828,-16.73267,-16.071455,-16.406124,-14.103957,-17.222942,-20.515064,-16.701447,-16.27827,-17.248047,-21.429708,-20.802908,-19.91784,-21.835032,-15.275703,-15.151077,-15.75604,-16.099083,-19.270021,-21.555237,-24.52327,-25.466726,-24.405762,-21.951735,-20.760729,-22.135637,-25.479778,-26.471397,-28.226582,-29.756458,-28.19809,-25.704666,-24.71451,-26.052677,-23.79915,-23.748314,-24.927921,-28.594723,-25.626862,-20.073965,-20.265493,-20.15157,-19.525887,-20.501669,-22.536133,-24.543274,-24.709736,-23.086264,-23.887842,-25.509026,-26.645983,-29.268312,-29.30983,-29.007854,-29.790417,-29.55042,-27.783394,-28.302631,-30.32483,-19.562592,-9.925238,-12.174013,-25.344376,-25.084982,-23.19672,-26.53099,-24.412344,-26.691551,-11.005314,1.6520928,5.775149,5.761856,4.1682177,2.19199,-4.1339636,-11.732111,-10.054383,-9.798194,-15.481707,-22.821743,-27.223652,-24.447845,-24.559486,-27.547554,-24.649128,-26.813528,-27.277517,-24.146732,-20.928745,-20.663206,-24.436935,-27.542059,-26.823769,-27.174511,-30.208529,-25.00629,-24.279167,-25.669756,-26.285534,-26.583435,-33.02509,-34.952335,-31.065805,-29.245813,-31.260717,-29.487085,-26.293434,-27.220367,-30.401354,-31.032879,-29.005491,-31.006659,-31.35312,-25.266582,-24.393131,-20.522097,-18.241032,-20.148115,-23.430433,-21.330273,-21.893614,-22.079193,-23.977005,-24.98006,-27.604954,-32.235382,-35.269028,-37.8851,-39.88702,-33.660774,-25.644375,-24.900806,-29.521494,-33.16813,-31.73425,-32.246296,-32.950256,-33.47843,-30.9445,-28.557304,-26.021614,-21.713062,-25.711872,-31.740215,-32.737293,-25.526978,-12.703658,-7.0291896,-6.0440516,-6.4463434,-8.33669,-16.453552,-25.91494,-24.841862,-25.178682,-27.650118,-31.175243,-29.801569,-22.989414,-18.96797,-21.756659,-28.638222,-28.260757,-29.9796,-28.720955,-29.675297,-30.364689,-32.475296,-33.789288,-35.866364,-40.655193,-39.39257,-37.441605,-26.111937,-21.29086,-23.089405,-26.5796,-30.735186,-32.218784,-32.731224,-33.965298,-21.567135,-12.945625,-14.424583,-12.46242,-12.444113,-15.393192,-17.701965,-22.70493,-26.468868,-21.73208,-19.47952,-21.010834,-22.03796,-23.698452,-24.15377,-22.499846,-26.21521,-33.65764,-34.93829,-34.969635,-33.073692,-34.484196,-32.47735,-33.265396,-33.251415,-29.366112,-26.483055,-23.712282,-21.373003,-22.83099,-28.75409,-20.897907,-10.812097,-8.3945,-10.362032,-14.505392,-19.567179,-26.849041,-30.398294,-28.798092,-28.334036,-32.325264,-33.99538,-35.19771,-30.356186,-30.408054,-32.68956,-33.817364,-31.385376,-24.615679,-28.135105,-31.38687,-28.567,-29.575405,-31.480524,-30.789902,-29.141157,-28.018902,-31.790264,-32.712654,-30.108889,-29.963024,-32.12925,-35.429897,-39.147354,-40.56461,-37.686935,-35.907543,-37.117485,-38.62527,-40.484787,-40.270382,-39.31675,-38.071835,-36.851624,-36.59638,-35.868816,-33.127438,-31.259434,-31.8501,-36.275425,-26.714989,-17.036278,-18.414982,-25.71532,-28.626053,-29.800596,-31.247482,-31.595848,-17.887203,-5.3729467,-1.1920725,-2.3017616,-8.646534,-18.156588,-18.289295,-20.813313,-21.576712,-21.475315,-21.02483,-24.074144,-23.903416,-22.3242,-14.808374,-15.101368,-27.477018,-29.998592,-28.646776,-29.234838,-26.794455,-26.727802,-29.284475,-32.95439,-34.001785,-31.473698,-29.8396,-20.30706,-16.580202,-16.36996,-18.699072,-25.739803,-23.3975,-12.819205,-4.364561,-1.575514,-1.6964383,-6.7989836,-17.340681,-16.660175,-17.368,-13.427668,-5.7244086,-1.052358,2.5335023,2.0173345,1.1664205,1.7715707,1.0794736,-2.3649373,-10.952822,-19.40369,-22.552124,-22.427359,-17.580368,-15.648466,-21.369175,-21.569317,-22.978638,-21.781265,-18.205112,-15.161612,-13.231567,-9.62948,-7.793702,-9.463811,-14.353979,-20.340118,-24.233109,-24.645702,-24.438702,-24.394215,-18.563904,-16.501604,-20.932098,-26.370222,-30.050013,-28.554749,-25.72963,-27.120008,-29.233095,-28.13773,-30.530552,-33.22079,-31.262821,-31.266197,-36.541603,-33.48813,-22.731276,-18.538996,-18.8306,-19.19293,-23.925407,-30.976463,-33.23697,-28.625086,-25.652225,-31.201086,-33.20889,-33.81108,-37.77782,-38.845615,-37.96332,-31.210712,-29.850252,-33.346996,-39.813828,-37.625557,-35.791054,-32.767826,-27.620304,-29.340221,-31.54155,-31.665981,-32.81782,-33.963173,-28.617687,-28.941813,-33.43804,-32.918903,-34.365406,-38.277534,-39.164955,-38.725765,-37.918858,-36.820526,-31.984657,-32.542442,-30.06567,-29.960157,-32.05652,-37.63369,-37.773903,-39.913445,-35.259052,-31.681307,-35.611584,-37.938,-33.773457,-29.593027,-30.484182,-33.216064,-35.319496,-36.452827,-32.215225,-27.126377,-16.478497,-10.956366,-10.813791,-12.366079,-13.723798,-17.28518,-24.257307,-28.322758,-35.816498,-36.774883,-35.558453,-35.770794,-34.668888,-33.255997,-29.98295,-28.561497,-29.46051,-28.366825,-28.117382,-29.133419,-30.594307,-34.06444,-35.75373,-37.485306,-35.579464,-35.467636,-38.35211,-40.837326,-36.725025,-37.371532,-44.338165,-44.797176,-33.471634,-20.512245,-18.640594,-20.306175,-17.36187,-2.3834305,7.485125,10.056261,9.740478,8.043192,4.929736,3.4609363,0.44920844,-3.7417696,-6.046179,-7.600133,-14.43469,-18.286777,-14.16275,-9.297629,-8.500536,-10.390608,-10.68883,-14.491386,-18.580662,-16.345703,-13.607708,-14.842905,-19.633217,-22.536804,-16.517143,-13.115837,-12.937405,-12.063302,-14.731726,-17.427479,-23.035557,-21.369202,-22.350384,-20.463566,-18.658096,-20.460348,-22.763138,-20.906744,-19.96436,-21.978596,-23.51948,-24.119495,-21.915768,-23.96601,-24.83943,-26.047785,-26.500267,-23.255503,-25.092829,-26.696014,-24.027985,-22.878523,-23.135597,-22.56784,-24.285671,-25.630966,-27.47998,-27.09755,-27.283684,-27.87471,-20.281574,-21.251957,-20.914513,-7.046203,-0.081151426,0.9049975,-1.0483348,-7.6461067,-15.319084,-15.026844,-17.698729,-17.91329,-18.691525,-23.615314,-27.191448,-21.82352,-11.302727,-6.065057,-4.0731974,-5.782462,-14.874016,-21.128988,-22.914381,-21.074732,-22.548685,-29.569725,-26.04947,-24.000046,-21.65057,-20.989079,-24.432064,-27.737923,-23.112656,-22.8638,-22.412336,-22.786474,-21.887943,-22.575623,-24.135162,-21.545853,-20.16656,-21.52383,-26.5206,-27.3472,-24.26815,-22.555862,-23.637007,-24.167427
-39.762043,-39.18259,-40.677345,-38.93717,-38.336357,-34.007347,-32.561413,-34.828915,-35.872314,-38.406822,-41.52161,-40.263535,-32.807686,-30.932224,-28.486406,-18.532978,-12.067631,-13.466879,-17.33895,-20.06749,-19.710062,-17.417223,-16.43164,-10.747816,-6.1275744,-2.5813735,0.16035068,-0.2752695,-4.448254,-10.335202,-16.161976,-17.81102,-16.873291,-15.512491,-10.834597,-7.367809,-2.902522,-3.4448524,-6.74206,-9.248634,-15.683107,-21.413055,-18.927528,-15.314636,-9.840241,-6.93812,-6.4521236,-7.1018972,-8.166533,-7.04376,-4.800503,-5.717574,-8.178617,-9.819267,-11.917446,-15.325318,-19.908455,-20.719841,-25.13404,-22.630814,-20.17628,-23.820784,-23.174904,-22.176834,-24.744396,-26.091427,-27.413048,-23.758928,-24.034485,-25.84914,-25.549164,-26.792135,-27.818174,-27.715805,-26.588047,-26.527939,-28.909172,-32.994686,-35.898018,-29.338821,-26.419128,-26.475447,-32.713608,-31.047302,-27.27882,-24.16007,-24.326862,-27.636337,-31.860554,-33.2814,-25.957163,-21.803932,-24.29798,-27.968342,-25.796478,-23.66334,-25.138279,-24.556713,-26.825638,-31.484879,-31.94838,-30.527798,-32.161423,-32.255413,-32.88108,-36.05919,-32.822895,-30.708038,-30.448057,-27.444225,-26.87623,-31.541481,-29.722218,-28.12483,-28.664076,-28.970652,-27.163136,-28.835194,-24.92258,-16.859594,-16.217997,-20.598053,-19.856207,-18.349182,-19.473484,-20.326014,-17.607681,-17.148455,-21.62719,-26.725636,-32.39963,-34.779213,-34.195816,-25.200085,-18.457441,-16.883152,-18.978083,-22.088795,-28.252495,-27.55246,-22.38132,-19.61438,-23.415232,-26.487183,-24.913864,-21.899223,-21.067822,-22.713589,-25.376904,-26.22026,-25.506931,-25.227182,-27.254837,-28.89454,-30.248564,-30.746737,-31.505722,-31.927107,-31.030167,-33.578506,-36.67128,-36.030357,-32.900043,-29.4137,-31.30386,-35.736946,-36.421257,-34.806732,-30.823156,-27.973604,-21.936825,-22.842678,-24.588053,-25.685966,-24.337578,-25.314264,-29.897137,-31.26815,-32.230198,-28.747723,-25.232344,-21.596817,-18.7706,-17.88723,-19.397778,-27.025589,-28.40741,-21.970663,-19.419071,-15.242292,-15.422772,-18.330376,-23.37282,-25.467297,-27.984715,-27.250128,-27.088226,-24.875004,-26.514984,-31.971502,-32.099525,-23.91466,-19.01377,-23.24089,-25.564793,-20.906637,-19.946331,-22.620377,-24.144,-24.534971,-28.371887,-32.967857,-29.264795,-22.008734,-16.2878,-19.414885,-29.577976,-30.672768,-29.538544,-28.055866,-23.394089,-21.10795,-27.806093,-23.419619,-20.351553,-22.229591,-20.237904,-20.321598,-21.319557,-22.866188,-24.500732,-24.80939,-25.650663,-22.902327,-24.573105,-26.95611,-30.9691,-39.64814,-36.352707,-34.47859,-34.358025,-28.950012,-25.953047,-26.545198,-32.23881,-32.54225,-31.687683,-32.97689,-30.696072,-26.805035,-27.893522,-32.66624,-32.648655,-28.602667,-23.379717,-22.83283,-28.308544,-28.786337,-26.421925,-24.795382,-21.638983,-21.445671,-24.57401,-26.185015,-27.270746,-30.392525,-30.266445,-31.333782,-29.837454,-26.292408,-26.201233,-24.663391,-23.855865,-30.32612,-32.313087,-29.502327,-30.670658,-32.53717,-29.851732,-27.290174,-25.918373,-29.185934,-28.665966,-27.169483,-28.392809,-30.739204,-34.292778,-31.197617,-18.524815,-15.141819,-20.020191,-27.586807,-29.064793,-26.68022,-28.325298,-27.616993,-29.721909,-30.584587,-32.088303,-32.946095,-32.789284,-34.639305,-35.26925,-37.084118,-38.674553,-40.33093,-38.046795,-35.066227,-33.43835,-37.02034,-36.22286,-31.44541,-28.472584,-28.410366,-31.41323,-33.64756,-29.954805,-25.516901,-15.5206375,-8.211278,-5.1562586,-3.03393,-4.2812853,-12.048422,-13.652505,-13.503466,-17.157757,-23.74688,-14.109625,-12.850042,-7.196188,1.9690344,3.9572046,-0.8048532,-12.162907,-12.993286,-10.266589,-15.350617,-12.064552,-3.2057137,1.5355918,1.8360844,-1.945356,-13.166937,-19.770111,-17.710297,-17.042616,-9.794195,-7.004957,-12.2963,-16.04814,-16.840275,-15.318202,-6.567067,-4.5718746,-5.283981,-6.5179205,-12.465657,-20.9433,-15.424634,-11.06743,-10.25432,-12.094896,-11.795988,-13.885699,-18.37674,-17.536179,-10.861512,-7.4874477,-8.145001,-12.347662,-15.880062,-16.981846,-21.095259,-20.620605,-22.445095,-22.577658,-23.343742,-24.232395,-20.786518,-15.764643,-16.618822,-21.366537,-21.957159,-19.346064,-11.302677,-7.2232776,-6.5536685,-7.0185776,-7.300613,-7.6004686,-8.731705,-9.125408,-8.426179,-8.50231,-9.215424,-10.8938875,-12.901241,-14.088578,-14.500636,-14.959063,-15.905522,-17.974245,-17.980644,-18.210732,-19.983898,-21.817505,-23.26677,-20.436615,-16.232647,-13.74025,-12.730162,-12.444653,-12.317602,-11.437302,-11.108419,-11.655912,-12.137078,-11.855495,-11.58774,-12.830628,-13.942371,-14.101015,-13.410024,-13.272243,-13.221338,-13.099796,-13.754929,-14.1050415,-13.757625,-14.80872,-17.307892,-18.367785,-17.64136,-17.97207,-18.46835,-17.610107,-17.457264,-17.31254,-17.15912,-16.685526,-16.745892,-17.003489,-16.685816,-18.315804,-19.86985,-21.17092,-22.359245,-23.203955,-22.242691,-19.621891,-18.658005,-22.275675,-29.600788,-31.840069,-27.018587,-26.571123,-20.049751,-14.375745,-13.36059,-16.400537,-21.095102,-26.62605,-29.15224,-30.283134,-30.698988,-28.806374,-28.526176,-24.131203,-22.385366,-25.050007,-25.373302,-27.122858,-24.683388,-25.127357,-26.926025,-21.423424,-20.807716,-23.80259,-24.285065,-22.518951,-24.757814,-26.176779,-25.128899,-26.672441,-26.754465,-24.775972,-26.05185,-24.441826,-23.762285,-29.59394,-30.662603,-26.227057,-24.57436,-26.707125,-26.713383,-27.169239,-28.312283,-28.749004,-31.310352,-32.95044,-32.00374,-31.567486,-32.686596,-31.85632,-30.595686,-31.906685,-36.501953,-40.539833,-23.74809,-14.264245,-10.215777,-13.492012,-20.433702,-21.147484,-25.565784,-29.54757,-25.186722,-23.589037,-21.753378,-21.35371,-24.591696,-25.104979,-23.395962,-16.918026,-14.509434,-13.505343,-13.890023,-16.113163,-21.255669,-21.580921,-20.062931,-23.98745,-21.129288,-18.372885,-18.181625,-17.005484,-13.509174,-15.960257,-15.586124,-10.942096,-9.086788,-10.463373,-15.752705,-18.960938,-18.843119,-20.137709,-19.080154,-19.779575,-23.537561,-28.571444,-29.325476,-26.263542,-22.696524,-23.552109,-25.907059,-17.74287,-18.89306,-30.942934,-33.168324,-32.384117,-34.548233,-34.80953,-31.117542,-30.30156,-33.303776,-30.96266,-27.733603,-26.3696,-25.506947,-22.221962,-20.175652,-25.343931,-28.677614,-29.068539,-30.481596,-27.110493,-28.02303,-27.951061,-30.459846,-34.573635,-35.80315,-33.663773,-31.771858,-24.104317,-17.615622,-16.42469,-18.386162,-21.663124,-24.872437,-22.341814,-21.098206,-22.44849,-24.53346,-29.41532,-32.720417,-26.143494,-22.693848,-22.745491,-18.355158,-15.753131,-16.12337,-17.8242,-22.258533,-19.096249,-12.24748,-15.838425,-27.110668,-22.84092,-19.2924,-16.944935,-16.822691,-16.463821,-16.21841,-19.493801,-24.134047,-27.478018,-21.587809,-13.169716,-12.32483,-18.988876,-23.812181,-18.60072,-16.34662,-24.087418,-27.872353,-25.02153,-22.441599,-21.751198,-25.732775,-33.79227,-31.790533,-32.87147,-28.79428,-27.461746,-26.484385,-21.637972,-17.333866,-16.812298,-19.530636,-18.325882,-16.4212,-17.695372,-20.128937,-23.203194,-27.927168,-30.483723,-31.869926,-30.253351,-30.322754,-32.62899,-31.228676,-32.269306,-31.43483,-32.629284,-30.578396,-26.048351,-26.143543,-28.940027,-31.225336,-26.364573,-21.524336,-20.036575,-20.340366,-19.864445,-18.985874,-22.17384,-24.55616,-23.611076,-19.554977,-20.244202,-20.133797,-22.457859,-25.49038,-25.014904,-24.975836,-24.519865,-24.26511,-26.744347,-28.820162,-30.32402,-33.22291,-34.669792,-35.18505,-36.135303,-37.376926,-38.289635,-39.96201,-40.53042,-40.84726,-41.36338,-39.870125,-34.059864,-33.013874,-18.418148,-10.657217,-10.576229,-18.072285,-21.75608,-10.05101,-9.065775,-18.782442,-26.26743,-23.097435,-19.873816,-17.400267,-17.923613,-23.625324,-26.802715,-25.126017,-11.232645,-8.510322,-10.652855,-5.6460075,-1.4923472,0.9388897,1.9942641,2.1399655,1.9903569,1.5178549,-3.451784,-9.642141,-10.435447,-7.6074114,-8.416118,-12.617224,-8.733412,-9.959476,-9.850594,-13.148977,-13.822785,-16.514126,-17.53973,-15.689325,-12.115339,-12.923019,-18.20252,-24.05376,-23.407265,-22.641125,-24.722538,-25.116102,-25.115377,-26.34799,-18.699223,-19.08331,-26.415903,-26.58557,-25.52661,-25.189627,-27.262836,-29.002728,-30.588999,-30.821758,-23.723333,-20.498926,-22.482124,-25.992832,-30.544552,-31.734858,-33.104088,-32.517403,-25.455484,-21.673014,-18.676266,-19.936375,-22.24543,-28.562286,-30.251112,-27.943754,-26.928463,-27.768482,-28.297995,-28.747065,-29.028152,-28.305923,-28.509258,-31.840466,-32.58702,-32.096878,-33.73779,-33.127087,-33.713406,-36.13005,-36.06224,-34.98958,-35.878662,-36.36381,-37.33454,-16.874554,-2.9458501,-1.1453464,-9.260448,-19.723764,-17.96275,-17.864407,-16.91947,-18.969795,-19.126165,-9.022034,-3.6801624,-1.9426372,-1.9123007,-3.920015,-10.719136,-17.644842,-17.383951,-18.093653,-21.871641,-25.683167,-28.212795,-28.61212,-29.353146,-31.171206,-30.808317,-30.146742,-29.78242,-28.799393,-29.181911,-28.33292,-27.61089,-28.880074,-28.361101,-29.044073,-33.04732,-33.429043,-34.715405,-32.312973,-31.904049,-33.004795,-35.881077,-36.091644,-34.590153,-33.098263,-34.9276,-33.558296,-31.356276,-31.778034,-33.66182,-33.958885,-35.834908,-38.09395,-35.212444,-28.106234,-25.641651,-19.881437,-16.487791,-15.298127,-18.692934,-17.413479,-18.67186,-19.247816,-21.013758,-21.156729,-23.759909,-30.18774,-34.53618,-37.49065,-39.20129,-34.13718,-31.451427,-33.706963,-35.542076,-36.43595,-35.666767,-34.258423,-35.94356,-35.42948,-34.284485,-29.188225,-28.31366,-29.144028,-30.098124,-31.257326,-32.764202,-28.685112,-20.058956,-15.22962,-15.03394,-21.211796,-23.36224,-26.180828,-33.044952,-30.84053,-30.827534,-35.23834,-36.79748,-26.492287,-22.528572,-23.332159,-26.84468,-34.921803,-34.99179,-34.150192,-28.002724,-24.98615,-27.538158,-30.971544,-34.284904,-37.846046,-37.11319,-37.775806,-38.186337,-21.989597,-15.671131,-17.111637,-20.591928,-23.686985,-28.066635,-31.314392,-31.210794,-18.487038,-9.635935,-9.197177,-7.107854,-7.251792,-9.949785,-13.180592,-17.953823,-23.722485,-24.968176,-21.713715,-21.94658,-23.641222,-25.781336,-26.287605,-21.156595,-21.91327,-24.208565,-23.367573,-28.020103,-33.352592,-33.177177,-32.19561,-28.617794,-22.616217,-24.494312,-30.211807,-26.48616,-23.322477,-25.360077,-29.143608,-26.851528,-26.414753,-23.996471,-24.910376,-25.20239,-27.193678,-32.462147,-32.042587,-34.02602,-34.487537,-33.70114,-38.477215,-41.263725,-39.943054,-42.788834,-44.859047,-42.43216,-31.687523,-21.854277,-22.128979,-28.015146,-32.339035,-33.547314,-35.14358,-36.0719,-32.914955,-33.03089,-33.7231,-34.47558,-35.045017,-34.76481,-35.49374,-35.176506,-37.56173,-41.77584,-41.561417,-41.21935,-43.794098,-44.332104,-46.495865,-44.974133,-43.173122,-45.59324,-45.64279,-41.831852,-37.998356,-32.44474,-31.48708,-32.231934,-39.630302,-22.305653,-8.85783,-8.45926,-18.898245,-27.532047,-22.712368,-21.991932,-23.929184,-19.366179,-13.013263,-12.725765,-14.734776,-19.063812,-26.621704,-28.24789,-28.945278,-29.080833,-26.9622,-27.362623,-29.355106,-29.117105,-25.916153,-19.676395,-21.98738,-32.120186,-31.395386,-29.457624,-31.385204,-35.818428,-36.08315,-36.093407,-33.270756,-32.745228,-33.103745,-30.793606,-30.30549,-24.720755,-17.52154,-15.247858,-15.957254,-16.831495,-19.151474,-14.636754,-10.764757,-7.5266337,-3.4214118,-1.1224298,-5.658087,-8.084932,-11.027023,-11.717918,-12.859082,-9.606243,-11.823779,-18.879984,-15.3871355,-15.334532,-16.106735,-20.264408,-25.85764,-23.505964,-24.075283,-25.90842,-23.40128,-26.835928,-27.408056,-25.32193,-27.886665,-28.871088,-27.11316,-30.816425,-32.509483,-32.04676,-32.44082,-29.031763,-26.28003,-27.396893,-28.54607,-25.836224,-20.26548,-18.4653,-20.452688,-24.61277,-26.363022,-28.184698,-27.99319,-28.251326,-26.875824,-28.980995,-32.242615,-28.78232,-28.07737,-31.263493,-32.360683,-33.459717,-30.001232,-23.139473,-18.830046,-19.322472,-20.459517,-25.647593,-31.855717,-31.027718,-26.68195,-25.966902,-32.146717,-32.89146,-34.803146,-37.11458,-37.917515,-37.36945,-34.254536,-33.981106,-35.597416,-37.546963,-37.234608,-34.522278,-32.134243,-27.689342,-27.547989,-31.339458,-33.184235,-32.88377,-27.283089,-23.673874,-27.503208,-32.287727,-32.6214,-33.409725,-35.83071,-38.934143,-40.3545,-38.816044,-40.754604,-37.78482,-36.61107,-27.382143,-26.966333,-32.270535,-36.875977,-37.360886,-39.48225,-33.15451,-29.245413,-34.456287,-40.512535,-29.70922,-22.585472,-21.545261,-25.57105,-31.00357,-34.285908,-35.464622,-30.830662,-13.845627,-8.056357,-7.874436,-9.014472,-10.15526,-13.798285,-21.029903,-24.40889,-32.313343,-32.174923,-31.27435,-33.158756,-30.929226,-31.30405,-28.117086,-26.303928,-27.144642,-26.78281,-27.112656,-28.364906,-28.58725,-31.25517,-35.42794,-41.35888,-40.967197,-40.188328,-42.493286,-41.24185,-38.25388,-38.97001,-47.94216,-47.690655,-29.420412,-14.57881,-10.881168,-15.006476,-20.530766,-20.077118,-9.819478,-7.0605097,-1.2961417,3.9701352,6.378442,7.7949853,8.513825,8.788934,7.770281,7.3156877,7.4135885,6.13478,5.2883234,2.798787,0.4481724,-0.891068,0.37349796,-1.6092767,-0.439958,-1.1046096,-1.5384961,-3.970487,-6.9413114,-7.475025,-4.0590973,-3.7919033,-3.1637468,-3.8212862,-4.658762,-9.006223,-10.522942,-6.4654512,-4.880552,-6.104135,-10.456033,-14.541742,-12.764379,-10.929256,-7.30525,-7.5786214,-12.894841,-15.713726,-13.4907055,-16.074865,-19.521368,-18.931816,-18.877153,-18.7048,-19.501877,-19.597761,-19.437023,-18.25272,-19.958757,-21.51361,-22.755814,-21.728851,-21.105757,-20.470596,-21.048792,-20.589533,-13.3486185,-15.829504,-20.495457,-15.50269,-15.863833,-11.875487,-10.262989,-17.208286,-21.61631,-17.459276,-20.962917,-23.29793,-18.897924,-19.489838,-28.986382,-28.910997,-25.49717,-25.204514,-22.50396,-24.44474,-31.208134,-29.042763,-27.23833,-30.210705,-31.867123,-32.993008,-31.367588,-28.38306,-24.405489,-23.070452,-24.63786,-26.953846,-23.602726,-24.474018,-25.712555,-24.41349,-23.297634,-23.954393,-24.802454,-23.832077,-24.622667,-26.09416,-27.790775,-26.180843,-25.68509,-25.001518,-23.640871,-24.27027
-43.412663,-42.726746,-45.22663,-49.56288,-46.243126,-33.191395,-28.523056,-33.388382,-35.137833,-35.77417,-37.901604,-31.984312,-27.179653,-26.95304,-29.65375,-21.952652,-12.710414,-13.375284,-17.863194,-22.354935,-25.130531,-23.034306,-23.393139,-18.510126,-17.513268,-16.244644,-16.58289,-18.941467,-18.743021,-19.288616,-30.650581,-31.348665,-31.36981,-20.309622,-18.182411,-23.848843,-26.187914,-24.552202,-24.786377,-24.290121,-30.257675,-24.928762,-22.25682,-27.598545,-25.38375,-20.75985,-20.761086,-24.31692,-24.260778,-25.373238,-26.41125,-29.406977,-30.614002,-30.417002,-31.922228,-33.962715,-33.34025,-30.17787,-28.616695,-29.668295,-31.530994,-33.38031,-32.06483,-33.21526,-30.959368,-27.056475,-28.564304,-30.139103,-33.187923,-29.06274,-25.562277,-30.15891,-33.730663,-32.91259,-38.002323,-35.325157,-33.90363,-40.219826,-39.42366,-33.224785,-31.16686,-31.44822,-34.157818,-32.48292,-32.3323,-28.596487,-25.482868,-28.596256,-26.412935,-27.622595,-23.81252,-17.715908,-17.28674,-21.257076,-20.72345,-19.310802,-21.503101,-21.031063,-22.572044,-28.383133,-28.888401,-31.236683,-33.711086,-30.716055,-28.304314,-30.631512,-33.12634,-31.629532,-26.585526,-28.525784,-29.470758,-28.235237,-31.002102,-23.846596,-22.439896,-23.535889,-23.87884,-27.239002,-28.751402,-16.721626,-12.850576,-15.014714,-20.453169,-21.866386,-28.23739,-30.007835,-27.855806,-25.197548,-28.391554,-32.702023,-34.634068,-37.22133,-34.892136,-30.66776,-30.757235,-32.822147,-28.102615,-24.152843,-30.171925,-36.73486,-28.930817,-25.967419,-27.025284,-24.891016,-23.94505,-19.706593,-18.62399,-19.155632,-19.829205,-21.065914,-21.898794,-21.422377,-21.196337,-24.22843,-28.338354,-28.173063,-29.872444,-32.725643,-32.204803,-32.31483,-25.868084,-19.068544,-20.45644,-27.4994,-27.7637,-26.912678,-28.026154,-29.844711,-27.227526,-24.610407,-17.87016,-18.601757,-26.920033,-29.350323,-27.394583,-25.882128,-32.023052,-25.483955,-19.391787,-21.736029,-30.132978,-33.600525,-35.350155,-38.49186,-33.067886,-33.40039,-33.380672,-31.222666,-30.309095,-28.90664,-27.96,-31.191769,-32.14132,-27.295128,-26.686918,-25.844067,-28.93076,-27.375793,-25.330914,-30.546225,-29.145985,-25.083172,-21.60218,-24.783096,-29.894773,-18.393839,-9.666814,-7.7543216,-8.858486,-11.7259655,-15.417906,-20.510244,-20.724146,-17.586777,-16.44669,-21.434818,-26.863432,-31.801037,-29.06968,-29.853172,-25.710962,-25.868435,-28.619251,-30.983948,-32.961716,-32.062973,-28.364445,-30.1969,-32.258926,-30.590122,-35.712757,-33.405663,-30.65954,-28.254498,-28.125107,-27.592422,-26.99776,-29.322775,-30.671606,-33.373486,-35.3178,-30.389185,-28.6071,-27.759846,-30.797016,-31.326946,-30.547592,-32.794083,-29.320993,-27.235352,-30.49807,-35.768314,-37.50037,-30.952057,-25.59914,-28.992779,-31.06556,-29.120523,-28.963516,-28.2686,-19.760998,-15.306904,-15.988449,-20.811993,-27.879303,-33.906147,-33.30793,-33.86224,-29.447632,-26.755335,-27.19308,-29.927425,-30.09768,-32.87773,-35.221138,-33.104263,-33.409584,-30.041527,-29.98161,-30.59528,-31.617146,-34.575325,-29.354149,-28.14272,-29.784306,-33.89425,-33.766598,-32.760307,-21.755772,-18.670681,-21.606216,-25.884785,-28.399218,-25.78348,-27.196198,-29.36455,-32.762856,-33.78268,-34.209263,-36.22666,-37.245304,-39.387463,-40.14634,-40.28601,-42.280025,-42.500874,-38.958233,-32.92374,-30.883343,-34.889816,-34.17729,-27.696789,-28.594414,-35.98511,-41.08951,-41.725044,-30.282488,-23.165417,-20.573437,-22.26019,-21.260036,-20.910164,-20.935997,-20.141426,-5.2943172,-0.035808504,-2.390937,-9.359273,-8.146988,-8.491307,-12.347414,-6.8821106,1.9253926,5.1157656,4.429863,2.9539964,-2.3064618,-8.943804,-8.566376,-10.789927,-9.762294,-11.799898,-15.456827,-13.644714,-13.199013,-15.193296,-17.597658,-9.561835,-2.705976,-0.4130205,-0.6047355,-0.47068936,-1.5436697,-5.6770124,-13.252812,-17.72599,-19.481028,-19.128895,-21.47826,-16.398376,-16.83447,-20.736938,-21.78304,-20.817238,-20.951738,-20.250198,-19.291466,-19.74205,-19.178913,-20.842144,-12.031941,-12.801808,-21.85638,-26.717014,-21.008596,-20.176804,-18.84772,-20.185154,-20.97488,-20.836088,-17.731941,-18.303265,-22.838366,-25.211956,-27.032068,-25.254736,-25.298763,-24.406614,-25.245325,-26.27932,-28.214607,-27.638992,-25.07602,-21.31414,-24.02322,-25.99448,-28.374187,-29.860928,-30.68918,-30.595264,-32.10298,-31.055225,-33.057053,-35.26924,-35.970825,-36.20178,-35.043438,-32.91585,-33.983475,-34.361927,-33.72901,-33.00965,-33.556572,-34.31543,-32.916504,-34.803513,-36.494965,-33.13065,-28.589886,-28.075935,-27.925642,-27.858294,-28.903027,-27.586424,-28.689106,-27.524467,-29.349342,-29.543085,-29.404575,-30.539776,-33.048386,-34.846687,-34.00395,-30.430359,-27.946857,-31.97765,-31.959217,-34.47445,-37.469685,-38.537792,-34.353867,-34.734035,-28.708645,-25.510557,-28.499443,-28.519423,-29.883686,-26.78207,-25.671005,-26.15299,-26.28256,-26.782906,-24.20561,-21.959639,-26.911167,-28.332006,-29.056152,-30.598019,-31.041245,-31.684237,-34.765396,-34.974113,-35.948696,-37.117428,-34.365536,-31.477568,-30.906101,-27.481997,-25.954523,-28.238415,-31.243069,-25.278627,-23.335798,-28.169825,-34.231773,-36.44226,-33.70831,-17.634682,-9.987672,-10.985985,-17.263453,-21.984638,-19.479351,-18.186687,-19.105543,-21.068573,-22.401207,-25.984768,-31.79206,-31.343252,-31.46154,-32.4929,-25.105917,-25.409657,-30.665741,-31.727724,-32.74295,-36.115612,-38.258728,-39.533623,-38.168964,-33.62367,-34.26886,-41.27276,-40.526665,-41.9805,-46.878494,-47.338215,-43.029064,-24.341396,-20.012167,-25.89858,-34.750343,-37.22658,-36.428352,-36.91803,-31.343292,-17.988916,-17.038311,-24.517605,-26.367142,-29.27785,-28.827925,-25.95041,-23.02818,-23.082191,-23.113598,-24.903051,-22.605476,-22.234905,-24.12535,-22.971596,-30.385796,-32.307327,-27.809204,-23.26969,-24.750137,-26.157452,-29.601406,-32.99962,-29.21111,-22.317993,-20.369095,-23.516884,-31.067913,-32.471855,-33.518642,-27.77993,-23.028732,-24.018602,-20.611925,-19.23813,-17.145218,-16.349766,-21.86085,-23.27143,-13.378166,-12.381241,-14.582129,-18.417767,-23.738615,-23.312891,-22.636164,-25.774195,-29.253555,-30.612001,-31.301094,-28.424782,-25.513628,-27.61103,-26.69299,-25.189583,-29.204536,-29.312782,-30.129374,-32.238636,-29.001501,-28.80936,-27.724802,-27.842054,-34.323586,-34.77573,-27.128944,-24.915733,-24.640924,-23.549171,-24.150698,-27.891922,-31.12046,-25.754091,-24.883968,-29.1041,-26.609543,-24.93145,-23.628021,-21.14671,-22.4435,-28.321564,-32.806625,-29.536594,-30.799616,-31.472673,-28.33499,-30.33945,-26.02868,-19.065693,-17.25693,-14.696941,-16.204536,-23.140985,-26.298965,-29.752848,-21.168327,-15.481744,-14.901148,-13.271658,-16.276455,-24.434546,-18.977968,-15.828449,-15.072485,-15.639377,-17.949713,-18.981707,-26.319355,-28.484241,-30.827291,-30.499146,-29.184242,-27.640682,-26.773594,-28.583517,-30.004566,-25.527588,-20.516602,-17.263046,-18.909245,-19.690052,-19.089954,-19.618818,-21.071701,-21.702835,-17.130964,-14.152213,-14.788159,-17.669786,-21.932709,-22.916191,-20.079128,-18.79898,-19.195118,-20.021265,-20.958712,-20.832033,-17.962835,-22.087297,-22.355263,-23.404057,-28.900488,-27.225054,-28.181576,-24.589867,-24.40034,-25.072365,-20.708353,-21.37871,-22.655746,-25.267488,-28.254587,-27.7364,-25.595179,-29.050205,-35.3954,-38.447063,-36.349644,-37.753086,-39.13875,-42.186695,-42.312584,-40.465294,-39.06865,-42.477665,-43.75756,-45.137253,-45.073112,-43.724236,-44.494965,-46.306274,-47.247803,-45.3648,-44.27272,-44.956535,-34.68814,-30.155766,-27.429253,-25.31813,-31.484695,-33.891846,-22.186422,-6.5646243,-0.9203899,-1.7179841,-8.272797,-17.35635,-14.964754,-9.069628,-9.525098,-19.78719,-22.75489,-19.500896,-10.955736,-11.305897,-17.635836,-18.471626,-15.876755,-13.437762,-17.564886,-20.693913,-25.08466,-20.966839,-18.74898,-21.48905,-19.082886,-8.457264,-6.309507,-13.260203,-18.610718,-19.644135,-17.189901,-14.60597,-14.35936,-16.336206,-14.167069,-8.376841,3.695333,8.0293455,4.4798555,-1.9665439,-3.8704433,-5.8634405,-9.539486,-15.131812,-10.160031,-8.407997,-10.462546,-14.087004,-16.767216,-18.61752,-22.990871,-20.72139,-21.164585,-24.854021,-26.16245,-24.55952,-25.176136,-24.61588,-24.88271,-24.400196,-25.084583,-24.832977,-29.124916,-30.455002,-29.062069,-29.099543,-30.313597,-30.374462,-29.85115,-33.117584,-32.77251,-31.04378,-32.33147,-30.927341,-34.32299,-36.990696,-36.680386,-40.109425,-40.366966,-40.381386,-39.048622,-41.532677,-43.53801,-41.315536,-44.10198,-47.736126,-47.128643,-45.71524,-43.708706,-45.561737,-40.058407,-27.316841,-9.081121,-0.3656202,0.9055536,-3.8290668,-12.631921,-14.088107,-13.071355,-15.925343,-17.406929,-18.532045,-18.514196,-19.61377,-21.846767,-22.960453,-25.047396,-24.63192,-22.151611,-23.44291,-27.67537,-25.68699,-19.318546,-21.258255,-26.089209,-26.820118,-25.599941,-27.584705,-31.379202,-29.75566,-27.451302,-27.783298,-27.138803,-27.504902,-29.380362,-31.858862,-32.83971,-34.39089,-34.313137,-34.097446,-36.206738,-38.75116,-38.045315,-37.630444,-34.57443,-35.476776,-36.310287,-37.552357,-41.148914,-39.548725,-35.608498,-35.145344,-36.336525,-38.37294,-30.482403,-26.292568,-29.297356,-26.869171,-28.681622,-31.912498,-32.286846,-36.385864,-38.795387,-37.249496,-36.300186,-34.641388,-31.18331,-33.611713,-36.086994,-36.917263,-41.40075,-37.431637,-31.696995,-31.364048,-33.51897,-35.731785,-36.38958,-38.617447,-40.609016,-41.57908,-38.938545,-31.17487,-27.350836,-26.047977,-25.349503,-24.243528,-26.844334,-28.542088,-27.86543,-30.262775,-33.06703,-35.646194,-33.847576,-36.464157,-32.592003,-25.525574,-23.834974,-26.302078,-26.764795,-28.251154,-28.912746,-25.624372,-28.667156,-34.146782,-36.246544,-35.934364,-28.629631,-20.374302,-20.685223,-23.117043,-25.96912,-31.006,-29.364157,-29.605406,-32.031265,-28.167301,-26.72225,-28.300602,-27.087725,-27.23882,-28.747925,-31.838799,-33.652973,-17.104187,-9.356506,-10.740472,-17.358929,-22.054852,-18.155725,-15.445644,-14.141847,-13.609036,-14.428221,-15.507647,-17.62526,-18.073204,-19.083878,-18.987757,-17.494808,-18.096241,-21.714123,-22.606821,-28.105633,-33.591885,-30.9706,-29.01951,-27.423374,-20.696642,-21.16494,-26.409254,-29.051245,-28.072062,-28.947006,-30.770414,-28.62382,-30.96841,-28.98844,-28.850689,-30.96741,-32.22028,-34.053547,-34.469654,-29.371498,-28.658222,-33.10991,-37.75751,-38.163445,-37.331177,-37.922638,-38.227844,-37.903915,-37.36774,-28.793066,-25.85327,-29.75443,-32.508774,-34.415016,-36.36553,-36.018578,-33.33681,-30.990755,-32.1167,-28.804401,-24.189934,-24.683357,-27.001303,-26.569395,-28.30471,-28.926191,-28.581903,-30.113428,-32.624985,-35.82042,-40.143272,-42.93643,-43.134247,-43.57893,-45.529552,-42.06064,-30.066074,-14.243707,-10.017244,-11.996861,-15.196526,-17.605799,-5.721385,-1.396643,-3.032649,-5.8613496,-9.761875,-14.799973,-17.156681,-18.500086,-19.666534,-19.84486,-21.943491,-19.917774,-21.54818,-23.632778,-28.096973,-26.977642,-22.86566,-22.60213,-23.858263,-24.947514,-23.471327,-20.818293,-24.825779,-28.771957,-29.62676,-29.740665,-28.978289,-29.763803,-32.742374,-31.838512,-29.1769,-27.1243,-29.821938,-30.766184,-29.59957,-28.448126,-25.1922,-22.257349,-17.897045,-15.826398,-18.840826,-18.754126,-23.849543,-18.058075,-1.1061091,4.7798033,4.6461363,3.5668645,1.0347735,-4.648424,-5.742888,-7.384856,-10.913687,-15.701235,-20.086737,-14.773469,-13.129145,-18.264914,-20.633488,-20.82462,-21.676205,-20.386208,-18.483562,-20.331196,-21.807611,-20.87806,-20.281906,-23.070332,-24.647741,-29.844713,-27.560223,-29.632566,-29.629383,-23.239336,-20.399504,-19.824217,-22.10681,-21.222004,-21.930592,-26.60173,-26.161789,-26.09409,-25.862091,-28.782108,-32.130043,-28.017454,-23.992434,-23.479479,-26.498129,-24.265783,-24.631466,-25.931414,-27.381018,-28.786465,-25.49612,-29.279194,-32.05685,-26.971571,-27.608059,-30.18216,-30.804903,-29.77849,-27.398617,-29.476583,-32.081463,-31.772556,-31.95013,-36.932045,-38.1207,-37.676094,-35.22505,-33.77848,-35.590763,-37.95432,-38.583122,-38.147392,-35.157455,-25.23982,-22.841951,-26.791958,-31.07501,-32.102715,-32.465874,-27.738535,-25.44177,-21.991737,-23.960638,-31.176977,-33.395054,-35.71984,-35.758366,-34.108887,-35.198463,-38.04785,-35.45197,-25.142605,-23.82986,-27.425606,-31.179838,-31.69422,-30.268257,-29.325716,-29.439146,-32.692955,-38.042225,-31.88979,-24.109114,-21.37149,-21.88182,-24.777935,-26.683653,-27.93097,-26.231873,-23.031746,-22.216896,-31.224745,-34.46064,-34.457077,-34.976616,-33.640404,-32.926662,-38.424015,-36.29576,-35.29104,-35.254753,-29.631231,-28.924534,-31.862003,-32.274673,-36.976105,-26.636028,-14.123029,-12.776475,-18.431522,-24.211493,-22.290571,-21.662958,-20.911152,-20.55983,-24.074259,-32.355156,-33.556313,-33.82141,-38.73087,-38.732468,-29.259586,-10.141543,-3.2524643,-3.057779,-8.648338,-16.106775,-19.438276,-20.76308,-18.877708,-20.354313,-21.298454,-15.250163,-9.408937,-2.3287437,0.113103256,2.41437,4.9198303,5.8215194,6.6148844,6.2270536,5.5711794,5.3294377,6.7027674,5.85651,6.4314437,5.9916296,5.043541,3.2678797,-0.019237768,-0.8497741,1.978399,2.8150806,3.4382725,3.4028254,2.9896126,1.44402,1.9812263,4.237014,5.1985745,3.7484465,-0.7742493,-4.6743326,-1.4379524,0.0732623,2.2240958,2.0643167,-2.1716743,-1.7683709,1.6738517,1.2746632,-0.9855224,-0.95543796,-2.6461902,-2.0053225,-2.878109,-3.3768024,-3.5152924,-1.5751464,-2.5552425,-3.3215408,-2.9926398,-2.622708,-2.6810784,-2.1568246,-1.1874168,-1.4313437,-3.8234658,-11.411096,-16.743793,-16.330671,-16.790655,-14.136287,-16.532217,-18.250397,-14.421188,-7.3265495,-7.0723276,-13.131693,-15.023652,-17.116507,-20.60431,-18.39022,-17.98321,-23.236073,-24.719864,-23.007217,-22.131397,-21.911236,-24.178165,-26.364687,-25.543846,-24.408865,-25.569246,-26.047869,-26.009789,-23.776094,-23.44898,-23.684921,-24.49402,-26.584766,-30.627768,-34.247772,-34.50444,-34.5682,-32.710056,-34.45204,-35.104137,-31.430061,-31.21866,-15.25666,-4.981049,-4.163011,-8.903112,-16.769293
-40.418144,-40.95638,-45.87713,-50.02933,-45.63635,-31.682175,-28.163765,-35.576447,-43.747063,-39.840008,-40.537186,-23.277916,-16.883745,-17.595787,-21.209892,-20.769726,-6.1002903,-1.8290665,-3.555694,-9.727674,-19.20053,-18.98294,-20.904234,-17.729881,-17.275795,-19.578321,-22.091858,-23.935831,-16.317268,-15.384113,-25.839195,-31.986197,-30.099058,-21.861816,-20.90091,-26.269058,-27.825258,-29.320293,-28.194855,-24.735123,-28.953197,-25.331404,-23.857937,-30.993864,-29.18126,-22.41275,-21.95644,-25.974085,-29.287529,-29.829168,-31.895475,-36.107952,-32.82152,-32.90955,-35.836014,-32.790253,-33.918564,-34.70224,-32.153564,-30.068323,-32.911503,-37.86685,-34.014038,-32.984444,-35.372025,-30.589703,-28.838326,-30.178036,-36.961163,-35.623226,-31.948957,-30.435846,-30.554445,-31.209288,-35.20471,-39.591724,-43.54464,-40.49654,-37.7776,-34.390343,-31.440256,-30.348064,-33.808372,-31.992393,-32.365204,-31.821077,-28.357,-30.234528,-22.296125,-19.292662,-20.591509,-21.828,-24.597687,-26.394066,-22.952948,-20.23495,-19.27686,-19.294964,-20.61468,-24.187735,-27.782106,-30.40024,-31.505053,-32.87113,-36.02485,-34.75264,-34.555347,-31.983707,-27.887276,-29.27392,-31.85666,-34.81815,-31.90063,-20.03225,-16.917727,-16.56482,-17.717281,-20.535448,-22.807838,-17.687351,-12.516332,-12.153767,-15.462686,-20.458117,-28.613564,-31.134636,-27.98437,-26.971548,-31.084635,-34.393036,-37.96327,-37.644077,-34.40125,-32.538975,-34.26908,-38.04662,-34.616848,-31.136066,-35.29589,-37.875828,-32.572952,-30.79346,-32.752567,-27.239931,-26.158524,-24.981064,-27.636219,-31.762426,-35.6237,-36.717358,-36.96214,-35.84371,-30.976776,-24.74597,-21.31065,-21.26011,-22.032988,-25.36139,-29.007895,-28.783453,-25.006706,-18.735697,-20.558088,-27.875877,-27.611794,-25.275105,-25.094603,-26.387957,-27.191525,-25.862448,-20.277218,-18.804258,-25.564062,-31.161167,-28.852669,-24.120495,-29.832222,-27.088234,-22.311607,-26.132872,-34.04844,-34.119335,-35.86569,-39.466003,-37.929962,-37.13481,-35.32037,-31.514585,-31.0741,-34.033607,-32.83227,-32.358913,-33.53488,-28.092495,-24.290527,-25.601847,-29.864964,-28.522732,-27.984724,-31.04583,-30.787327,-29.823095,-27.819271,-26.366215,-27.805496,-18.49962,-11.128204,-9.88707,-9.758584,-10.644772,-13.358354,-16.82274,-18.403934,-20.732508,-25.717203,-30.08741,-27.02275,-27.887543,-26.3522,-26.142143,-31.129452,-31.757008,-27.538717,-27.101881,-30.694237,-28.620426,-27.716684,-29.242188,-30.309383,-28.898926,-29.132675,-31.370419,-30.330906,-29.046251,-27.383326,-29.031689,-22.347996,-20.944397,-24.074766,-26.904823,-29.935722,-30.35215,-28.980278,-26.378824,-25.694023,-29.629633,-30.532887,-28.204985,-27.372152,-26.769535,-28.094213,-28.934496,-29.161736,-28.643612,-28.166533,-29.40729,-28.596087,-28.453043,-29.457176,-30.823418,-25.570765,-18.926552,-19.519085,-24.274061,-29.022875,-32.967686,-37.1306,-36.035133,-26.48092,-24.071291,-29.081533,-33.83841,-33.33604,-34.111168,-38.422604,-33.623817,-32.43114,-28.267536,-29.905455,-36.339638,-38.35068,-36.097054,-30.257399,-28.39421,-27.700893,-31.203747,-38.348507,-37.34959,-37.440094,-35.86676,-31.791897,-30.195679,-30.055296,-28.29196,-30.51243,-32.933628,-30.945889,-29.406374,-31.295853,-34.159855,-35.853645,-39.153137,-40.735092,-37.41838,-40.126606,-41.38624,-39.039856,-37.222305,-36.049206,-35.488464,-34.79382,-28.93467,-27.76178,-32.218338,-37.36092,-40.14038,-27.89356,-17.428148,-15.483553,-20.805119,-23.872097,-22.856464,-19.941427,-19.812498,-10.521259,-1.9748461,1.1954155,1.8009449,1.1992141,-4.7554674,-17.09326,-16.024172,-11.998233,-7.6234016,-2.388441,-1.957445,-7.591833,-9.0112,-8.922111,-15.246727,-20.247583,-18.760933,-16.45131,-12.721438,-12.724668,-14.919897,-18.648659,-19.096867,-10.720963,-2.0827458,1.0872335,1.7237484,0.410259,-6.13641,-16.683426,-17.767242,-17.373096,-17.048586,-24.34374,-23.126448,-17.919806,-17.835363,-22.941246,-24.628185,-21.63811,-19.555578,-17.86231,-19.825022,-21.202202,-19.318752,-12.098676,-14.530657,-23.790445,-25.951412,-23.624073,-22.535324,-21.067616,-22.583857,-26.18394,-23.936491,-16.60825,-10.901049,-10.223159,-14.791527,-20.332186,-23.384605,-27.255259,-26.572744,-27.341623,-29.703875,-29.142296,-26.700275,-27.107096,-23.554117,-22.539694,-24.294682,-28.806345,-33.274113,-32.143623,-31.88442,-31.286217,-31.722965,-36.60901,-37.06477,-38.065487,-36.596497,-34.595394,-32.16764,-33.415024,-35.065475,-34.36973,-36.19186,-37.232357,-35.421665,-31.198654,-31.620943,-34.841717,-30.28498,-26.283205,-28.851093,-32.65762,-33.792793,-33.61879,-33.49838,-32.510597,-32.92989,-34.164406,-33.706524,-31.424328,-32.872463,-37.25798,-38.370827,-36.51919,-35.595684,-33.564926,-35.75651,-35.321663,-34.483707,-35.424606,-36.918182,-35.83648,-36.369938,-33.27804,-28.87189,-27.49245,-27.15455,-30.911043,-30.132572,-30.22995,-29.516865,-29.828413,-30.000801,-25.100153,-23.353733,-29.603245,-29.260933,-27.859137,-28.540276,-29.398788,-32.39576,-35.935394,-33.190628,-30.032633,-30.699091,-31.722149,-32.715195,-27.6801,-23.341717,-24.905499,-26.159462,-21.39946,-17.442314,-20.515549,-25.076107,-29.625046,-30.300976,-33.62589,-15.451925,-7.99201,-9.27297,-16.663498,-21.794693,-18.037052,-16.811996,-17.971788,-20.173035,-24.248999,-29.134212,-32.346485,-36.24118,-35.347626,-29.578693,-23.812769,-23.36482,-24.799728,-26.377478,-29.032267,-32.305954,-36.450733,-39.56194,-36.68192,-30.424042,-31.057894,-40.61497,-41.299206,-42.032185,-46.00238,-46.216034,-43.442825,-24.625282,-21.036427,-27.144238,-36.486618,-37.31849,-36.63141,-38.57415,-26.330431,-8.062746,-3.3547714,-5.2310114,-9.9320135,-18.114777,-18.386894,-18.55569,-20.883007,-23.707438,-24.887451,-26.697828,-24.258312,-23.086367,-26.27533,-25.72377,-27.79048,-29.277905,-24.251839,-19.83612,-24.902002,-29.637764,-30.472548,-31.384682,-28.57443,-23.291435,-21.909521,-24.319576,-26.534195,-30.491476,-32.58634,-26.71755,-22.055262,-26.172028,-29.504759,-27.551544,-28.989079,-28.738724,-30.921638,-29.974174,-21.345377,-15.590324,-14.010304,-16.226427,-20.022785,-21.164263,-21.140812,-23.818604,-27.290451,-30.428057,-29.511633,-25.062792,-26.056673,-28.23079,-26.849277,-25.945265,-25.598728,-25.160572,-25.605314,-28.296974,-30.037992,-28.114235,-25.604164,-24.869995,-31.89929,-31.766626,-24.953156,-23.764236,-26.11103,-29.944462,-30.890553,-34.314564,-35.679153,-28.451702,-27.564287,-34.809963,-31.583527,-29.095612,-26.414589,-25.695671,-27.202776,-27.373468,-32.221188,-32.366238,-31.194479,-31.014988,-29.986906,-34.44056,-33.60557,-27.522058,-24.057888,-19.101877,-20.0723,-26.825933,-29.96396,-31.793636,-29.71389,-28.479403,-24.756605,-21.996372,-24.369127,-30.386253,-25.67638,-22.204323,-17.928823,-17.158047,-21.378822,-25.980204,-33.30554,-33.021893,-31.297035,-29.21696,-30.321598,-28.455503,-30.206558,-29.664639,-30.59722,-30.660973,-20.401974,-14.657455,-14.966614,-12.702713,-13.446346,-14.216698,-11.636635,-12.394418,-14.710551,-14.878444,-15.829098,-15.137385,-17.424559,-13.842746,-13.252893,-17.84218,-21.354107,-22.001343,-21.449911,-19.487904,-17.428642,-21.55266,-21.114468,-25.059929,-30.309439,-30.730312,-28.662922,-27.049467,-23.60865,-24.670841,-19.164753,-17.409155,-19.81792,-21.967377,-25.12844,-25.178665,-22.376806,-24.211588,-33.958187,-38.202995,-36.469685,-34.435143,-35.46771,-37.961323,-41.09664,-39.433548,-36.74817,-38.57007,-43.308426,-43.920822,-39.014008,-40.14866,-44.40205,-43.75937,-42.52864,-43.66404,-43.71817,-42.96248,-36.807648,-32.617752,-31.581581,-28.535412,-31.450802,-33.2697,-26.775723,-16.953543,-5.146765,0.45550114,1.7580068,1.3818283,1.795652,0.6393722,-6.078883,-12.313559,-11.188067,-9.820236,-10.127214,-11.031765,-14.495047,-16.457191,-12.771494,-8.514613,-8.310188,-10.927618,-19.205853,-21.93389,-17.71406,-16.898544,-16.783329,-13.807054,-13.177977,-15.286648,-18.202623,-19.541674,-18.684877,-20.757309,-26.896511,-25.831244,-25.33903,-4.943884,8.7191515,12.627884,9.139397,1.5198065,-2.3722484,-4.329705,-6.5336437,-11.6544285,-7.052517,-5.8018274,-8.087766,-11.910895,-11.910964,-14.24233,-19.02423,-18.090328,-18.859922,-21.972607,-22.4621,-21.64297,-20.850515,-21.520737,-26.837606,-22.01363,-18.912199,-18.542263,-23.500015,-26.669243,-27.949913,-29.495733,-29.994835,-29.850231,-29.380493,-30.730686,-32.211826,-30.463202,-28.629997,-27.720982,-32.02824,-32.408108,-32.960865,-36.916588,-33.581566,-37.573055,-40.07998,-40.728233,-40.370743,-41.994896,-40.31475,-42.285942,-45.051975,-40.946053,-38.426655,-41.914364,-39.47191,-28.640985,-25.163576,-9.097701,-1.2506067,0.3581446,-0.31068313,-2.1740646,-5.9463353,-14.499397,-13.064632,-12.700833,-14.535957,-14.308706,-17.358494,-22.159088,-22.85617,-19.017893,-17.65352,-16.599663,-16.212942,-18.121037,-14.401894,-15.634102,-14.904474,-17.864649,-19.772469,-21.189335,-24.79949,-24.567774,-25.636694,-26.363903,-28.346655,-27.215603,-27.289848,-29.344261,-26.367832,-30.068176,-32.423294,-32.281204,-33.25421,-35.9839,-34.721027,-33.29125,-33.56545,-36.026936,-32.59495,-32.659267,-34.093983,-34.10454,-33.282562,-33.51746,-34.62555,-33.83919,-31.140852,-27.869493,-28.560268,-28.546545,-31.298075,-32.37004,-32.477077,-35.565765,-38.68686,-40.111122,-40.55637,-34.662746,-29.252644,-30.93306,-34.042213,-36.54144,-40.18236,-43.47467,-39.909298,-33.003723,-32.441036,-35.71165,-36.8417,-41.297546,-42.38541,-42.409348,-38.806606,-28.647482,-22.583328,-23.17951,-23.605892,-21.836061,-23.222523,-26.58065,-30.433537,-33.298344,-34.756466,-34.3697,-32.235,-35.218933,-32.678055,-21.431622,-17.565512,-17.093014,-17.252468,-19.95208,-26.454609,-27.851515,-29.970171,-28.163965,-28.03417,-29.5337,-29.596478,-27.58976,-30.522833,-33.81692,-33.826733,-37.743298,-39.486877,-35.974777,-35.138577,-33.013668,-33.712532,-32.028797,-29.417927,-31.861713,-33.82627,-32.212273,-30.777557,-15.286771,-7.5180335,-8.519313,-15.121092,-20.645952,-16.415241,-14.100004,-12.798685,-12.451317,-13.801156,-15.063996,-17.42936,-18.712303,-18.301373,-17.67633,-16.580925,-15.237609,-17.868946,-19.45961,-25.970003,-32.993492,-28.26178,-26.826677,-27.843384,-23.745863,-19.651394,-21.32584,-24.675596,-21.235367,-21.14309,-30.834133,-30.060518,-30.598757,-31.12415,-26.779154,-28.895979,-32.172768,-32.022705,-32.316635,-28.369925,-27.319124,-30.541794,-33.50805,-33.031715,-34.88488,-35.43072,-34.01888,-35.51985,-37.661606,-33.927067,-35.345757,-34.240204,-26.639986,-24.998573,-26.11142,-26.879808,-25.435534,-25.110674,-26.499186,-27.291061,-24.670223,-27.352924,-29.996483,-31.12513,-32.170494,-32.451298,-31.518448,-31.590748,-34.259876,-36.905045,-37.153458,-38.2099,-40.788383,-39.60208,-40.749825,-40.22476,-30.738585,-16.763155,-13.726253,-16.571646,-19.11219,-21.395357,-18.686306,-13.1555195,-8.819773,-7.1659775,-8.417986,-15.014961,-23.490705,-22.125263,-25.652996,-28.716509,-27.272207,-24.47603,-25.628145,-27.47889,-27.955303,-26.659351,-26.699326,-25.92047,-26.103127,-25.469688,-25.22321,-27.86839,-28.792683,-25.277071,-26.015942,-28.310163,-26.260452,-25.606121,-31.691599,-36.702477,-35.429214,-31.264227,-31.036331,-30.302532,-23.592274,-22.577477,-24.306217,-25.539082,-27.62224,-25.02438,-13.540573,-12.150622,-20.240341,-22.692568,-17.372644,-11.616073,-9.383759,-8.898348,-7.2057314,-5.398827,-3.2718346,-9.826584,-17.64351,-20.383945,-20.035252,-17.923962,-13.800897,-17.151196,-26.594303,-27.805918,-28.137257,-19.825699,-8.859619,-6.5730104,-9.5556965,-15.863595,-18.080057,-23.189669,-25.238605,-28.28553,-29.354961,-28.347322,-31.07085,-28.485397,-26.821732,-25.816965,-23.878973,-23.164688,-25.84054,-33.653343,-33.024834,-30.451775,-29.538118,-32.180428,-29.234049,-30.164156,-33.7603,-36.133995,-37.92625,-37.47419,-36.867405,-37.141624,-37.461136,-35.860256,-31.60276,-31.510736,-31.026657,-28.870144,-25.964525,-29.218739,-32.011616,-34.570847,-34.91378,-34.745842,-35.75428,-35.165703,-35.361046,-41.823364,-42.395485,-41.63936,-36.91537,-34.021095,-33.950874,-38.550526,-40.036385,-36.351658,-33.11097,-23.291943,-20.915092,-23.551365,-28.409948,-32.411255,-34.861748,-28.841671,-25.88375,-29.168188,-31.084602,-32.644886,-36.679596,-39.76004,-35.059692,-28.996656,-28.554646,-30.630133,-34.722782,-27.945053,-26.241745,-27.111073,-29.062168,-30.645134,-30.082146,-26.698095,-26.217844,-30.85191,-36.014023,-32.088615,-30.351936,-24.570744,-18.429995,-18.01025,-21.05598,-25.495384,-29.387611,-31.31371,-30.025234,-32.70524,-33.107277,-34.238213,-37.373966,-34.19108,-34.17682,-40.53062,-41.70768,-38.95153,-37.61067,-33.44347,-33.12389,-36.75835,-34.335236,-35.854065,-25.28471,-12.834578,-11.248723,-17.056711,-23.930065,-21.54309,-20.608652,-19.498411,-19.13787,-22.668007,-30.72114,-31.178242,-31.35205,-36.587814,-36.004032,-27.79709,-14.403793,-9.101309,-3.6708517,-1.7959619,-6.406866,-16.052471,-19.788124,-20.428059,-21.13965,-24.061346,-20.039314,-16.835903,-13.663687,-15.072656,-19.706795,-22.114727,-22.917484,-19.713669,-5.894317,-2.1048894,-4.3632736,-9.20721,-13.33108,-14.046086,-15.628698,-15.958243,-15.68122,-15.632282,-18.919876,-18.234322,-17.37526,-18.541819,-19.696774,-18.694216,-15.618864,-13.345104,-12.9058695,-12.568036,-13.200189,-14.439821,-15.46197,-15.5022545,-16.629889,-15.940681,-14.319458,-15.872708,-13.89551,-10.44875,-9.597245,-9.155879,-8.629206,-9.113216,-9.356482,-9.810135,-10.845727,-11.479758,-11.172283,-10.45838,-9.941594,-9.150628,-8.040558,-7.5444655,-7.012788,-7.4436674,-8.764501,-12.167015,-19.988243,-26.139376,-24.416786,-27.292133,-23.019375,-20.82514,-21.178743,-20.426334,-13.7116165,-11.931748,-11.804424,-11.447138,-16.351137,-21.612595,-23.07677,-25.537582,-27.137608,-26.660978,-25.669792,-26.437916,-26.691963,-24.431118,-23.206556,-21.917583,-20.777958,-24.53209,-20.994617,-16.110004,-15.956473,-17.903656,-20.443077,-21.826,-24.497173,-29.481487,-30.096369,-32.05018,-36.56841,-37.389732,-38.91176,-39.338577,-37.286167,-32.881424,-9.342188,2.170248,3.8154569,-0.6260525,-8.589075
-41.392265,-42.782635,-44.982204,-47.21122,-44.59503,-34.82181,-34.801765,-44.606075,-45.015175,-38.504818,-41.044228,-30.517855,-27.253746,-29.953728,-29.901478,-19.45577,-10.4843,-4.7335687,-0.42830282,2.3087993,5.229212,6.3454604,1.9437003,-7.395051,-13.381351,-17.043991,-18.152866,-18.444378,-13.823985,-13.463863,-20.04662,-20.335785,-21.50068,-19.203283,-15.81273,-19.594013,-21.97767,-18.400972,-17.855175,-16.34588,-20.667316,-23.401657,-21.335562,-22.762964,-24.602709,-21.758205,-20.35764,-21.412668,-22.886904,-27.065418,-30.12454,-30.312967,-29.616741,-31.168669,-30.170082,-29.072058,-32.32316,-29.109798,-24.629128,-25.503849,-28.858582,-36.518562,-32.633892,-31.895609,-35.09942,-31.379938,-30.610493,-31.660381,-37.24064,-33.646664,-28.154,-28.191006,-29.032705,-31.761734,-35.39801,-37.485577,-39.485077,-39.33947,-37.896427,-34.269238,-32.32824,-33.71376,-37.196686,-35.719658,-35.521606,-33.105167,-30.071375,-29.035011,-26.708527,-26.17816,-28.877113,-32.360138,-37.34,-35.80667,-27.80275,-27.859566,-30.779083,-32.126484,-32.645813,-35.374912,-34.08519,-27.865398,-28.509703,-35.076374,-37.884327,-30.366756,-29.624622,-28.974945,-29.878263,-34.74395,-38.0639,-40.2302,-36.152306,-30.477304,-28.20068,-27.17739,-26.41668,-28.551544,-31.47503,-26.647923,-21.004515,-19.637413,-23.45057,-30.208282,-37.361042,-37.21843,-36.161304,-31.876726,-32.33339,-35.801586,-37.340744,-39.15502,-35.050907,-31.394846,-34.223522,-37.243362,-34.214466,-30.62232,-33.421055,-36.332317,-29.790073,-24.899364,-26.096785,-25.543728,-27.014069,-32.02554,-34.123276,-35.42995,-37.017326,-38.23608,-38.149025,-41.81238,-41.630272,-34.366573,-32.08816,-29.409527,-30.425365,-32.53953,-32.46882,-37.446304,-38.25748,-34.837,-34.168167,-31.191269,-31.073196,-33.61625,-33.78328,-34.150055,-29.882046,-27.95848,-28.601152,-32.09706,-37.28778,-34.331505,-29.83177,-25.012112,-30.966866,-39.087147,-36.416637,-32.322327,-29.241081,-29.172375,-30.662064,-31.670778,-33.57203,-34.191917,-30.50211,-27.708374,-27.694809,-32.717392,-32.064312,-33.237858,-31.24304,-24.49667,-24.789618,-30.525242,-31.89983,-29.932692,-28.583166,-33.54293,-38.38796,-38.244408,-33.704838,-32.090633,-33.344997,-30.31377,-25.528326,-27.105938,-28.069696,-30.229845,-29.5771,-32.21257,-33.653633,-32.04467,-31.775301,-34.704613,-37.232338,-34.22712,-27.561813,-23.485544,-24.875586,-25.875473,-28.20544,-29.850014,-32.811504,-32.8924,-30.967422,-29.998604,-29.18639,-29.175196,-30.985682,-35.1714,-35.59127,-30.984325,-28.868843,-29.661057,-33.3752,-33.91948,-38.07541,-39.3504,-34.62499,-30.817232,-27.645369,-23.505878,-26.62482,-33.72256,-34.14789,-32.13997,-30.969631,-30.184227,-27.80016,-28.019676,-30.21084,-31.668175,-32.811256,-31.222984,-29.323257,-28.737553,-27.127703,-26.565193,-27.60809,-29.512804,-29.019163,-28.023136,-27.492083,-29.174967,-33.234898,-30.954027,-25.284376,-23.747158,-29.681515,-34.671574,-35.632103,-38.496834,-41.91744,-43.347164,-41.04928,-35.010445,-34.033527,-37.612293,-38.48275,-35.23345,-30.914501,-30.208233,-32.756226,-36.360233,-42.63954,-39.96774,-38.33787,-34.78837,-30.982769,-28.553722,-27.737625,-26.689405,-27.640598,-28.862167,-30.218254,-35.226707,-38.744225,-41.86707,-42.12259,-44.10605,-45.057518,-42.412117,-43.830303,-46.805897,-45.99056,-46.272408,-46.2863,-44.66915,-31.063387,-20.32206,-19.470594,-21.647148,-26.92622,-31.141054,-25.648287,-14.951494,-7.747708,-8.281233,-15.094006,-20.035688,-16.946033,-18.058025,-16.702335,-16.005522,-15.868688,-12.027007,-10.636696,-15.350185,-23.832657,-21.596106,-20.894224,-22.768423,-24.19022,-24.66012,-20.547598,-13.667614,-7.7278895,-10.533945,-17.15479,-21.664177,-14.7659645,-16.801863,-27.202509,-28.683226,-27.391605,-22.197643,-19.282894,-18.60277,-21.68418,-21.96687,-18.687006,-18.434095,-12.907976,-7.227478,-6.2213035,-10.658731,-24.077904,-15.615148,-9.5101595,-11.412821,-16.609446,-15.790777,-17.807543,-22.55129,-16.715328,-14.652978,-15.67551,-11.289329,-7.950041,-13.663153,-18.75732,-21.293884,-22.8211,-25.415878,-27.375256,-23.524467,-21.474087,-23.635542,-15.931147,-8.38345,-3.9912515,-2.1200628,-1.8493717,-5.6268787,-9.359385,-11.344421,-12.669132,-12.722096,-12.125207,-11.225721,-11.079011,-14.271156,-19.811947,-20.887487,-20.457708,-25.247908,-28.229126,-28.558939,-25.80816,-22.434797,-20.05701,-20.253433,-22.293972,-21.434862,-20.096682,-19.595337,-18.3419,-17.824894,-17.110544,-17.149721,-18.83458,-19.853334,-20.517937,-21.931868,-22.680622,-21.53724,-21.860168,-24.146976,-24.061485,-21.953289,-21.3083,-22.447334,-23.788012,-27.717936,-32.041954,-34.564556,-32.193127,-31.749735,-29.705788,-25.34845,-23.657436,-25.237423,-26.460812,-27.082579,-27.057083,-24.769629,-24.351643,-25.651215,-27.933313,-28.580503,-24.590511,-21.366129,-23.14969,-26.492668,-29.168018,-29.6994,-28.604486,-27.197992,-22.908342,-19.955803,-18.462608,-21.898067,-32.001797,-30.013168,-28.740675,-23.767792,-19.029152,-17.162462,-16.826105,-18.177488,-20.33779,-26.27115,-32.226177,-32.875874,-28.771435,-28.702919,-27.879963,-26.154099,-23.843157,-21.927341,-28.200548,-27.96669,-27.38478,-29.88736,-28.247547,-23.891998,-22.947083,-27.71164,-27.160576,-27.91626,-33.762623,-35.536133,-31.425045,-27.223337,-26.106152,-26.097752,-26.460382,-30.81754,-33.68441,-30.480537,-27.602398,-25.317234,-28.383358,-34.341183,-40.323826,-40.78942,-40.234077,-43.379593,-43.239143,-37.55146,-38.37001,-44.296326,-45.459156,-47.146454,-45.983524,-44.803616,-44.23433,-22.99139,-19.759214,-26.891117,-37.685097,-38.88041,-36.522285,-37.939922,-27.838306,-13.134366,-5.502765,-3.9666474,-5.669952,-9.2737,-11.79134,-19.155632,-22.14962,-22.826942,-24.987917,-25.97485,-22.380527,-20.870035,-24.338644,-22.757038,-26.802645,-29.971296,-26.66794,-23.859512,-28.514282,-24.101067,-23.069174,-26.615822,-29.931728,-27.370811,-22.809738,-21.590595,-21.07911,-22.313383,-22.959463,-23.888437,-21.583633,-26.479122,-33.845917,-35.837505,-35.90342,-32.03618,-30.75184,-33.18894,-30.23633,-29.55685,-33.1513,-33.98067,-31.402319,-33.292427,-37.71233,-40.64802,-39.508537,-39.110065,-34.059784,-27.341782,-27.197773,-26.701784,-28.072994,-26.151745,-27.50849,-33.69911,-34.890934,-34.74033,-30.78047,-30.452427,-28.20509,-24.470684,-29.77299,-36.127365,-38.39722,-33.963055,-30.355585,-33.538162,-34.097908,-33.746777,-39.50032,-37.087418,-36.551975,-35.47712,-26.571743,-26.153915,-29.466421,-34.186783,-29.115227,-24.205912,-25.57444,-23.21687,-18.707432,-17.63159,-19.543774,-27.874245,-34.263992,-27.64711,-28.476183,-33.241196,-36.071514,-33.15932,-32.84724,-34.58485,-30.036152,-30.318062,-29.440739,-32.424675,-33.776825,-32.05292,-24.153885,-22.981253,-24.427715,-27.262974,-29.936363,-31.872332,-37.063705,-29.526173,-25.238447,-23.912992,-22.87563,-23.399136,-27.371376,-32.2625,-32.91099,-31.325584,-32.63902,-32.880436,-31.766556,-30.18382,-29.739588,-30.167355,-26.663687,-26.46982,-28.767986,-25.261385,-22.440863,-21.63596,-21.717842,-20.907047,-23.738997,-24.577343,-23.664898,-23.857458,-26.18723,-31.827854,-31.53505,-27.782715,-28.155254,-29.42415,-30.529236,-29.98152,-29.671402,-24.11639,-22.59905,-24.445866,-21.66857,-18.392021,-21.077978,-25.451155,-26.006575,-24.37997,-24.225435,-29.048452,-36.991753,-40.857635,-41.268826,-42.82273,-41.572094,-42.50074,-44.929153,-45.19232,-41.97802,-44.002937,-44.193947,-46.24809,-46.539783,-44.897408,-44.31218,-46.42716,-46.423103,-45.48647,-46.836285,-44.61157,-36.56051,-29.227545,-23.698225,-22.433416,-29.099228,-32.840485,-26.277792,-24.826853,-24.422781,-15.534219,-8.514625,-6.190712,-6.863305,-9.774056,-15.00422,-20.137636,-19.57933,-18.643555,-11.522451,-10.631551,-17.16967,-20.53339,-20.886703,-20.028618,-20.329798,-20.904953,-23.123465,-17.943857,-16.343426,-23.25886,-19.692041,-19.466215,-20.109474,-15.441371,-16.911531,-18.278381,-16.579807,-17.902897,-25.426918,-30.049683,-32.13241,-12.270788,-6.8384385,-10.950961,-14.012688,-19.123737,-25.199501,-18.004593,-18.55881,-24.053267,-26.34756,-28.719013,-20.800797,-18.941986,-23.709892,-30.051292,-29.58727,-32.00602,-33.912525,-33.698753,-34.32711,-34.852802,-33.355495,-33.12788,-35.872997,-35.16525,-34.33579,-33.124256,-34.90352,-33.847374,-32.29419,-33.048187,-35.154438,-37.392803,-39.019886,-40.119347,-38.03723,-32.38673,-29.797342,-27.390125,-26.902922,-26.843512,-30.076637,-35.654686,-36.36414,-31.564047,-29.181986,-27.648811,-26.859034,-27.46581,-30.090519,-34.590256,-39.882225,-36.759136,-31.505753,-30.557743,-32.195114,-31.615145,-27.743208,-30.077303,-25.376175,-14.481479,-9.64594,-9.505516,-13.72447,-21.912748,-24.381721,-23.088127,-24.427364,-26.548447,-29.537458,-27.912893,-22.239168,-17.037262,-7.415326,-2.9102283,-2.3816247,-3.5569563,-7.353307,-13.944711,-18.65669,-20.91328,-22.9815,-25.013245,-27.698296,-24.838684,-24.711758,-18.225418,-13.697487,-11.139826,-9.813082,-10.81983,-10.468008,-11.139983,-12.082254,-13.1512165,-14.876918,-13.909735,-14.383769,-16.304586,-19.174896,-17.659155,-16.057898,-17.381445,-18.226212,-17.74675,-17.413248,-16.049248,-15.466206,-15.156841,-15.931684,-17.49219,-19.789026,-19.842455,-20.135096,-20.968721,-22.395823,-23.326338,-24.27497,-27.483665,-30.426998,-32.009106,-30.864733,-24.402735,-22.007824,-23.765299,-28.617897,-27.560387,-23.995186,-24.157063,-27.122852,-35.49091,-38.499855,-38.52886,-39.117382,-32.48887,-26.64569,-26.744518,-30.873798,-30.57027,-18.349447,-12.430488,-12.1887455,-18.058971,-28.691587,-32.26834,-34.99682,-32.16519,-28.493202,-33.621174,-37.126595,-34.85626,-35.63602,-35.242428,-33.53351,-31.63736,-34.01297,-34.7999,-31.069546,-24.15304,-22.660465,-27.323408,-31.646702,-29.090996,-29.446058,-32.70416,-38.304317,-37.970783,-41.83189,-41.28621,-40.279144,-37.05817,-34.390003,-34.221195,-35.175205,-37.593246,-39.242626,-34.27819,-34.20728,-22.23644,-17.203545,-22.24426,-28.443624,-29.362125,-30.511015,-33.82836,-32.750954,-31.434862,-28.789423,-27.168333,-28.477276,-28.599056,-26.5975,-25.044514,-26.310434,-24.1592,-23.691238,-25.29358,-27.628067,-28.070335,-28.657421,-28.667946,-27.802818,-26.397955,-23.840181,-21.243027,-19.309452,-14.162069,-16.13731,-28.750765,-29.471188,-28.94932,-29.97782,-24.827435,-20.826359,-21.00264,-27.43825,-29.80944,-30.573061,-28.339098,-24.836962,-24.338371,-24.022373,-24.676865,-26.147652,-26.817448,-28.251093,-27.136795,-25.609352,-26.497515,-27.459429,-28.040209,-28.250486,-29.181433,-29.35373,-28.853806,-28.982716,-28.41234,-27.612507,-26.45405,-29.889397,-32.722366,-35.730892,-37.783367,-38.501488,-39.8908,-40.250896,-41.924545,-43.190975,-42.867027,-44.552544,-46.35149,-45.72947,-42.76895,-39.338913,-36.98996,-32.504677,-33.3291,-40.226242,-38.448883,-32.03156,-26.497423,-25.664137,-26.72985,-26.104734,-24.51724,-24.545723,-31.234154,-30.699226,-31.295774,-36.00626,-33.709885,-30.355528,-27.019669,-25.325436,-19.442713,-13.885523,-13.359307,-15.583988,-23.088762,-26.368229,-26.701965,-32.230953,-26.92316,-17.843082,-15.089424,-14.002302,-13.450878,-16.106218,-21.80095,-25.188665,-29.092564,-30.953335,-31.029036,-30.017889,-25.221481,-22.593882,-21.659573,-23.27919,-27.490025,-26.037645,-13.213013,-7.4855747,-7.3313684,-7.1717777,-10.68798,-20.66965,-19.506348,-17.31857,-15.387323,-4.462957,1.5034678,1.4440682,-5.2542896,-11.153318,-10.856713,-6.4939528,-5.7409053,-13.711767,-24.373243,-22.210762,-25.51922,-22.646622,-9.680286,-4.909607,-5.4742246,-9.848298,-15.711876,-22.648619,-26.010784,-27.569664,-30.327488,-28.960745,-28.467487,-27.471825,-25.338667,-25.049694,-26.845676,-30.780565,-34.961838,-35.95598,-32.190475,-29.375912,-28.386803,-29.196346,-29.18306,-31.630802,-33.362423,-36.562187,-36.983826,-35.748882,-35.15087,-38.156876,-42.899822,-40.344234,-36.023304,-31.62991,-28.435862,-29.778244,-28.661339,-31.186068,-32.779842,-35.66276,-37.42206,-30.865662,-30.503866,-36.29483,-40.786285,-41.69761,-40.309425,-40.522877,-35.823494,-37.770187,-40.774628,-42.302364,-41.702377,-37.920685,-36.202843,-27.313345,-26.270443,-31.471615,-33.57004,-35.169407,-37.085194,-29.92996,-27.785292,-31.626347,-37.116028,-35.216278,-34.894646,-31.040398,-27.526093,-26.961958,-29.44057,-32.763096,-35.8138,-28.786537,-26.798393,-28.869251,-33.026672,-34.727547,-35.74666,-23.7088,-18.434502,-23.326996,-29.421364,-29.586632,-28.073685,-26.981441,-28.28248,-31.403355,-34.678024,-32.434635,-29.02376,-30.332815,-30.932774,-33.670483,-37.159668,-40.687252,-41.170048,-33.49774,-32.18196,-39.22338,-45.551353,-42.587593,-38.176514,-27.08762,-24.574516,-26.173117,-29.85196,-35.938206,-33.18422,-26.831589,-27.952633,-29.620846,-34.49945,-37.93238,-39.981506,-42.601685,-40.990433,-40.6669,-42.802002,-40.63555,-41.562737,-45.447655,-43.637405,-29.767864,-21.236012,-19.216074,-15.777443,-5.274635,-1.0224967,-0.17535107,-2.6299686,-6.4886093,-12.931819,-21.116669,-22.244577,-18.332232,-17.370182,-17.164362,-21.274162,-21.490995,-22.0591,-21.7008,-14.344728,-10.644721,-12.512276,-12.611818,-13.6732435,-19.614082,-23.100163,-25.403542,-27.003094,-26.992886,-28.29256,-23.897644,-21.062065,-21.060673,-22.963812,-25.709791,-25.60715,-26.37264,-26.595324,-25.141123,-26.361652,-26.394306,-27.489292,-27.987728,-25.43164,-26.795967,-24.870842,-25.917969,-30.374386,-29.14364,-27.20581,-28.029032,-29.123032,-28.283941,-26.08171,-25.45818,-24.358723,-29.02216,-28.975643,-25.719292,-26.99444,-27.035908,-28.892252,-29.360306,-25.915009,-26.748514,-27.907455,-23.47388,-24.493525,-25.813074,-19.512306,-22.198227,-28.647612,-24.743195,-24.717825,-29.610613,-28.111301,-27.57473,-28.367064,-24.75568,-25.715092,-34.237476,-34.834713,-34.544872,-35.364326,-28.683632,-27.799522,-32.048096,-35.00252,-34.80848,-35.26203,-36.02633,-37.74991,-34.819218,-28.45457,-27.4962,-26.511839,-25.330292,-27.51461,-30.002201,-33.562515,-38.979324,-42.769615,-42.160053,-42.62528,-42.939415,-43.62596,-40.709976,-41.290558,-38.315723,-17.114943,-10.529072,-13.658373,-19.178411,-22.299644
-42.6915,-44.807907,-46.298523,-48.924088,-46.365746,-33.801506,-33.32322,-45.593716,-43.60839,-33.498474,-32.95594,-30.798412,-29.804844,-33.5587,-28.24741,-18.380787,-13.994905,-14.723416,-14.83438,-4.4523196,5.40698,10.786203,11.472935,8.63699,6.353236,3.8533213,0.9571762,1.4314101,2.819347,-1.4245905,-12.195951,-14.040071,-16.735928,-9.110624,0.09121884,1.8189873,-0.4012907,0.0026105917,0.96980786,-1.4255428,-9.435974,-15.705437,-7.809119,-2.3199337,-2.0820506,-3.3868194,-4.300933,-4.6467566,-5.1151733,-7.0468864,-11.212449,-13.216256,-16.658218,-17.083801,-16.912865,-17.021023,-17.092943,-17.326155,-18.939018,-19.557787,-20.79921,-23.748846,-23.807032,-22.381847,-21.801514,-23.13859,-25.80231,-23.29337,-21.977299,-22.717178,-23.616173,-24.613724,-23.999542,-24.1404,-27.15986,-30.686699,-35.22353,-31.164345,-29.167591,-28.609114,-27.689621,-31.681133,-31.490234,-32.30138,-34.316742,-30.202486,-29.336195,-31.70294,-34.08316,-31.730043,-32.29642,-32.957493,-36.96217,-34.91245,-28.742107,-25.09087,-29.712362,-31.218245,-29.812794,-34.798676,-32.809593,-28.68518,-26.415703,-28.606472,-35.280384,-26.618717,-24.18533,-23.66343,-27.339039,-33.078903,-34.647137,-39.28506,-36.561844,-27.896748,-21.389297,-19.597502,-16.86262,-19.380487,-28.532122,-27.638311,-25.20079,-23.31395,-26.790068,-34.61723,-37.686203,-35.88047,-31.051765,-26.299511,-27.360258,-31.027836,-32.47024,-31.488525,-32.193592,-27.50345,-27.882288,-28.933908,-27.14373,-24.951208,-29.362497,-36.80209,-25.771984,-20.230246,-19.99666,-20.312922,-25.85429,-34.029156,-32.146717,-31.02164,-36.711296,-41.993423,-40.148285,-39.483067,-41.665306,-35.59069,-35.499092,-29.807358,-30.01953,-29.95241,-30.467148,-39.8704,-37.52664,-33.873264,-32.260086,-31.510094,-32.425648,-32.49924,-33.575485,-34.850822,-33.161522,-29.991152,-28.093054,-27.96534,-29.149473,-30.801865,-29.23031,-27.33763,-32.450356,-35.684456,-33.936867,-31.383257,-28.949951,-26.412952,-25.904455,-28.396242,-29.836138,-32.4297,-33.180393,-27.29607,-23.025845,-26.71788,-30.644936,-32.255455,-31.363142,-25.677816,-26.738174,-32.701496,-30.388428,-28.416538,-28.003468,-33.599617,-36.0183,-37.832527,-32.25448,-29.501091,-32.18597,-26.413704,-23.529806,-27.266113,-29.639812,-31.533146,-31.719551,-36.765236,-35.14004,-29.431107,-26.218605,-26.49708,-33.033367,-36.641396,-26.538326,-19.15385,-18.770206,-22.136068,-24.557505,-28.49965,-29.67823,-30.052582,-30.706217,-30.742859,-31.315004,-32.341476,-32.38377,-33.20284,-35.51259,-29.862535,-29.938261,-29.751577,-33.176407,-37.089603,-35.958164,-36.81344,-34.704445,-31.277506,-28.540962,-24.060646,-25.209496,-29.656181,-30.23035,-34.135155,-31.213417,-27.744368,-27.539341,-31.273241,-34.23203,-30.857597,-27.08001,-28.304903,-29.576674,-31.242573,-28.963728,-25.280447,-24.46068,-28.605755,-30.039795,-30.551645,-30.246191,-32.719288,-33.23853,-32.367424,-30.440662,-25.939087,-27.583216,-30.37113,-29.072428,-29.098831,-28.421602,-33.664406,-39.61241,-34.963806,-35.41846,-37.588924,-37.28553,-35.539806,-29.251572,-29.563677,-31.733131,-34.507164,-37.09728,-38.821,-34.094246,-29.409437,-26.568651,-27.248749,-31.983612,-28.005735,-28.330976,-31.606922,-34.50577,-38.27499,-36.33203,-37.441254,-37.271103,-37.700325,-40.463104,-41.37173,-41.884,-43.87905,-42.810036,-40.751133,-39.10589,-41.71573,-30.62459,-17.757812,-13.993682,-14.513327,-19.246634,-24.627934,-23.350351,-21.434765,-10.587313,-5.576253,-4.149273,-3.3004138,-5.366161,-13.425437,-20.025751,-18.03528,-17.668978,-17.997864,-18.094799,-20.023964,-15.190168,-7.6569767,-8.334525,-18.880116,-29.568466,-20.927458,-17.464596,-10.491388,0.22015809,1.1639141,-5.14159,-10.194937,-5.0422487,-7.9160633,-19.138597,-20.000923,-22.589205,-15.952568,-15.206176,-20.16014,-19.81801,-22.46691,-20.795757,-10.966252,-5.723098,-3.1787775,-3.3718944,-9.650659,-24.459877,-22.781399,-15.556537,-13.171882,-13.936147,-14.467335,-18.383158,-23.128368,-17.658314,-12.169232,-9.520515,-8.567796,-10.319015,-16.199121,-21.207102,-24.178349,-24.718239,-21.401499,-19.974228,-23.365215,-22.820564,-23.73913,-18.067118,-15.513208,-17.859905,-13.584253,-8.749845,-7.932492,-7.6752224,-7.1211567,-7.703163,-7.508161,-7.83329,-7.9923716,-8.882523,-11.796149,-17.430237,-17.672424,-17.722347,-21.851551,-25.718176,-26.343761,-21.879417,-17.181868,-13.622967,-14.077969,-16.116398,-15.522104,-14.560452,-14.252139,-13.244428,-12.49173,-11.63389,-11.614237,-12.276054,-13.187299,-13.075938,-14.357461,-15.330137,-15.571825,-16.833906,-17.653824,-17.465366,-16.383423,-16.126865,-17.198086,-17.547388,-20.73944,-25.260109,-30.029127,-26.859438,-27.890528,-25.559843,-19.113983,-17.215454,-18.756361,-20.289894,-20.726957,-21.770765,-19.442738,-18.696516,-19.408136,-21.501114,-22.528555,-19.883354,-16.318336,-17.404606,-20.869194,-22.510586,-22.543514,-21.7043,-21.188099,-18.788511,-17.05144,-18.584955,-25.505846,-32.717014,-26.840065,-25.812567,-26.808279,-22.773693,-20.113962,-21.35112,-25.25257,-29.545074,-32.032204,-33.005318,-31.26525,-29.788303,-30.607693,-28.926529,-29.091976,-31.685965,-32.80745,-30.389439,-30.653809,-28.972576,-31.279278,-28.548624,-26.66315,-26.504864,-27.21966,-27.083172,-27.38162,-31.842222,-33.192295,-30.394054,-24.10899,-22.742165,-22.056692,-22.069605,-27.66484,-33.300636,-31.59927,-26.650126,-23.771397,-26.918432,-33.199486,-33.01468,-34.550274,-37.173923,-41.09612,-38.95908,-34.49246,-37.844658,-45.169163,-45.668297,-44.83692,-45.603985,-46.415783,-43.242676,-21.42438,-18.067345,-25.78181,-34.281063,-37.687515,-36.38125,-37.51799,-31.758823,-23.089333,-22.700407,-24.634502,-21.947994,-21.224258,-22.381222,-21.525928,-16.507519,-14.964823,-13.033729,-10.617949,-10.061704,-12.765764,-16.615932,-11.870765,-16.323248,-26.855556,-15.955767,-13.262772,-21.238108,-17.321833,-12.272982,-12.892438,-17.60153,-18.981102,-17.274233,-22.261833,-26.197746,-27.766924,-26.45272,-25.186861,-24.765495,-28.722832,-33.72185,-33.825306,-36.03275,-34.6673,-32.631126,-31.080822,-24.785648,-25.20718,-30.667355,-34.69218,-35.380856,-34.74917,-36.381786,-41.846085,-37.07785,-37.05526,-33.795387,-26.39637,-26.659805,-31.141647,-28.889112,-24.00366,-25.646702,-33.318184,-37.962177,-36.529644,-28.257998,-27.43153,-27.027739,-24.134684,-29.653845,-33.55197,-36.577206,-34.28841,-30.708027,-30.499592,-30.464298,-30.726986,-35.23082,-31.885517,-27.181692,-24.982643,-23.516571,-24.87027,-28.536873,-31.07117,-27.889309,-27.902548,-30.499477,-25.157764,-20.057467,-19.85836,-22.327065,-29.617146,-30.019867,-23.320614,-27.236088,-37.223045,-28.186388,-25.81177,-30.909023,-29.779346,-22.823164,-23.535942,-25.908016,-25.198826,-26.953447,-30.619534,-20.762537,-18.754091,-20.090399,-24.13578,-28.470596,-31.19127,-29.791313,-29.792587,-31.585861,-33.170246,-31.337856,-34.458176,-33.385994,-31.742533,-33.282646,-34.52336,-30.334362,-26.413418,-28.17369,-31.19031,-28.544176,-29.4903,-29.5123,-29.671518,-29.568638,-25.015574,-21.00114,-20.758526,-22.504217,-23.282797,-23.392525,-22.950527,-22.356224,-23.01977,-25.676386,-28.255775,-26.690863,-26.881142,-26.138,-27.237465,-31.67206,-31.8712,-32.148193,-29.199196,-30.020721,-30.864708,-26.443611,-25.065443,-25.94311,-25.712488,-29.458525,-29.132412,-28.321941,-28.25137,-34.08667,-38.92547,-42.416344,-43.399223,-44.459957,-46.098663,-45.422344,-44.12064,-45.387005,-47.568623,-46.908463,-49.44643,-50.442524,-47.958336,-46.16251,-49.500404,-50.098717,-48.861065,-48.80568,-46.455048,-33.705162,-27.16934,-24.26923,-22.562798,-30.323706,-32.28061,-21.678837,-18.216774,-19.052385,-22.370872,-15.433477,-11.437389,-10.556334,-14.349599,-17.331512,-17.16865,-20.153336,-24.374153,-7.0787935,0.47299898,1.5032747,-0.98259103,-5.062557,-13.268229,-20.64611,-18.542032,-18.483288,-12.562067,-11.800097,-18.553762,-14.069742,-13.593243,-16.521826,-8.1974325,-5.180201,-5.089698,-6.3973694,-13.757096,-21.700985,-23.574932,-28.16142,-21.418612,-15.93601,-18.392574,-22.202642,-24.501543,-25.703056,-26.362255,-25.410717,-26.257391,-28.346409,-29.37703,-21.185694,-19.889416,-25.325447,-30.559605,-29.50611,-27.603184,-30.91753,-33.07884,-32.773117,-34.24882,-28.28533,-25.876982,-28.449938,-31.98475,-37.579453,-34.97355,-34.72525,-34.456554,-32.689537,-31.825094,-33.358685,-39.034588,-37.848843,-36.98093,-38.220337,-35.659615,-31.664688,-25.712723,-21.62156,-20.890703,-23.660225,-29.673178,-30.803566,-25.290192,-22.553654,-20.47602,-19.603807,-20.170643,-22.331543,-26.79195,-33.792076,-30.93145,-25.79894,-24.285553,-25.72193,-27.379616,-22.452986,-25.102522,-29.452843,-30.038055,-26.83662,-23.127222,-23.503218,-27.245552,-31.578735,-28.986107,-29.997274,-36.34787,-33.587353,-18.341585,-14.625811,-14.805499,-11.930276,-6.1588945,-3.8647487,-3.9577034,-7.938853,-13.606503,-15.516063,-16.252247,-18.491098,-21.595709,-26.891876,-23.735964,-21.028896,-17.563936,-12.362925,-9.365277,-7.779445,-8.287794,-8.270022,-9.329994,-10.38103,-11.276475,-12.092067,-11.186409,-11.293781,-12.607824,-14.235962,-13.046027,-11.885724,-13.28555,-14.264713,-14.182762,-14.088393,-13.022576,-12.101564,-11.5422535,-12.345857,-14.289291,-15.843209,-15.266104,-15.618029,-16.562449,-17.010387,-17.367203,-18.46453,-20.825512,-24.09682,-27.15886,-26.89743,-21.416416,-18.681194,-19.939259,-24.275005,-23.809616,-20.181816,-19.805141,-22.41973,-30.040184,-36.02683,-37.33623,-37.147263,-31.355835,-27.002228,-26.368595,-27.681332,-24.76469,-22.025925,-18.698696,-19.764177,-23.305368,-30.937267,-34.709,-34.31462,-30.8928,-27.498816,-31.65351,-34.551426,-33.052505,-36.356647,-41.458897,-36.420456,-31.805641,-30.140396,-28.160553,-28.37867,-29.88926,-31.77763,-32.955734,-28.133802,-26.384848,-31.043608,-33.108727,-36.238953,-37.806767,-43.421368,-44.140526,-42.61883,-32.011448,-25.855942,-24.962757,-31.068613,-38.134216,-39.320625,-39.25557,-39.753975,-28.394316,-23.485378,-27.122519,-32.05079,-31.77406,-33.11534,-35.43313,-34.912388,-28.217524,-24.468723,-27.95802,-29.678919,-27.694132,-26.568136,-26.033514,-26.138206,-24.950583,-23.742235,-25.085499,-28.227215,-28.551277,-28.909245,-29.045744,-27.796272,-26.095848,-26.909267,-27.393044,-26.449244,-19.717567,-20.803982,-30.322308,-25.709621,-22.312939,-24.375174,-19.454,-16.01173,-16.525772,-23.522568,-27.261908,-25.862568,-21.554733,-18.123585,-17.33362,-17.166765,-18.42686,-20.932423,-23.828192,-26.6947,-23.47379,-20.611145,-20.59148,-21.266743,-21.87691,-24.065638,-25.850956,-25.864948,-25.710915,-27.995834,-29.334679,-29.343979,-30.253578,-32.00879,-33.915073,-36.76774,-39.710064,-37.643364,-39.106815,-41.934147,-40.230183,-40.52322,-40.682205,-42.439064,-40.1483,-43.2177,-40.464138,-36.241592,-35.106853,-33.992977,-33.37477,-34.966682,-37.39151,-31.413708,-24.483006,-24.285585,-27.263166,-32.425907,-29.330156,-27.365658,-33.819355,-31.85535,-25.059053,-27.213428,-25.956192,-24.465141,-28.001152,-26.704277,-20.1354,-15.178138,-15.099104,-17.522007,-23.760906,-24.272404,-27.27267,-29.585264,-28.657312,-23.671799,-21.910759,-21.891232,-22.788477,-25.61338,-29.721237,-31.233604,-28.360973,-26.532534,-27.956335,-25.130884,-23.431017,-25.39999,-25.04669,-22.804188,-17.602774,-17.606136,-18.34578,-11.6241255,-8.048342,-6.3115573,-8.791563,-15.526445,-18.212315,-18.34825,-16.025467,-9.701418,-3.554861,-0.11428562,-2.077681,-4.633067,-3.8747575,-3.767983,-7.0147943,-18.287125,-25.460323,-22.306149,-25.213436,-26.797546,-21.442883,-21.206987,-24.348307,-26.698479,-25.4897,-25.768517,-27.276466,-26.846996,-26.814598,-30.126644,-27.680351,-26.77923,-23.303926,-21.477596,-23.663607,-28.496553,-27.02493,-29.367226,-29.77441,-31.69134,-36.23961,-35.00215,-34.81614,-33.538635,-30.921324,-33.509144,-36.863358,-39.149193,-40.88661,-39.977592,-39.149544,-41.142815,-40.334152,-29.653833,-26.796364,-29.228,-26.697243,-27.972567,-31.730135,-36.270226,-35.721268,-30.929842,-32.90167,-36.67425,-40.81871,-42.584476,-40.835514,-39.49808,-33.525734,-35.296688,-37.77833,-39.259377,-40.94267,-41.40168,-39.053158,-28.678133,-26.80574,-28.0427,-29.961071,-34.458076,-36.604504,-32.61989,-33.545094,-33.261086,-33.452076,-35.2894,-36.264572,-35.2589,-34.94495,-37.698406,-41.712643,-41.476383,-33.928375,-27.663021,-27.916737,-29.402935,-31.143866,-33.637558,-36.041054,-16.211197,-6.4163523,-5.143135,-6.3898716,-7.07475,-8.012321,-10.751921,-16.519955,-24.10721,-29.252575,-26.072216,-23.018059,-25.373785,-25.833597,-25.361216,-30.065155,-35.92358,-38.711357,-30.16556,-28.954391,-38.718445,-38.833195,-36.53518,-34.547726,-24.021381,-19.1933,-18.923029,-22.385849,-27.52464,-30.576271,-27.773033,-25.746159,-27.72394,-31.594046,-35.24853,-33.520924,-32.952904,-35.64,-39.75505,-41.76312,-42.743446,-41.964256,-41.02659,-42.44361,-33.043808,-21.118792,-17.760052,-20.973068,-19.853357,-6.8546143,4.0115542,7.4921656,7.509215,5.7573605,2.2388725,-0.6847131,-4.307898,-9.585201,-9.228667,-9.617276,-14.711956,-14.107386,-16.121206,-15.984677,-12.820119,-11.653815,-10.097244,-12.347679,-16.74807,-22.387896,-26.093842,-23.385109,-19.56264,-20.077164,-21.971684,-20.045214,-19.359081,-20.633585,-22.430685,-20.63683,-21.904411,-27.001274,-26.74658,-24.91844,-26.819248,-28.990658,-31.728455,-28.976963,-27.932144,-27.07454,-27.564154,-27.767065,-29.690744,-28.308216,-30.871658,-32.10752,-29.490387,-26.347292,-26.470507,-27.062832,-30.285255,-31.570847,-29.119308,-28.997175,-27.714369,-30.222317,-29.957066,-28.084084,-28.48233,-30.621702,-22.978184,-23.307714,-21.007599,-8.142744,-4.574801,-6.882764,-10.402475,-11.504918,-20.252245,-26.938906,-28.34185,-26.677528,-26.839687,-25.953194,-29.644596,-27.007933,-25.12143,-28.906366,-22.673706,-19.74931,-24.011208,-32.429943,-31.447115,-31.685032,-32.95321,-34.498684,-32.904057,-30.800169,-31.371176,-30.921257,-31.2834,-31.99081,-29.265158,-26.11971,-27.600431,-30.106228,-30.906006,-34.52517,-39.08764,-41.284252,-37.72447,-36.09717,-32.51495,-25.285378,-20.422268,-23.746002,-29.131496,-27.110004
-42.456974,-43.184143,-46.035072,-47.97412,-45.117794,-33.41195,-32.583244,-42.42543,-47.99969,-41.970535,-41.350285,-37.148746,-33.539433,-36.335938,-29.292795,-18.833961,-16.848972,-17.549088,-19.327,-23.008572,-21.31147,-9.404585,0.73367363,4.859978,7.5608406,8.630206,8.384644,8.01929,6.454458,-0.12963416,-10.748259,-13.559324,-20.650707,-12.2527275,0.18606725,5.4454226,6.5013275,6.216447,5.5477247,1.7871304,-7.8953547,-11.034822,-5.634045,0.067481145,2.416878,2.6126924,2.0674362,1.3827074,0.6233008,0.199869,-1.0339388,-3.0093951,-6.774579,-8.161865,-10.467239,-13.405467,-13.867721,-12.528555,-13.406862,-15.511799,-17.938158,-19.762293,-19.402855,-16.700256,-16.849648,-18.719648,-22.379124,-21.224411,-18.932892,-18.648298,-19.724396,-21.033825,-20.809963,-23.753014,-23.812113,-27.650322,-34.969055,-27.700947,-25.796167,-29.943316,-30.306816,-30.669325,-30.025738,-33.8468,-30.168259,-25.441826,-28.165085,-33.556248,-34.270424,-30.987768,-30.991898,-29.660807,-31.146904,-33.83116,-27.403774,-24.944677,-27.527294,-31.868513,-32.0703,-31.171608,-33.806618,-34.000404,-31.167986,-30.17354,-32.639347,-32.681385,-33.16037,-30.099165,-30.223953,-31.665276,-32.34842,-35.529984,-36.96644,-34.73363,-30.080969,-23.7523,-17.711592,-20.662903,-30.281069,-27.327286,-25.605495,-23.87625,-26.836468,-32.101418,-37.911407,-34.98439,-31.628838,-19.957443,-15.499114,-16.320738,-19.768917,-25.899513,-30.655407,-23.132202,-17.952333,-15.542332,-16.145294,-19.19839,-27.755812,-31.342834,-24.8921,-19.576069,-19.661562,-21.236372,-26.51159,-25.61822,-26.332134,-28.65218,-31.315346,-33.208576,-33.123657,-33.582916,-36.920303,-33.987663,-35.153126,-29.443617,-29.79945,-31.984644,-32.13942,-39.206192,-39.717148,-36.53007,-34.551575,-32.881107,-29.823492,-30.287388,-31.409071,-34.86617,-30.373354,-25.801966,-20.676643,-24.735455,-31.225418,-30.524414,-29.138964,-27.133438,-34.476357,-29.505436,-25.828552,-31.18018,-34.943394,-35.51367,-35.890167,-37.516804,-34.17026,-35.088226,-33.09569,-26.77561,-18.337925,-16.777063,-17.439838,-17.778261,-22.209871,-25.039825,-24.755428,-29.104807,-25.146755,-21.1851,-22.892742,-30.683615,-32.924435,-26.569344,-22.320496,-25.773504,-32.59292,-23.919802,-15.974006,-13.571789,-15.477047,-19.804094,-23.324696,-24.371738,-26.749184,-25.482702,-25.686615,-27.809599,-29.558922,-32.573555,-26.152363,-24.538786,-25.36379,-29.836075,-29.03556,-31.698217,-34.91319,-32.676502,-30.561655,-29.83796,-29.85609,-32.96665,-34.456165,-34.95658,-34.018677,-32.819996,-32.41112,-31.319677,-32.74621,-38.13612,-37.21228,-36.438793,-36.949642,-34.265263,-31.711758,-25.287064,-25.47489,-31.82375,-34.32193,-34.048897,-31.478912,-29.189571,-31.373508,-35.036854,-37.08789,-30.667665,-26.381495,-29.833843,-30.456522,-31.138584,-35.18377,-34.292454,-20.494831,-16.012632,-20.66595,-33.054005,-33.21427,-35.88184,-38.563137,-36.670715,-30.104908,-25.323025,-27.195217,-32.4821,-33.052464,-31.687706,-31.817165,-35.80604,-39.693214,-33.490643,-33.3517,-37.311405,-36.005894,-34.31388,-29.17904,-28.410227,-30.416828,-31.150356,-34.15987,-37.989193,-36.30502,-30.519485,-29.618101,-32.388138,-32.09505,-28.487951,-29.674532,-33.039154,-37.481556,-39.767185,-38.09697,-39.96141,-39.013474,-38.829453,-40.63471,-43.33897,-44.42434,-45.059647,-45.348038,-44.993507,-47.084892,-47.635418,-36.957848,-29.070496,-30.781782,-36.0389,-41.623528,-41.155373,-29.873,-23.497108,-23.239883,-23.527626,-17.312468,-13.593533,-13.61074,-19.25709,-9.161883,-5.744143,-12.075489,-24.32293,-16.469156,-15.343312,-8.225481,0.2146595,1.0869424,-4.6846437,-16.76568,-14.84888,-12.590312,-15.058847,-1.7989762,4.0449514,4.997015,4.8273325,3.5517144,-4.388413,-14.994783,-19.508688,-22.129269,-10.197335,-4.659712,-5.893667,-13.387274,-17.65691,-16.032433,-14.760309,-17.048447,-19.247116,-20.078617,-20.483341,-21.55095,-18.919127,-19.954975,-23.415392,-24.756226,-24.925655,-23.37303,-17.988205,-16.710873,-20.662365,-19.733597,-21.362648,-18.498112,-18.419472,-22.658344,-24.210503,-22.170916,-23.47272,-25.596476,-27.714746,-27.407942,-27.588158,-19.475883,-17.517197,-22.066545,-23.777134,-25.772007,-28.091452,-26.217558,-26.98244,-27.250364,-27.897945,-26.439201,-26.592575,-27.005356,-25.29475,-25.653543,-30.017403,-32.61115,-31.548452,-32.174004,-31.476463,-30.55833,-31.537361,-31.591309,-33.499207,-30.61287,-31.68995,-34.463524,-33.37989,-34.379406,-30.976648,-31.991154,-31.417257,-31.574184,-33.1356,-33.933697,-33.65316,-34.90317,-32.993843,-30.873402,-30.4025,-31.465221,-30.387096,-31.512123,-33.022404,-31.72368,-32.03943,-33.332615,-32.799133,-33.130737,-38.091785,-36.025776,-33.844814,-35.571663,-36.62871,-35.24135,-33.0339,-34.453217,-36.996983,-38.152714,-37.4052,-37.268494,-35.897022,-32.698082,-25.73677,-26.510515,-31.967854,-33.93181,-33.60145,-34.540253,-38.23257,-34.95445,-30.853193,-31.194675,-31.058388,-36.75193,-31.627085,-28.822481,-25.665276,-28.414862,-31.62154,-31.359043,-29.916973,-32.33676,-31.43221,-31.914728,-33.645504,-31.27433,-29.17077,-27.752506,-30.231205,-31.489584,-27.745163,-25.143097,-25.602646,-30.434877,-32.67822,-36.56649,-33.760803,-27.496946,-24.958363,-28.217527,-31.392517,-33.35681,-36.171967,-34.618736,-30.463583,-29.334068,-27.696957,-29.24952,-33.430653,-33.832237,-29.779207,-23.561592,-23.66416,-29.081785,-31.590103,-36.06921,-37.085003,-39.34973,-41.90087,-44.55194,-41.074123,-41.10679,-44.4629,-43.92063,-45.2985,-46.133812,-45.65043,-38.707253,-23.749187,-18.18074,-19.87621,-25.775043,-29.684229,-33.52454,-36.699368,-30.901695,-23.724857,-24.829857,-26.114397,-29.648563,-29.941715,-29.462317,-21.49723,-12.716658,-8.431497,-6.2259603,-4.8200946,-5.307494,-10.297055,-11.837052,-1.954549,-0.5043482,-3.3209453,-4.171361,-6.164381,-15.827681,-16.079746,-11.469332,-8.886304,-8.072258,-9.829623,-11.486853,-17.641314,-22.358002,-24.330868,-25.262545,-24.355453,-24.455702,-26.798782,-27.736118,-28.007889,-30.59092,-27.478458,-27.026968,-24.80022,-16.469028,-16.009514,-22.641068,-27.377644,-26.518993,-30.912575,-32.772507,-34.74054,-34.15937,-34.13818,-31.14767,-25.70159,-25.953083,-28.963097,-27.628572,-28.120443,-27.870476,-31.169472,-35.85611,-34.143425,-30.811066,-28.555239,-27.612759,-28.094566,-33.798603,-34.270344,-30.745743,-28.043959,-25.03504,-25.976183,-24.689959,-23.313889,-25.82177,-24.302948,-24.416092,-28.085127,-30.58278,-29.363743,-27.42451,-24.447374,-24.028337,-30.538414,-34.41367,-33.287197,-31.381313,-32.638344,-34.69445,-36.869297,-29.346401,-18.462994,-14.052792,-15.418601,-16.743166,-20.04134,-26.808435,-29.336582,-25.782736,-25.529802,-23.320322,-22.941177,-24.901775,-31.375954,-23.43259,-20.02434,-17.353851,-19.151665,-19.063286,-24.217232,-34.256863,-32.52312,-30.339397,-31.546995,-34.44591,-32.8432,-33.960323,-31.5767,-31.345535,-33.440536,-31.567375,-26.97753,-25.006533,-26.23823,-26.36961,-26.318321,-26.097319,-25.427437,-25.64665,-24.62539,-25.557941,-26.161541,-22.752674,-20.046633,-24.2566,-29.22161,-31.56393,-30.701965,-30.635939,-25.769808,-26.686037,-31.993252,-29.394808,-30.179255,-33.422474,-34.3895,-30.190126,-30.24144,-29.289656,-28.759642,-26.762753,-23.512384,-24.771793,-24.228428,-24.261446,-23.003815,-25.310812,-29.072954,-33.672203,-36.97886,-41.057343,-40.375053,-44.452446,-45.99333,-45.107883,-45.56387,-45.530235,-46.21097,-49.12186,-51.529373,-48.871273,-47.89143,-46.744045,-45.970413,-45.49476,-45.995285,-44.148163,-43.526527,-38.28662,-29.980509,-26.785763,-25.617233,-29.726673,-33.21901,-22.213041,-7.675876,-3.6730077,-9.049475,-19.666458,-22.564718,-22.006626,-17.326647,-16.384714,-25.27145,-24.508247,-24.32592,-7.730308,0.7369539,3.601367,4.534126,4.4657536,4.039866,4.1133304,2.5581098,0.051648937,1.1358688,-2.5490701,-10.652799,-10.889833,-10.432225,-9.122093,-5.5109873,-1.6950625,-2.4651642,-7.3924403,-13.327031,-15.376333,-18.250498,-21.574718,-18.558453,-15.305012,-15.6717005,-20.21563,-22.21013,-20.813614,-22.868444,-23.875038,-23.602999,-26.861938,-29.743898,-25.648527,-22.073921,-23.438818,-26.572237,-24.319647,-25.508307,-25.952875,-28.330402,-28.137968,-27.828493,-26.489464,-26.226788,-27.128733,-32.214046,-34.89083,-32.69325,-33.715855,-35.170902,-32.176582,-31.61966,-33.202427,-34.06507,-32.386288,-31.422932,-33.44777,-30.754385,-28.958263,-31.244923,-33.901363,-37.5143,-35.653168,-37.234962,-39.924686,-40.140663,-40.521378,-42.681393,-41.356873,-40.024094,-41.962364,-45.835915,-46.92551,-45.63566,-42.266457,-42.55758,-42.093758,-23.041113,-12.23495,-13.880743,-28.028019,-28.109821,-24.863035,-25.60252,-23.548365,-26.326332,-18.377522,-9.930097,-8.994229,-12.211372,-18.059013,-11.723864,-12.996733,-25.967407,-25.30587,-24.934708,-26.511814,-30.04026,-29.104729,-27.082363,-28.108767,-24.00581,-16.451227,-14.078399,-14.093829,-15.548281,-18.621742,-23.8047,-28.813194,-32.33227,-31.11724,-29.444595,-30.694824,-32.194336,-31.655273,-32.631832,-33.509186,-33.965107,-34.63765,-36.883484,-38.99944,-38.254555,-40.221233,-40.619026,-42.091476,-40.261574,-39.88078,-40.49324,-39.2018,-41.27774,-35.22873,-28.059975,-27.79258,-31.102173,-31.28817,-30.890234,-31.012545,-32.712406,-32.243465,-35.15426,-35.098694,-34.2265,-34.664448,-36.76449,-38.42408,-40.604168,-41.62786,-39.83991,-39.116768,-35.50905,-35.622353,-36.40084,-38.940685,-43.266388,-42.464355,-40.70339,-36.560913,-29.936388,-26.891611,-25.921677,-26.546543,-24.636646,-28.069765,-29.561806,-25.832588,-21.839914,-21.460033,-19.715103,-21.8577,-30.268152,-34.875256,-36.801136,-38.77348,-40.18894,-37.36873,-31.288708,-23.496273,-20.470781,-25.333826,-35.898224,-38.55553,-34.59225,-27.58997,-26.133509,-29.878347,-30.20584,-33.234848,-32.694496,-33.178757,-37.16391,-38.51927,-31.43378,-27.563114,-28.193668,-31.131756,-39.015266,-37.950684,-36.555504,-35.24321,-24.74413,-19.418146,-23.198454,-26.581772,-28.800102,-29.284956,-31.478804,-33.18345,-27.814806,-24.935587,-27.463093,-30.82505,-33.018574,-31.435423,-29.647926,-27.111418,-31.320372,-33.31683,-35.913628,-36.259346,-34.87084,-39.191895,-39.92416,-31.983856,-29.41458,-33.35711,-34.279613,-29.258268,-27.488821,-27.610664,-31.96583,-22.01068,-15.755982,-16.335194,-17.47196,-20.22865,-27.407974,-35.7891,-37.955288,-37.238617,-37.920364,-38.738705,-41.033916,-42.24625,-40.87193,-40.74183,-41.969635,-45.149223,-37.73262,-29.22778,-30.908436,-37.432655,-33.359234,-33.95684,-35.876312,-34.80105,-34.816105,-35.419315,-33.16769,-30.823437,-30.101727,-28.121319,-31.528076,-35.915833,-39.288666,-40.967064,-40.154915,-41.30004,-39.714607,-40.042038,-40.476856,-39.657112,-36.36843,-41.50482,-40.909805,-38.142017,-36.63282,-32.015793,-30.936317,-31.660389,-35.14098,-31.92791,-20.626383,-21.359924,-26.666527,-29.96793,-30.132145,-31.527739,-35.381985,-28.155157,-17.588634,-15.260628,-17.407604,-23.010538,-30.977581,-33.78461,-34.498787,-30.69542,-26.70439,-24.096107,-26.907581,-28.452845,-31.008282,-30.517054,-30.278978,-29.866234,-30.17421,-29.316713,-29.136066,-30.615417,-34.537865,-36.714577,-35.865883,-33.76575,-31.361286,-29.462086,-27.612453,-28.45789,-29.86839,-26.31041,-19.38978,-17.30398,-18.802118,-18.334723,-22.449656,-15.436626,-2.5760598,2.2559366,2.0446475,2.086397,-0.39238936,-7.847209,-11.822144,-11.699093,-14.349294,-17.666992,-17.0326,-17.040155,-15.32708,-18.221825,-25.660725,-24.33752,-24.832582,-22.48803,-20.284687,-22.687914,-24.680166,-28.364058,-27.817139,-28.44882,-19.893002,-15.263311,-14.03015,-13.219572,-12.938229,-15.6645565,-22.894821,-26.151285,-29.556309,-30.96006,-29.227083,-28.553413,-26.235659,-30.990673,-34.59522,-35.222454,-32.86185,-33.37039,-30.863678,-32.39734,-37.281044,-37.19917,-37.15705,-40.20144,-39.301716,-38.702602,-34.97764,-28.574553,-24.266632,-27.248901,-27.365479,-28.773827,-32.579876,-34.14643,-29.933788,-31.53744,-34.45128,-35.371567,-36.76372,-38.748722,-41.18992,-40.142204,-32.85969,-31.78074,-35.72107,-37.032745,-37.85131,-37.83355,-32.8455,-22.648342,-22.480192,-30.331156,-32.994907,-32.252613,-29.809559,-28.702307,-31.304178,-32.33415,-35.089973,-36.77192,-37.306263,-39.991676,-44.24711,-45.659275,-41.981922,-40.19603,-33.6951,-22.234035,-20.418226,-24.683533,-30.712759,-31.507425,-27.444475,-22.795599,-14.569439,-13.5360565,-15.071503,-15.95997,-17.226704,-19.418911,-23.711012,-30.096989,-36.076103,-32.11272,-30.489006,-33.90942,-32.302986,-32.744434,-37.309727,-41.927525,-39.15707,-32.444782,-33.007458,-40.709377,-36.58008,-32.15113,-33.104584,-32.439533,-31.469755,-34.628006,-39.9072,-38.6765,-38.869576,-28.427107,-26.855314,-31.30539,-34.02368,-37.3031,-38.679016,-38.28737,-39.888798,-42.184113,-44.18133,-44.570408,-44.72999,-45.005688,-44.681786,-31.041346,-15.35829,-7.7079744,-6.800723,-14.851475,-21.275072,-11.335469,-9.265635,-3.8988307,1.997436,3.8644814,4.328456,4.124191,4.5538545,5.3742576,4.6216307,2.537148,-0.18128468,-3.128736,-6.5189543,-6.6755443,-6.8229556,-8.846864,-9.751405,-9.107947,-10.111593,-10.549642,-11.821402,-13.010935,-11.113824,-9.724666,-9.554184,-8.883192,-9.067137,-10.576124,-12.855547,-14.649189,-15.226365,-14.77317,-15.479996,-20.295563,-20.446043,-15.594236,-14.307634,-16.231077,-18.351032,-18.064758,-19.700424,-23.264704,-25.056595,-26.604708,-29.01124,-29.838074,-27.945015,-28.285524,-33.83313,-32.720398,-29.866371,-30.134968,-29.34608,-29.592926,-29.24591,-29.003029,-29.9334,-27.535034,-25.180742,-17.773643,-20.08832,-25.451015,-10.754114,-3.678895,-2.206969,-3.7889452,-10.216267,-21.597618,-22.974398,-24.067375,-26.686592,-25.649609,-25.014288,-27.013565,-24.249163,-16.714977,-14.487942,-8.559584,-6.9135475,-15.454388,-26.484404,-25.594486,-26.431486,-30.454094,-31.92101,-31.776138,-32.276524,-29.731407,-26.143158,-28.968906,-33.19165,-29.423111,-28.401527,-27.871485,-26.632574,-25.237309,-28.18916,-31.903246,-28.74926,-29.268875,-33.065853,-29.464958,-27.053015,-25.53086,-23.99495,-26.497425,-26.456951
-43.323715,-45.336235,-48.149513,-48.97823,-45.095715,-38.27129,-37.50676,-45.565567,-52.198196,-50.682655,-47.58717,-39.450333,-31.598743,-33.722095,-29.632313,-20.426188,-13.290214,-12.897587,-17.843891,-20.96485,-23.451479,-20.055573,-18.324894,-17.078636,-16.186028,-16.097866,-14.482703,-13.808698,-15.384978,-17.950176,-30.100534,-34.803474,-33.25969,-21.7881,-17.723633,-18.370312,-17.993961,-19.458168,-22.922081,-20.945255,-26.201612,-31.756075,-26.540958,-23.292213,-23.553629,-25.154911,-22.235222,-21.040812,-20.996677,-20.692064,-17.74407,-19.942947,-22.909796,-23.781067,-28.38673,-30.585127,-27.57763,-26.671425,-31.331213,-31.243748,-28.570633,-30.45126,-31.076868,-29.995186,-24.305143,-22.009794,-23.574371,-28.283531,-27.829075,-31.148806,-29.537254,-31.133451,-34.02126,-33.523956,-30.46015,-31.268217,-34.611763,-38.114693,-40.399532,-34.834526,-33.389378,-32.159344,-35.022858,-36.605034,-32.55101,-32.60579,-33.84236,-36.824757,-34.945763,-31.237537,-28.671944,-26.025742,-25.488531,-30.752752,-25.389057,-22.388933,-24.379007,-29.267902,-32.335648,-32.17939,-35.090984,-33.217606,-34.09963,-32.023293,-30.700266,-32.86759,-35.954815,-31.940514,-27.351189,-27.51383,-28.241472,-29.742226,-34.24173,-34.784264,-34.947052,-34.545685,-31.796898,-32.53466,-31.859028,-25.24498,-24.137638,-30.230444,-29.824677,-29.32516,-35.218452,-34.309807,-27.901594,-17.063768,-13.333309,-14.880796,-19.560064,-26.048498,-32.151737,-27.55952,-27.23267,-26.894413,-29.009163,-29.35362,-33.957993,-37.065502,-28.987381,-26.537302,-27.595884,-20.779762,-20.691029,-23.27013,-24.303776,-26.169994,-26.777533,-29.869,-30.365198,-31.542183,-35.560726,-33.498646,-33.47416,-31.00478,-30.124527,-32.639458,-32.50276,-35.54113,-38.658794,-36.293713,-34.41596,-34.614388,-36.861835,-35.23264,-35.76679,-34.492794,-25.707512,-24.74142,-23.99867,-25.619152,-22.589848,-23.30867,-30.219946,-32.63228,-34.79158,-29.848091,-28.648682,-33.482807,-31.579887,-33.79985,-36.60665,-38.556,-37.99613,-36.499004,-30.020468,-27.389908,-26.258152,-24.164488,-24.40886,-24.913727,-27.784613,-26.615833,-26.114319,-30.771639,-29.040087,-26.700756,-25.469553,-31.968367,-31.198442,-26.117233,-25.565893,-29.951447,-34.772163,-24.506128,-18.330557,-17.17368,-17.603065,-19.344213,-20.694448,-20.717197,-23.618538,-27.21027,-32.439186,-31.822302,-31.077892,-30.41548,-23.280079,-22.798687,-25.185022,-28.304089,-28.591108,-31.045988,-33.14573,-33.04359,-33.826424,-33.138878,-32.036064,-30.285337,-27.257355,-26.820595,-29.415329,-31.707542,-31.473011,-30.650978,-30.098791,-32.018772,-35.666134,-35.91077,-35.53843,-32.30036,-28.768398,-23.149063,-23.821255,-29.604109,-33.547653,-35.45563,-33.11088,-29.523094,-30.499401,-35.828396,-38.096203,-34.601627,-31.848396,-28.536108,-27.93565,-29.864468,-31.626999,-32.940987,-24.312937,-19.796825,-24.067978,-30.880919,-29.183765,-32.29939,-36.51635,-34.32173,-25.203548,-22.482216,-26.406662,-29.26298,-33.783745,-35.16829,-36.73675,-39.33908,-39.611076,-33.14056,-32.026062,-37.193237,-39.15204,-35.34824,-34.168247,-34.601654,-33.021065,-32.61892,-38.580006,-40.695057,-40.14263,-36.126335,-31.989878,-28.342052,-28.712734,-27.11005,-26.607008,-31.030624,-32.79081,-39.130844,-41.962532,-41.449623,-42.433758,-47.507286,-48.983185,-46.887886,-47.2593,-48.64982,-48.727943,-45.25381,-45.98793,-47.000458,-39.565643,-33.450523,-29.095863,-28.875301,-29.461243,-30.962635,-30.690212,-23.383558,-19.951466,-21.829014,-23.587234,-25.344076,-24.768312,-23.910248,-8.020979,-1.1712114,-0.76427126,-3.250753,-4.2817097,-9.390291,-16.867424,-10.550987,-1.1257309,1.7651857,0.12190537,-3.3049943,-9.010105,-20.778437,-17.079046,-8.097599,-1.7582006,-0.5822741,-4.431402,-14.026289,-18.086155,-21.212189,-23.928812,-17.531666,-7.1946335,-1.1200165,0.04984006,-0.5479395,-1.9479942,-8.089754,-16.621883,-20.345055,-20.537004,-20.550407,-22.928104,-19.480278,-16.629456,-20.780611,-24.772297,-23.55794,-25.923635,-22.83064,-18.927286,-21.567223,-23.099958,-21.304249,-15.831261,-17.326164,-22.465828,-25.070093,-26.924042,-26.825783,-27.4455,-26.469288,-24.454666,-25.526089,-17.669317,-13.314142,-12.780646,-15.207119,-21.270393,-25.41735,-28.681896,-26.443455,-26.840479,-26.785316,-26.908045,-27.242002,-26.768764,-21.209515,-22.412144,-27.98107,-28.449335,-28.209917,-29.317396,-33.542534,-32.251934,-34.290737,-33.724792,-31.970177,-31.30639,-34.57811,-35.45464,-33.832355,-35.616127,-32.479073,-30.435944,-32.550312,-33.49591,-32.127922,-34.328724,-33.02447,-32.890198,-32.53356,-31.665144,-33.98893,-36.179626,-35.20844,-34.37264,-33.788864,-33.930107,-34.27043,-35.377964,-37.25476,-38.484875,-37.989376,-38.151543,-36.71131,-37.396873,-38.739693,-36.998158,-33.678173,-33.563316,-37.40147,-39.091026,-34.750523,-35.291,-37.48917,-29.94513,-23.167534,-25.303993,-31.202492,-32.681908,-36.788857,-38.105236,-38.281803,-38.26649,-37.075752,-31.303919,-29.399902,-35.945133,-31.827982,-29.35453,-23.956581,-21.957197,-24.375473,-21.409748,-20.573181,-21.777206,-25.074745,-32.440228,-36.38533,-32.265514,-27.16094,-26.285583,-28.49224,-28.903875,-28.086975,-29.11456,-27.169025,-28.909122,-32.34075,-33.192722,-27.60068,-25.810335,-27.314873,-26.738472,-29.74694,-30.298164,-32.974598,-31.83872,-29.736698,-31.79499,-29.353628,-29.314507,-31.324816,-36.311283,-31.557255,-23.031694,-21.887825,-27.745762,-31.607283,-35.017044,-36.75075,-38.9016,-42.974453,-44.619083,-42.74488,-43.997734,-46.211315,-49.06031,-48.32323,-47.40376,-47.66324,-39.11916,-18.522915,-10.661646,-10.023884,-12.756737,-14.6074095,-22.962301,-20.67954,-16.946814,-17.759735,-19.623682,-24.613707,-25.762556,-26.0143,-25.336197,-22.452435,-21.86408,-22.127327,-24.12339,-27.511421,-27.526789,-26.666218,-23.558588,-10.468729,-4.6629734,-2.6853638,-2.8942542,-7.451825,-20.027016,-25.179935,-27.796926,-24.73679,-21.63542,-16.95666,-13.581945,-20.316826,-28.295,-28.432251,-31.896477,-31.266819,-24.847618,-25.078098,-26.464827,-27.251755,-28.722097,-24.515991,-26.804235,-28.72981,-16.993782,-12.256713,-14.261237,-18.482471,-20.958853,-23.915077,-25.37386,-24.871487,-27.896286,-31.427555,-28.535023,-24.474514,-23.482283,-26.82034,-27.770082,-28.105156,-27.859634,-26.139149,-29.53738,-35.33767,-33.873615,-34.222458,-30.777622,-26.17498,-31.480133,-34.59783,-29.769213,-27.123718,-25.714092,-27.655151,-25.664955,-24.094894,-25.945923,-24.828165,-27.656212,-35.041515,-29.027714,-26.173172,-29.306889,-29.351364,-31.018133,-27.201702,-26.329227,-26.234451,-29.735264,-27.264095,-28.35796,-34.42944,-29.48605,-19.264168,-14.709776,-12.758111,-13.643021,-18.77195,-20.315018,-21.9048,-22.407463,-20.799854,-22.248087,-25.33653,-29.274313,-32.258373,-24.870892,-20.080994,-14.206323,-14.114331,-16.621624,-24.012644,-35.49275,-32.255753,-24.73284,-21.2224,-21.014376,-21.928434,-25.818012,-30.417318,-28.952942,-32.030315,-33.992416,-32.288185,-28.279894,-28.55734,-32.11304,-29.414808,-27.822817,-31.86122,-29.68718,-23.369015,-24.910849,-31.109528,-27.24551,-25.491364,-31.711323,-36.326443,-33.9831,-32.880802,-33.739773,-34.641262,-32.29941,-28.459005,-32.206406,-35.757824,-33.73521,-28.661484,-26.128704,-27.936779,-28.081978,-27.66815,-26.221762,-25.144066,-26.801834,-27.416763,-24.421549,-22.195692,-23.599064,-28.72855,-33.57762,-38.684776,-42.159153,-44.591564,-47.6726,-47.709595,-47.09684,-45.81105,-46.775646,-47.214195,-48.676678,-47.996883,-48.031586,-46.723755,-45.160873,-46.939465,-48.176876,-47.605854,-38.96048,-36.225384,-36.675606,-27.589554,-21.707506,-15.099796,-15.664156,-20.380001,-25.013075,-11.919735,-2.692801,-0.251405,-1.8920963,-4.96299,-6.0714064,-6.1023455,-10.664478,-19.06357,-16.217762,-12.532932,-10.577536,-12.638923,-16.193306,-16.663797,-11.82351,-5.347476,-1.9833778,-0.99019814,-1.1612542,-1.248035,-6.698369,-15.981244,-16.599207,-11.270058,-9.621265,-14.932125,-18.981403,-18.046326,-19.650686,-18.344225,-17.947357,-19.190115,-21.405247,-19.74845,-18.044176,-17.746344,-21.386658,-24.338345,-23.460215,-21.774899,-21.537071,-25.864872,-24.619463,-24.488651,-26.673138,-26.238934,-23.998354,-24.81371,-26.338837,-30.306507,-25.961273,-26.29123,-30.051579,-29.126972,-30.066628,-27.057323,-28.203838,-34.48008,-32.97791,-31.971205,-30.498878,-32.95321,-32.108772,-32.59521,-33.37965,-33.14049,-26.949978,-21.506508,-19.841286,-22.175615,-25.640858,-25.458004,-26.980703,-35.617863,-35.37926,-36.193928,-36.875565,-41.099285,-45.373264,-45.699013,-44.249207,-45.52216,-45.345722,-48.254032,-51.263725,-45.971447,-43.14023,-48.33485,-42.608025,-23.935987,-10.967983,-7.79094,-12.175606,-23.085115,-22.068922,-22.81518,-17.209007,-20.498323,-15.865832,-3.0279574,1.3699759,1.2640584,-0.94030213,-3.1019406,-9.685196,-23.176537,-21.353455,-26.314213,-31.189945,-24.802383,-19.10505,-18.244787,-23.45518,-21.48795,-11.92868,-8.5525255,-9.4698715,-12.999444,-20.068157,-24.693817,-29.119883,-30.141973,-28.813427,-29.495565,-29.024656,-27.263878,-28.610733,-30.417011,-30.090284,-28.561705,-28.45488,-29.702265,-32.206093,-31.088516,-33.353477,-34.955654,-38.13521,-34.051033,-32.528946,-35.45361,-35.365776,-35.3388,-29.88321,-24.951687,-25.75185,-28.11089,-31.434343,-32.96925,-35.69156,-38.2339,-39.056633,-39.664337,-37.745567,-38.826515,-36.983646,-37.09739,-39.114117,-39.854668,-41.654106,-40.050392,-38.612305,-36.47542,-35.60994,-38.157837,-39.463554,-40.310307,-42.240223,-44.527756,-41.10559,-32.763523,-27.817997,-26.630953,-30.051006,-32.460278,-35.300037,-30.633738,-17.639652,-11.44134,-11.333435,-14.6522045,-19.03698,-27.498768,-32.83101,-33.504078,-32.586445,-35.809853,-34.44074,-29.613335,-28.486338,-29.562614,-33.18124,-36.900124,-37.23887,-31.436195,-27.762325,-27.51308,-24.418697,-24.545477,-29.188755,-26.786425,-26.606628,-31.935413,-37.646736,-33.55232,-33.60122,-37.736996,-34.76529,-36.486115,-39.65964,-37.95244,-35.371166,-26.739109,-21.09254,-22.358677,-23.37206,-26.367535,-27.433857,-29.03719,-32.731163,-30.071243,-27.056614,-25.733543,-28.967762,-27.286633,-25.00799,-28.364447,-27.894314,-29.996784,-32.185024,-31.015379,-32.342,-34.078724,-37.501053,-36.48401,-30.222057,-27.105,-26.913826,-31.49952,-29.493305,-26.644703,-27.66425,-31.217274,-23.073957,-14.077093,-12.408131,-14.12614,-19.367702,-29.579006,-34.26065,-36.849865,-37.42209,-37.088326,-38.913948,-41.568253,-41.48638,-38.39155,-36.422485,-39.18708,-45.20994,-37.584156,-30.606735,-33.158337,-37.10211,-37.060772,-39.20094,-39.024017,-37.045208,-34.596462,-35.09107,-29.121063,-28.118721,-29.42117,-27.68509,-29.03812,-30.505533,-33.37024,-33.700962,-34.321457,-37.350685,-41.39257,-42.208946,-42.062565,-39.43566,-35.984653,-41.904167,-46.04357,-43.505573,-35.868954,-25.356113,-21.374779,-20.818693,-21.938038,-24.047413,-17.9291,-17.320717,-19.994308,-26.154482,-32.591816,-35.02028,-35.480103,-23.878096,-12.582816,-8.964193,-10.65557,-18.66523,-32.36671,-31.510147,-31.266129,-29.60987,-28.45894,-28.983501,-32.757042,-30.949356,-27.31781,-28.163507,-30.196575,-30.014355,-29.42869,-28.05613,-27.907867,-31.118244,-34.46857,-38.02649,-38.788918,-36.60607,-32.817745,-31.888304,-26.041874,-23.989294,-24.906397,-26.09975,-29.882708,-26.773403,-17.687304,-16.538345,-24.231373,-25.153418,-9.393868,-1.9050299,0.03319273,0.17597818,-1.9202774,-8.939795,-10.763303,-18.41555,-27.075796,-23.741142,-21.630733,-20.087318,-16.780758,-19.142208,-26.99633,-27.783049,-27.82209,-24.788282,-22.559452,-23.96241,-26.122953,-31.09438,-30.753004,-30.2994,-26.057076,-19.336157,-14.774729,-13.287685,-14.814249,-19.206102,-24.941998,-26.273705,-28.563482,-32.356415,-29.88022,-32.103436,-34.140266,-36.08707,-38.65476,-39.23065,-35.819366,-31.538853,-29.607964,-27.888763,-30.715582,-33.086044,-34.81148,-36.283676,-33.17064,-33.41164,-27.951221,-28.949013,-31.420788,-28.07193,-25.565155,-26.985264,-32.100914,-35.547997,-33.077652,-35.16312,-37.636833,-31.692955,-31.911238,-34.973507,-40.267216,-41.638313,-38.24138,-35.629642,-36.787266,-37.800026,-38.907654,-37.453484,-24.704945,-9.734882,-6.2963114,-8.333868,-10.30716,-11.934825,-14.753385,-19.430426,-24.043213,-26.2977,-28.669817,-33.655533,-35.360943,-38.816353,-42.371178,-42.95349,-38.223396,-35.244083,-29.695377,-13.332094,-9.384947,-10.653816,-13.075596,-15.290084,-17.577438,-22.202414,-25.034037,-29.052965,-30.927765,-30.436926,-28.835772,-26.410706,-26.465431,-32.607597,-35.370537,-35.151714,-31.439514,-32.477104,-31.663921,-36.79506,-41.82184,-41.235905,-36.98697,-32.58122,-31.72113,-28.763582,-28.90063,-30.377672,-34.064613,-37.057495,-38.48838,-40.68553,-43.714302,-45.367516,-40.376312,-29.214422,-29.427002,-34.95876,-37.03063,-38.719418,-40.500885,-39.19235,-36.57383,-33.0471,-33.45606,-37.326286,-40.09671,-47.23415,-45.844654,-33.021034,-14.843923,-6.87687,-4.379689,-6.6343946,-14.643206,-19.949055,-20.673176,-21.692978,-23.221855,-21.784632,-15.4323,-8.537121,-4.1596713,-1.8313123,-0.5702274,-0.038662203,-0.39076024,-1.4298949,-2.80004,-2.0339847,-1.1657479,-1.7407527,-2.1228228,-1.4332509,-1.8477017,-2.6632097,-3.279262,-3.5085588,-2.617869,-1.6927314,-1.4991536,-1.2640805,-1.1393874,-1.2615055,-1.5673177,-1.6878842,-2.047232,-2.997661,-4.2999268,-5.6317205,-5.1928544,-3.470595,-3.018842,-4.121688,-5.165511,-4.8536363,-4.526042,-4.764127,-6.3780823,-8.075912,-7.70907,-7.3442707,-9.619341,-9.16433,-8.459387,-8.771166,-8.790678,-8.054291,-9.472181,-11.0233555,-11.678343,-10.911446,-10.053612,-9.87338,-8.702655,-9.388875,-16.464993,-21.363918,-22.323639,-23.771093,-21.79641,-19.866394,-22.351967,-21.619823,-15.933094,-19.714428,-28.50847,-25.84129,-25.38338,-29.555214,-24.721382,-14.8283615,-10.855318,-8.40336,-9.96108,-20.270948,-31.065912,-31.572918,-31.04956,-30.091148,-32.70849,-31.437742,-30.822323,-33.025032,-30.725304,-29.790836,-33.236324,-30.669193,-31.665325,-33.029057,-31.14339,-29.176308,-32.538673,-34.686947,-34.122036,-33.30041,-34.054382,-28.841476,-28.026924,-27.938229,-26.075907,-26.92953,-28.832157
-45.61308,-45.63505,-49.03309,-52.198196,-44.79929,-37.300488,-37.08615,-45.523094,-52.198196,-47.335453,-45.970478,-41.623745,-36.09457,-36.575756,-27.704128,-18.582823,-7.618528,-3.8967443,-5.730386,-10.620818,-17.1655,-20.911572,-21.647903,-21.0491,-20.59284,-19.26362,-19.563139,-20.887434,-15.389641,-15.216879,-27.828352,-37.29898,-34.460598,-26.09433,-24.092539,-26.682253,-25.554306,-24.295996,-25.474386,-19.685837,-23.688793,-30.63015,-28.595585,-31.55011,-30.345137,-24.162943,-23.478638,-30.047358,-29.121725,-28.189714,-29.99029,-32.504814,-34.93195,-33.998627,-34.379734,-39.042458,-37.243538,-34.24949,-31.80296,-31.233303,-32.065094,-36.487946,-34.562412,-33.08639,-32.373386,-30.115805,-29.735905,-32.326614,-34.08925,-34.314774,-30.627975,-29.842606,-34.25855,-35.7134,-36.705284,-36.46999,-38.332687,-43.376545,-40.33293,-32.924206,-34.044147,-35.621357,-36.67562,-36.120636,-36.28753,-34.471928,-32.530964,-34.26497,-30.613815,-26.889446,-27.869493,-31.150166,-33.052246,-30.99567,-23.248447,-25.075476,-33.176712,-37.907944,-36.971146,-35.533516,-33.527306,-30.534622,-30.67184,-37.132786,-37.40918,-38.3846,-39.49258,-32.47714,-28.817501,-27.753963,-31.517088,-34.476826,-35.67066,-36.95292,-31.94225,-29.466118,-31.420696,-35.5958,-34.721172,-24.179234,-20.731241,-24.198473,-24.729877,-25.473358,-33.19349,-32.051323,-26.976925,-24.71215,-27.385986,-29.862135,-37.2844,-38.05803,-36.381275,-34.198975,-35.59653,-38.846443,-38.09333,-34.806828,-38.414658,-41.155273,-32.815834,-31.318361,-28.982832,-21.546747,-22.888306,-28.468025,-32.311428,-37.38254,-36.292187,-37.669224,-38.19143,-39.58975,-37.388756,-33.714226,-34.924694,-31.047792,-28.76604,-31.070045,-32.575138,-36.705322,-39.044746,-35.02369,-34.21808,-35.25464,-37.33357,-36.25212,-37.150455,-33.26424,-26.381037,-27.024324,-28.719402,-32.48709,-30.96071,-31.589087,-35.324337,-34.892845,-37.296413,-38.120136,-34.11617,-31.645002,-30.246891,-29.97496,-30.114538,-28.715816,-29.32547,-33.89225,-28.759453,-26.363075,-27.826298,-29.343931,-32.213234,-31.02683,-31.255417,-26.686441,-27.146454,-32.691044,-32.78002,-28.475227,-26.59849,-34.187057,-37.758423,-38.419064,-34.63549,-32.67479,-31.94421,-28.106186,-24.77091,-28.192173,-32.68933,-33.78575,-32.318676,-33.36132,-32.657093,-32.190727,-30.432846,-29.325817,-32.512733,-33.13777,-27.255842,-28.45933,-27.996277,-27.776632,-32.01197,-33.385857,-34.655296,-33.478382,-34.095955,-35.66272,-33.781925,-32.132076,-30.778214,-31.970997,-34.622654,-30.942308,-31.100576,-32.323265,-31.3744,-32.437004,-38.667427,-36.87223,-36.34558,-34.93521,-29.75276,-26.866472,-28.272722,-34.158737,-35.386845,-33.635796,-30.150429,-28.060608,-28.78381,-34.05378,-36.52991,-36.831505,-34.050907,-32.41343,-33.647335,-31.387484,-30.027273,-30.979149,-27.933384,-25.517366,-29.25692,-26.853718,-24.552853,-29.549488,-32.911118,-31.267654,-27.992228,-27.486778,-31.035477,-32.222984,-35.34652,-35.001064,-37.253563,-41.462177,-38.056755,-34.933292,-33.851215,-33.718742,-36.592773,-35.34915,-33.287903,-30.901081,-30.005608,-30.903852,-37.421043,-42.4466,-41.441135,-37.561382,-31.517735,-28.575945,-29.170143,-27.578922,-30.387188,-33.112595,-34.399227,-38.903126,-43.19286,-44.964058,-43.74454,-46.039387,-46.929058,-46.839024,-50.594368,-50.655952,-48.29609,-44.875828,-45.505302,-46.863716,-39.94775,-36.61148,-35.5213,-35.669853,-36.203407,-36.547146,-33.601192,-18.765427,-12.00198,-13.789334,-19.002853,-20.324684,-20.108738,-23.70168,-18.599457,-12.643746,-6.6442685,-5.1069694,-5.470307,-11.482963,-22.845558,-18.975248,-17.229362,-10.857698,-6.498439,-7.1145105,-13.430706,-25.101423,-22.471336,-20.207859,-16.282999,-18.79788,-19.133863,-21.53552,-24.034307,-27.884731,-27.750824,-25.496216,-19.533484,-14.861904,-11.075571,-10.699461,-11.355877,-14.2491045,-14.27606,-10.473695,-9.33992,-13.233778,-25.723263,-20.171993,-15.187155,-17.46656,-22.757446,-24.673908,-17.157995,-13.866614,-16.339294,-20.438007,-19.541033,-15.121106,-11.242655,-16.50181,-23.796349,-25.494078,-25.856663,-24.560709,-24.277744,-24.636925,-26.188675,-26.978941,-21.389343,-12.268285,-6.730323,-4.106632,-3.8322268,-6.4509993,-10.372634,-14.669264,-18.94591,-20.318943,-19.429,-16.9821,-15.9598055,-18.579865,-20.902664,-23.75145,-24.342497,-26.373707,-22.830736,-18.770716,-17.81196,-17.81982,-18.550735,-18.262444,-17.791683,-17.785015,-17.344543,-17.75336,-16.748684,-16.618538,-17.07199,-18.31069,-17.855766,-16.981989,-17.826292,-19.556486,-20.37962,-20.35358,-21.346256,-21.177418,-20.018805,-18.663967,-18.907402,-20.18251,-21.712341,-23.933655,-25.266396,-24.961151,-23.844194,-23.440235,-23.352068,-24.500246,-24.343002,-23.823278,-23.161676,-23.442919,-23.19462,-23.295622,-24.425713,-24.282024,-24.005829,-24.351826,-22.955866,-20.98778,-24.189024,-25.940777,-24.703825,-24.769253,-24.34474,-24.415777,-24.587347,-20.282467,-16.895105,-20.60856,-34.369717,-32.906914,-30.209467,-20.646812,-17.669373,-17.105293,-15.188537,-16.386063,-20.584362,-25.749435,-32.623238,-33.10969,-29.094383,-24.494284,-25.518167,-28.758156,-32.963364,-31.081026,-30.049244,-32.568806,-31.798672,-33.184597,-31.368755,-28.973448,-28.224098,-26.281404,-26.668732,-29.835947,-30.371601,-29.650957,-30.409563,-30.379166,-30.213078,-29.970203,-32.182392,-30.752369,-34.19857,-25.882223,-20.661104,-24.759148,-28.808975,-34.187447,-38.16548,-39.65052,-40.527885,-47.070297,-45.99746,-44.65943,-45.708687,-46.397484,-46.94942,-47.337906,-44.804184,-46.663124,-40.09569,-20.092161,-13.252789,-15.378292,-17.459867,-19.174217,-27.953985,-26.60403,-20.793068,-15.028552,-12.687183,-13.84369,-16.511713,-22.4543,-23.964808,-24.759304,-27.70126,-30.57783,-30.900105,-31.457785,-26.944025,-27.212679,-28.019878,-27.265316,-31.29047,-30.044004,-25.482937,-24.132854,-32.331036,-34.465557,-32.78238,-35.777184,-29.83651,-22.77728,-21.746124,-25.956219,-30.966253,-34.070312,-33.583984,-30.748674,-28.849564,-32.429478,-36.0019,-37.646404,-38.861652,-37.16306,-37.292572,-34.77394,-27.75378,-27.610107,-29.207329,-26.489372,-26.63234,-30.589735,-35.400345,-33.46977,-34.52579,-36.882866,-30.508015,-24.378319,-23.629475,-26.622906,-28.483757,-29.202444,-30.20487,-32.271523,-35.953518,-39.467384,-36.73478,-34.42415,-33.280514,-32.449863,-37.91688,-39.079327,-40.610638,-37.680595,-34.240345,-33.061394,-33.032814,-33.06472,-34.91094,-34.11946,-32.704056,-33.979458,-25.964901,-24.941616,-31.887884,-32.92868,-29.108486,-24.051073,-22.39201,-19.340034,-18.154709,-17.337637,-20.191494,-28.728579,-28.681822,-23.410128,-25.241558,-34.21227,-34.85108,-26.859074,-24.481695,-26.309639,-24.623528,-22.77961,-24.7804,-25.91405,-27.872131,-29.337976,-22.71571,-24.499584,-24.604992,-26.189293,-29.934881,-28.48526,-32.38629,-35.292114,-31.536713,-28.137167,-26.47773,-29.025238,-31.569538,-34.074398,-33.98235,-34.132668,-29.663527,-28.469269,-28.470669,-27.869093,-28.81651,-26.997353,-26.991447,-24.77692,-23.688782,-24.009247,-22.771057,-24.864828,-25.690632,-26.697102,-22.239502,-22.743473,-24.412502,-25.788095,-25.799763,-20.381268,-21.275307,-26.23374,-29.43243,-31.272724,-30.771519,-28.967758,-26.634052,-28.086391,-24.29042,-24.101973,-25.498543,-25.00766,-26.159422,-26.836617,-27.883068,-25.037212,-24.999838,-26.296692,-32.1456,-36.73248,-41.540573,-45.200195,-46.81316,-46.13037,-48.280167,-48.433044,-48.423325,-49.579018,-50.602497,-47.810368,-47.09381,-47.55608,-45.564934,-46.887318,-48.979393,-49.6789,-40.858414,-37.896786,-35.87784,-27.053585,-20.463678,-15.31032,-16.75364,-21.548527,-27.462376,-25.99926,-18.098644,-7.0353737,-3.4383302,-4.171037,-5.4020886,-7.1623993,-13.454685,-21.195242,-23.046124,-23.256607,-14.519146,-11.840692,-13.919979,-16.800627,-20.057802,-22.218523,-26.56599,-28.487713,-27.337152,-22.491446,-20.787636,-24.833382,-21.684637,-18.351961,-16.907484,-19.609735,-23.063593,-25.668447,-22.807043,-22.033884,-23.811628,-27.153967,-31.540829,-22.584316,-16.67534,-19.800667,-24.94062,-28.886873,-32.886044,-29.80922,-30.239693,-34.19352,-32.4228,-32.26414,-22.798326,-20.284782,-25.546032,-30.896355,-31.698112,-36.441177,-35.15345,-33.650715,-33.609497,-33.913914,-35.463146,-31.686947,-32.326893,-32.421906,-30.836456,-32.366558,-38.72418,-34.90451,-31.303131,-32.629868,-35.49571,-39.474968,-35.39689,-31.437141,-29.4637,-30.252804,-31.367336,-33.108677,-34.09236,-36.950302,-39.965023,-41.42267,-41.31657,-44.425804,-45.590843,-44.266758,-46.41658,-48.8471,-48.08497,-48.64682,-49.236183,-46.036346,-44.122852,-48.200783,-40.6226,-32.14452,-17.33934,-4.897587,-1.6744388,-5.03511,-11.5462055,-14.82958,-13.587664,-17.997982,-22.765987,-18.235268,-15.318822,-12.6485615,-11.822786,-13.354293,-19.961788,-29.539461,-29.971233,-33.428825,-30.972885,-28.807713,-29.09397,-28.89042,-31.24347,-33.893707,-30.04695,-30.10802,-30.739407,-30.086025,-30.10529,-32.30724,-33.37117,-32.857887,-33.436302,-37.028927,-37.206337,-36.408237,-38.131645,-36.111557,-34.027973,-32.293686,-32.247635,-34.656555,-35.44218,-34.141262,-35.521065,-37.855385,-40.27066,-38.17536,-36.610447,-37.144436,-37.462963,-37.086254,-33.488224,-30.604284,-29.613567,-29.000328,-31.498545,-34.198994,-37.355564,-38.66305,-37.833004,-38.276344,-39.53768,-42.264065,-40.38708,-41.197643,-41.531677,-41.9033,-42.445328,-42.09744,-40.156685,-41.63555,-40.886597,-42.030735,-43.284042,-39.34419,-40.431015,-44.639633,-41.801163,-29.504604,-24.385471,-24.697931,-28.943428,-32.36891,-34.4046,-31.520275,-28.206017,-26.741846,-27.24726,-33.085087,-31.64089,-34.0808,-33.390575,-22.905163,-21.634676,-26.442682,-25.499504,-26.349058,-31.61277,-31.404858,-33.33599,-31.301617,-30.562065,-26.69573,-23.46385,-26.405745,-30.208761,-31.884832,-37.466465,-40.52178,-40.264824,-40.57154,-38.53836,-35.664238,-37.26724,-40.48874,-36.909065,-39.17584,-42.885742,-38.85701,-38.597233,-32.928093,-28.297668,-29.822474,-36.426384,-35.530396,-35.381203,-38.527767,-36.62628,-26.353148,-25.558685,-28.500158,-31.913889,-34.319763,-32.83533,-32.92364,-29.681393,-28.540009,-28.372902,-25.419838,-27.222645,-32.47411,-38.944977,-37.921417,-34.949696,-27.4421,-23.860592,-24.91153,-24.887321,-25.470713,-28.14613,-30.548164,-29.819202,-30.555122,-28.693287,-29.268568,-31.228146,-33.17391,-35.54046,-38.504288,-34.434254,-30.973108,-34.05217,-39.457794,-40.065273,-38.19564,-39.106197,-35.80454,-37.279915,-39.72097,-33.114655,-33.650066,-36.236053,-36.491875,-39.376728,-42.494347,-43.76392,-38.259598,-35.222042,-28.755129,-27.826847,-31.451248,-29.801767,-31.078613,-31.386175,-33.335896,-33.731224,-35.22497,-38.074814,-41.36418,-42.5784,-43.363884,-42.724644,-40.545387,-44.656418,-45.063126,-40.49823,-35.472458,-29.002771,-23.414463,-22.499847,-24.575016,-24.748266,-18.703325,-14.476738,-10.497622,-11.136257,-15.325577,-21.709953,-30.487675,-24.791027,-19.636116,-21.062614,-27.900858,-31.1198,-33.756397,-35.542717,-34.309814,-34.514618,-38.32001,-35.55551,-35.941692,-36.885216,-29.662893,-28.213537,-31.812355,-33.450558,-33.963394,-33.047844,-31.299438,-31.16209,-35.383377,-39.863804,-42.239918,-39.687263,-38.127254,-35.38467,-30.850494,-27.487022,-24.404709,-24.931618,-28.026775,-25.789944,-18.225142,-11.983856,-12.05294,-10.582567,-12.74116,-19.43172,-17.660814,-15.760149,-16.557281,-8.222714,-3.0895472,-4.930019,-14.362401,-23.31727,-21.899622,-16.475346,-13.572861,-18.829144,-28.812595,-28.927557,-30.056568,-27.95126,-26.429386,-29.92628,-33.557785,-31.889957,-30.268705,-30.47625,-29.082878,-32.448727,-37.108627,-38.55664,-37.073677,-30.668299,-29.554562,-29.863907,-32.53048,-32.82498,-34.752945,-39.02932,-39.239735,-37.97153,-34.990818,-35.32431,-33.41578,-30.960014,-34.442207,-37.69349,-40.845024,-41.660007,-45.72967,-46.23127,-42.212692,-40.910286,-31.946802,-30.460024,-32.39009,-31.012098,-27.167042,-28.958141,-31.699505,-36.49294,-38.56113,-35.773987,-35.078445,-36.124046,-36.905933,-42.104374,-46.293655,-45.518665,-40.711464,-38.652256,-39.272522,-40.500355,-37.15549,-33.94792,-26.409351,-12.24579,-9.523409,-12.492268,-15.484539,-17.568336,-21.639519,-23.346254,-25.752428,-28.77821,-32.35173,-35.724243,-37.88777,-39.87316,-41.920242,-40.451477,-35.648933,-32.72563,-31.279905,-17.306484,-14.227169,-16.473042,-19.190434,-21.162605,-26.073143,-29.94392,-27.627247,-31.321753,-34.028557,-31.848984,-25.88871,-24.534775,-28.124035,-33.12275,-37.458454,-33.0432,-27.701357,-27.636976,-28.016094,-35.68274,-39.70948,-41.716873,-36.908672,-32.20486,-33.385826,-37.845024,-35.197266,-30.939232,-32.874123,-37.53875,-40.561394,-41.975822,-41.8478,-43.838516,-37.83935,-28.100729,-27.954487,-31.762821,-34.4443,-36.238464,-38.264393,-38.426456,-40.480305,-40.864326,-40.740356,-39.52337,-39.96632,-44.32535,-44.08175,-30.841866,-21.967701,-18.900188,-13.0120735,-6.777864,-7.1484118,-12.999448,-20.732857,-21.458502,-22.199278,-23.027416,-17.152369,-13.472986,-12.66478,-15.296093,-19.727057,-20.091042,-21.688416,-23.321545,-22.589882,-19.646801,-18.105915,-19.287628,-20.69728,-23.593628,-25.711031,-26.624187,-22.980965,-22.099602,-25.668648,-23.569153,-19.878138,-19.72678,-21.255877,-21.468918,-18.411924,-16.711142,-16.904139,-17.210238,-17.33813,-16.520245,-16.2561,-16.97001,-18.722002,-18.45716,-17.60686,-18.34078,-16.69678,-15.035208,-15.086116,-15.066429,-13.997172,-13.226265,-15.126753,-15.129463,-15.235991,-16.23747,-16.306257,-14.918444,-15.254302,-16.362455,-16.418907,-14.87013,-14.667179,-15.557618,-16.014002,-18.527359,-25.26709,-26.944695,-29.845125,-32.409435,-32.34621,-27.078417,-25.58424,-18.26051,-8.359268,-6.91719,-9.490696,-11.790255,-17.153234,-28.371052,-26.178549,-25.700148,-29.645554,-24.78554,-24.801811,-29.604866,-28.762676,-26.941671,-28.535427,-32.968735,-29.753857,-28.57962,-28.979149,-28.911045,-30.621052,-28.357967,-29.29716,-33.114998,-37.03199,-39.005505,-39.272343,-39.359795,-41.66928,-40.03106,-41.69908,-39.350952,-37.142876,-25.762245,-24.416037,-29.590635,-30.730114,-32.78124,-29.145662
-45.099426,-46.347233,-52.198196,-52.198196,-45.897106,-38.56541,-39.66734,-48.516518,-52.198196,-49.945427,-49.82847,-41.238403,-37.616352,-41.47403,-33.893734,-23.563122,-15.453806,-8.379009,-5.367137,-2.8248458,1.6669066,2.3938577,-2.8749404,-13.0542555,-15.463852,-16.511414,-19.703447,-19.869822,-13.8786335,-13.996711,-24.461502,-26.869099,-27.183569,-25.178043,-21.150208,-24.730377,-28.314224,-26.497755,-21.258146,-14.662428,-19.451544,-28.715012,-25.330494,-27.58517,-28.26757,-25.726913,-24.16377,-27.171566,-30.687914,-31.538216,-33.817234,-33.087837,-34.7968,-37.22225,-40.62418,-39.28355,-35.921337,-30.006342,-26.18135,-29.699585,-30.260159,-32.639187,-33.71306,-32.543488,-35.845463,-34.568455,-33.929676,-35.13718,-35.817314,-26.897781,-25.39264,-30.326603,-29.04032,-27.003298,-31.353357,-37.667103,-44.37953,-45.30001,-39.924187,-35.556786,-38.7847,-40.378593,-39.330868,-34.937706,-35.511803,-34.522697,-32.915012,-31.702969,-27.07018,-24.478127,-28.338856,-35.0904,-37.691578,-32.88834,-25.608818,-27.38247,-30.806355,-34.13711,-36.89218,-39.30307,-35.767056,-28.037893,-28.551773,-38.796944,-42.58689,-38.528,-37.877254,-36.73502,-37.293514,-34.040207,-35.238716,-36.898205,-37.147434,-34.88125,-27.238846,-26.372202,-30.224518,-35.31434,-31.811783,-22.704962,-20.271986,-22.943544,-22.56757,-22.216204,-27.004456,-30.45376,-30.029476,-29.147272,-34.866394,-37.676483,-39.190594,-35.13872,-35.34771,-31.496943,-31.724003,-38.329727,-38.4751,-37.091644,-39.07457,-40.292328,-29.626774,-26.340311,-28.43092,-23.950409,-25.466034,-28.140162,-30.497599,-36.748177,-40.07031,-43.431717,-42.711636,-43.9324,-41.90258,-33.169285,-29.745348,-31.092335,-34.551865,-33.819206,-36.167454,-40.741447,-37.1507,-31.924194,-29.153557,-28.637844,-27.039053,-27.122047,-28.667793,-29.460878,-28.081999,-28.86918,-28.780756,-29.875631,-32.863247,-34.99331,-36.524834,-39.15695,-42.06469,-34.94049,-28.722715,-30.04955,-35.047512,-33.19657,-32.41175,-33.131973,-32.006668,-35.153763,-37.444946,-33.512806,-33.31616,-37.02636,-35.39896,-32.312523,-31.441706,-26.778639,-28.090008,-30.52493,-32.090607,-28.65723,-26.055965,-33.8455,-39.86604,-40.363598,-37.30916,-33.458363,-32.7165,-25.518797,-22.855629,-27.68307,-31.35677,-32.934376,-31.710627,-33.53534,-31.27044,-30.058708,-27.775063,-26.393194,-30.685938,-34.852776,-30.098827,-28.55473,-26.52299,-28.904123,-36.718124,-35.55824,-37.437263,-37.807777,-36.272354,-35.216507,-34.10937,-34.684345,-36.005417,-37.22203,-35.69896,-30.392284,-29.736145,-29.730322,-33.80036,-38.138493,-43.444324,-42.5585,-38.124393,-35.545235,-29.425564,-26.092983,-28.40353,-32.45161,-32.547306,-31.718323,-28.640732,-26.823656,-31.476204,-36.69172,-40.01629,-31.882645,-28.65083,-30.72954,-30.71582,-30.754011,-32.81239,-31.477995,-25.945831,-24.791471,-26.316431,-28.177336,-34.335636,-39.360153,-36.422535,-35.036884,-29.52589,-25.475376,-29.73457,-31.201332,-31.474094,-33.6558,-37.15394,-41.46546,-40.38437,-35.686882,-33.88613,-32.008747,-32.98384,-35.06554,-31.070232,-31.667683,-33.87322,-33.22252,-35.34967,-42.93956,-41.06564,-36.61224,-34.050293,-30.706516,-31.39659,-27.718616,-29.705471,-34.336884,-36.152985,-37.815598,-44.341667,-44.1197,-45.293602,-50.10295,-47.7104,-46.76224,-47.863197,-48.025925,-47.119034,-48.05891,-49.58662,-47.499825,-37.572124,-34.87346,-35.72823,-41.278553,-42.682487,-41.395344,-33.973476,-26.732056,-17.64263,-11.580745,-8.864471,-8.763822,-11.883273,-20.731087,-22.709486,-21.532837,-21.802086,-24.472372,-26.479548,-24.703066,-23.995237,-19.477894,-21.163406,-26.501163,-28.571264,-28.138876,-24.686935,-20.027908,-16.442106,-15.87641,-17.999002,-17.892918,-12.800731,-14.192558,-18.609043,-23.153498,-28.530224,-25.488693,-20.694704,-20.405933,-22.838993,-23.341091,-20.220703,-12.715321,-8.018652,-6.946518,-6.9959283,-12.802695,-28.121584,-25.08341,-24.310123,-25.329239,-23.236315,-24.652248,-22.921688,-18.50028,-19.158089,-20.921543,-16.7196,-15.035213,-15.812201,-20.253542,-24.620022,-27.564186,-27.413599,-25.5303,-24.245876,-24.422388,-26.18744,-26.58785,-23.07788,-22.352076,-24.237194,-17.4978,-10.963633,-8.600957,-9.168748,-11.73623,-15.605198,-17.499582,-17.39035,-15.180925,-15.109451,-16.822021,-18.63248,-21.0851,-22.018976,-24.434002,-20.215366,-16.442705,-15.476437,-14.152249,-13.152752,-12.989151,-12.714117,-12.75504,-12.799751,-13.350152,-12.559457,-12.0455885,-12.422323,-13.379456,-12.525316,-11.479598,-11.863161,-13.163607,-13.924598,-15.157925,-16.187984,-15.7285595,-14.634947,-14.240246,-14.704248,-15.772402,-16.475037,-17.261812,-18.837412,-18.952682,-18.147442,-17.602312,-18.418139,-20.221363,-19.660692,-18.11034,-17.816383,-18.886091,-19.130806,-19.440506,-19.428467,-18.586502,-18.49595,-19.008257,-18.588985,-17.74089,-19.341257,-19.565985,-18.653078,-18.805843,-18.72071,-18.87984,-20.588764,-18.952688,-17.412912,-22.829811,-36.416508,-34.589413,-30.754284,-30.07417,-31.28382,-31.147667,-32.477295,-32.139286,-32.37346,-31.357248,-33.782047,-34.72645,-28.927269,-23.53267,-25.789644,-31.419819,-29.689196,-27.542927,-28.549414,-30.3986,-34.498028,-34.891434,-34.979942,-30.730991,-21.196966,-18.895039,-20.478245,-19.011572,-17.777254,-18.434332,-20.907993,-24.359673,-28.20156,-32.17669,-32.225765,-31.08137,-31.847212,-26.65759,-22.012177,-23.829025,-28.457804,-35.298946,-39.414574,-40.48408,-42.751442,-45.97068,-46.043762,-42.83403,-42.01979,-46.079144,-47.55789,-48.227383,-50.08287,-51.775284,-41.978043,-22.711655,-17.714077,-23.935024,-38.185688,-39.386772,-38.4136,-38.558537,-28.71548,-18.606737,-14.451047,-11.553177,-9.979816,-11.24165,-15.238781,-24.255424,-27.51939,-29.051826,-29.329002,-29.840252,-26.783636,-25.683651,-29.06406,-30.779678,-33.52054,-35.898125,-32.47452,-28.781395,-31.487679,-28.73563,-26.62261,-30.669548,-32.564564,-25.109303,-22.582895,-22.958944,-24.939451,-27.158504,-25.796759,-24.197262,-26.599112,-33.30617,-41.04631,-38.777256,-40.21484,-36.73376,-36.00338,-33.90182,-27.252293,-28.137398,-34.46131,-33.858555,-34.948265,-37.81368,-40.399853,-41.89659,-43.00575,-42.54925,-28.646984,-22.502617,-25.086086,-30.403936,-31.001854,-29.02441,-30.625687,-35.341827,-37.8849,-39.314026,-32.877735,-30.772314,-32.033432,-35.56029,-40.28839,-40.576614,-40.064243,-34.134544,-33.526318,-30.782516,-31.990017,-35.713566,-36.14648,-34.61468,-30.706861,-27.427588,-25.797565,-27.561401,-31.43391,-28.24151,-27.635178,-32.20083,-34.631813,-34.66462,-32.33835,-32.179802,-29.058428,-30.593056,-27.531586,-21.401022,-25.981562,-38.248924,-30.00653,-25.288097,-24.093304,-24.244427,-25.693853,-21.938084,-17.423565,-17.78432,-22.754711,-28.203571,-20.524666,-21.418686,-29.179176,-29.111774,-25.341204,-23.892271,-29.940948,-33.729965,-30.572426,-32.85872,-37.316765,-33.376183,-32.74796,-33.23397,-31.697605,-34.860107,-33.082436,-30.049072,-27.557701,-27.907722,-27.705635,-26.188688,-24.575766,-21.8873,-23.322502,-25.07687,-24.773403,-24.25945,-20.461063,-19.461445,-21.270378,-24.516602,-25.522383,-25.676666,-25.459135,-21.632097,-23.318567,-30.235653,-29.812782,-28.110119,-27.752281,-26.515621,-23.163948,-24.336147,-22.860659,-23.970356,-25.448542,-27.049845,-27.622803,-28.847162,-27.665337,-26.33951,-27.594652,-28.084612,-34.805077,-41.15334,-40.570168,-41.987537,-46.772095,-47.360374,-48.072,-47.938164,-46.889236,-46.473255,-49.66445,-50.830044,-49.354458,-51.014336,-50.35189,-48.62039,-49.7965,-52.198196,-46.340984,-42.07084,-35.227962,-27.878149,-25.13407,-25.461876,-33.394096,-38.24592,-29.109634,-21.9286,-22.821608,-27.956602,-25.499413,-24.622646,-24.458542,-25.107622,-26.205921,-34.848717,-38.21197,-29.171171,-15.210459,-14.003513,-19.713837,-21.09441,-21.316755,-22.16465,-24.46043,-24.085793,-24.500656,-21.469769,-19.995584,-24.571438,-20.832708,-21.844666,-21.990355,-18.638731,-18.406807,-21.780212,-18.979538,-19.600523,-26.282711,-31.93335,-33.86227,-17.814306,-11.967288,-17.370014,-28.86469,-30.392078,-30.887367,-33.787518,-37.592403,-38.278236,-39.992805,-30.114372,-13.760193,-9.766805,-12.924967,-13.148642,-15.784767,-22.618608,-23.341915,-26.86399,-27.896233,-29.606659,-29.799927,-28.482113,-27.649708,-30.796585,-35.33412,-37.11284,-38.913933,-33.536194,-31.614178,-32.340866,-30.218197,-33.17164,-36.70922,-38.15033,-41.628235,-31.084862,-29.681145,-34.309258,-34.04256,-36.285538,-39.70441,-41.546806,-41.437904,-41.386124,-40.02821,-40.720943,-42.76186,-42.391136,-43.926003,-47.25733,-46.223087,-44.24221,-44.154755,-46.273685,-40.921806,-33.642113,-30.772533,-16.682987,-7.329816,-4.2290535,-3.421841,-3.8318686,-7.2003746,-16.89919,-22.72197,-22.520208,-23.150375,-24.415464,-29.588434,-30.875362,-26.131367,-26.855333,-28.582964,-33.21397,-35.44849,-31.42913,-28.241043,-27.991085,-29.645126,-33.367565,-33.696827,-34.158188,-36.10971,-33.62567,-28.86689,-28.419632,-33.896862,-36.213192,-36.053528,-36.597088,-38.92078,-40.86953,-39.462646,-40.218597,-40.767212,-41.07644,-41.827606,-43.402237,-44.858418,-40.42425,-37.20792,-35.10415,-39.31174,-39.275124,-39.35104,-37.80417,-38.675434,-38.623848,-32.31703,-29.128294,-30.109987,-31.5239,-33.131252,-35.15491,-37.57303,-39.473633,-39.87455,-39.791767,-38.732132,-40.722137,-40.877213,-43.339676,-42.920593,-41.877357,-43.653355,-43.889996,-41.810413,-39.69219,-36.777878,-38.314823,-38.473793,-37.94969,-39.190292,-40.146446,-41.185112,-30.955593,-25.758625,-27.285955,-29.62067,-31.082417,-32.994865,-33.63392,-34.261646,-36.035225,-37.752647,-36.54739,-32.12946,-36.0974,-32.684628,-22.066525,-19.675133,-22.86208,-22.95432,-24.426775,-32.10836,-35.618584,-33.877796,-25.224442,-25.868076,-30.815048,-26.16498,-27.322018,-31.661678,-32.807068,-36.78266,-40.78614,-42.599495,-41.040707,-41.49672,-37.039963,-34.623722,-36.38051,-42.28872,-44.34369,-41.11963,-39.191204,-38.63542,-27.03848,-16.273132,-12.371059,-14.375191,-16.396137,-16.107586,-16.097668,-16.588987,-17.445223,-20.210655,-21.901642,-22.868511,-21.155596,-18.827452,-19.88456,-19.728916,-22.130192,-24.472733,-22.206768,-24.775457,-28.885746,-30.496017,-26.868202,-27.01815,-25.92842,-20.825785,-17.031782,-14.082109,-11.999332,-16.30905,-29.906708,-31.694746,-32.47974,-27.395058,-26.573818,-31.49215,-33.4086,-33.29334,-32.940968,-34.104954,-30.273523,-29.960232,-32.23427,-33.11208,-32.397034,-33.198685,-33.512157,-35.191414,-37.581207,-34.972717,-33.280697,-32.671124,-31.797897,-33.99614,-34.426258,-35.249187,-35.338223,-34.757004,-26.140528,-24.1666,-30.314169,-29.708416,-28.333864,-30.345703,-36.577255,-38.85007,-40.0779,-40.311455,-41.28048,-44.588837,-45.76587,-44.002304,-43.35081,-44.267807,-43.09051,-40.11419,-38.081215,-35.233463,-34.2234,-34.88744,-38.089733,-35.401962,-28.820665,-26.071108,-18.943655,-15.108036,-16.226479,-22.069149,-34.574436,-31.026955,-28.69434,-33.068497,-36.90661,-30.44757,-31.750029,-37.26021,-39.811516,-38.888664,-36.45031,-34.541916,-35.1671,-33.512314,-30.992058,-29.894806,-33.6237,-35.477356,-35.080994,-30.248955,-29.978275,-31.088322,-32.263527,-37.48453,-42.23247,-40.844223,-37.079014,-34.995884,-32.518085,-31.858246,-30.348145,-27.17714,-22.37361,-19.441515,-20.468033,-15.445999,-13.668594,-10.453117,-12.319383,-19.239561,-20.352234,-18.69959,-17.263672,-11.384239,-2.9601765,-1.0768096,-5.779649,-11.071912,-10.818365,-7.6389027,-8.271362,-16.644003,-26.471378,-27.63708,-28.20726,-27.821274,-24.610256,-24.087694,-26.81883,-29.385576,-29.469173,-31.532501,-32.3952,-33.770584,-39.012856,-37.448513,-32.64069,-28.108772,-29.930574,-31.16475,-32.739952,-32.104603,-32.612972,-37.963825,-38.768322,-37.833523,-32.030285,-30.234678,-30.092815,-32.547592,-32.561024,-35.55647,-44.263863,-41.97396,-42.2498,-42.98992,-45.546005,-45.659943,-41.17611,-33.400692,-31.710482,-30.616808,-27.292183,-28.688288,-31.773964,-35.596363,-35.755287,-33.330063,-33.908684,-38.87916,-46.27049,-48.38148,-49.61273,-46.029053,-39.91081,-39.024757,-39.034954,-38.897102,-38.075428,-36.293533,-33.941628,-23.709211,-23.759357,-33.374977,-33.81965,-34.613934,-30.034195,-24.962502,-19.788563,-20.601372,-27.828712,-31.029274,-25.049646,-26.269909,-31.170958,-29.17344,-29.840452,-31.11427,-34.05976,-26.33059,-25.427277,-30.782211,-35.358288,-36.73534,-35.876984,-34.365448,-31.924473,-36.23483,-41.387726,-32.754616,-24.037945,-23.80812,-29.247223,-35.324055,-38.248627,-32.272022,-28.544353,-21.574469,-13.4752655,-13.214211,-17.347,-21.502678,-25.927746,-28.919756,-31.760487,-37.980774,-31.643349,-27.530672,-31.621555,-37.362953,-39.89794,-41.13695,-40.89918,-42.18038,-37.484043,-27.358322,-23.82141,-22.321877,-23.057125,-21.782814,-20.52198,-20.80458,-23.599987,-29.027987,-36.535774,-35.963978,-35.97929,-38.087456,-38.636223,-34.109367,-25.894033,-21.817768,-21.355982,-17.944122,-9.309155,-2.097023,0.2045142,-0.5260451,-3.5838523,-11.508455,-14.766807,-13.586199,-14.203796,-16.893621,-19.05664,-20.214275,-24.126278,-25.272749,-21.511917,-17.432405,-16.844557,-17.02188,-19.108591,-24.80474,-28.65052,-26.47069,-24.553328,-24.700329,-28.509464,-24.227476,-21.62682,-22.3434,-24.443941,-27.771912,-26.658785,-25.713772,-27.062674,-27.115269,-27.306013,-28.250122,-30.280884,-33.211353,-30.25248,-30.027435,-27.764082,-27.45169,-31.533758,-32.624554,-28.28761,-27.866817,-28.797958,-29.92653,-29.065989,-29.066498,-28.606089,-31.244698,-30.963736,-31.218966,-32.6702,-27.812595,-26.478575,-28.509373,-29.514341,-30.991795,-28.597683,-28.068426,-32.67842,-31.157606,-23.68942,-26.731348,-34.818317,-27.25688,-25.678156,-29.470406,-20.2651,-13.195566,-10.180164,-10.503374,-16.762787,-31.661259,-30.200851,-30.372562,-33.09822,-27.688587,-28.484116,-31.325584,-30.355137,-28.418749,-28.70885,-32.85558,-28.54887,-28.192404,-23.43554,-19.540981,-22.189062,-24.838648,-27.203388,-31.43402,-32.72697,-33.374496,-34.692413,-38.9224,-41.529724,-42.247223,-44.189194,-41.069675,-39.11577,-25.904772,-24.421383,-25.449648,-28.882622,-33.218414,-30.32269
-44.488724,-47.570976,-51.025726,-50.297626,-45.163956,-38.95524,-39.593884,-46.579937,-48.273476,-45.639015,-48.059288,-41.06717,-36.807335,-37.286522,-34.70532,-28.06511,-23.783075,-22.927513,-22.037039,-9.766394,1.8217398,7.335024,9.115195,7.6173353,2.4827342,-1.832093,-4.5030584,-5.0212197,-4.4885426,-7.5561194,-14.1621475,-17.242193,-17.039505,-17.21212,-8.098585,-4.0962734,-4.7153416,-3.8094635,-3.1868258,-4.4974356,-11.789903,-20.092113,-13.092996,-7.210622,-5.5049443,-6.628179,-6.755891,-6.440221,-7.259087,-10.611357,-16.635822,-20.23842,-22.534191,-24.333065,-23.13676,-24.406284,-26.991753,-25.102291,-25.225046,-24.785938,-26.605692,-31.68274,-31.081228,-28.779259,-29.784073,-30.139883,-32.685863,-33.49771,-31.21103,-25.538319,-23.996922,-30.233742,-29.822803,-26.787987,-29.511786,-39.67684,-41.281933,-37.567173,-36.677063,-36.928627,-36.192947,-37.16643,-37.972885,-35.822727,-36.034084,-34.034904,-35.89308,-36.206444,-34.56049,-33.5906,-34.768475,-32.98738,-34.431873,-30.719282,-24.42357,-27.236364,-28.598566,-30.404072,-35.182976,-40.024548,-38.554176,-35.312794,-36.59822,-38.345013,-39.89795,-40.178143,-40.79504,-37.158634,-34.560326,-31.688154,-31.751972,-39.0754,-38.36415,-30.92553,-24.844065,-23.945047,-24.040672,-26.503222,-29.352339,-22.39583,-21.723078,-25.332392,-27.990917,-30.057133,-32.341446,-35.96515,-35.62,-31.665995,-35.425957,-40.86378,-38.55458,-34.989353,-34.616608,-29.284544,-28.895374,-32.4715,-33.97599,-33.215405,-39.48136,-39.966743,-31.389145,-27.104576,-23.928194,-22.090294,-25.494614,-26.765377,-32.89904,-37.14034,-37.358242,-39.359165,-39.665703,-42.487812,-42.2175,-39.068825,-39.30206,-38.727974,-38.63736,-40.188175,-42.316776,-45.951885,-41.33572,-33.53347,-29.6743,-28.093555,-25.981455,-25.776733,-26.875269,-28.200974,-25.65701,-26.113298,-21.879711,-25.175209,-35.759617,-34.832314,-32.917286,-35.450172,-38.446518,-36.081944,-28.916586,-30.876568,-35.253304,-36.496445,-41.16018,-42.170586,-39.004883,-38.020306,-37.039577,-31.546698,-28.383215,-33.76495,-35.53684,-36.03861,-29.49878,-22.87357,-25.193588,-27.563381,-29.127258,-28.786394,-28.48644,-35.515945,-37.93124,-36.023865,-28.761091,-28.09004,-32.9757,-26.136168,-21.241043,-21.626621,-24.743692,-24.028215,-21.876623,-25.452179,-30.80766,-30.559332,-33.29219,-31.513853,-29.802906,-29.459917,-26.054138,-25.245342,-26.056269,-29.216885,-36.544167,-38.32829,-37.641106,-35.02853,-36.429924,-35.236732,-34.81501,-36.023293,-35.131153,-36.25667,-36.643967,-35.80675,-34.172592,-31.137705,-33.174225,-38.75451,-42.970604,-42.039955,-38.108932,-34.82058,-27.919424,-23.607027,-24.644588,-27.220036,-31.718988,-35.022045,-32.0468,-30.778122,-30.99546,-33.26166,-39.91226,-35.691296,-31.825285,-31.145557,-29.113441,-30.555887,-34.42143,-34.644253,-25.08696,-21.891834,-25.311749,-32.11367,-35.012157,-35.54359,-38.964508,-38.066597,-27.475603,-22.830833,-26.630234,-31.279963,-31.90365,-35.280106,-43.12653,-43.258766,-40.696636,-34.16611,-33.948463,-41.205856,-42.338963,-36.80029,-34.417885,-29.519615,-27.201958,-31.297293,-37.588535,-44.42348,-43.08043,-36.578205,-33.35765,-31.255402,-30.004673,-24.853067,-24.298018,-28.032269,-34.49276,-39.342506,-43.317986,-43.45226,-43.72895,-45.604137,-48.36522,-48.63565,-46.365437,-49.303204,-50.28597,-48.453747,-44.92939,-44.137665,-34.520042,-30.755123,-32.608055,-36.543613,-38.427624,-39.32396,-34.509613,-30.082644,-26.892818,-25.974586,-21.6473,-20.593918,-22.173004,-25.401936,-14.725795,-11.433117,-16.735884,-26.80028,-22.248638,-21.614248,-16.981041,-10.2039385,-11.5408,-20.825865,-26.281433,-24.682615,-21.927538,-15.129398,-7.6249075,-6.4894958,-11.5724125,-14.534329,-10.020957,-11.969389,-16.888435,-20.465544,-24.527416,-19.373508,-13.952549,-12.981575,-17.301308,-20.739592,-16.650599,-15.817351,-20.394749,-24.304913,-21.028015,-21.470062,-29.033995,-22.932446,-21.199635,-25.178146,-24.539087,-23.151178,-22.8339,-21.692465,-20.963005,-24.18216,-24.8224,-22.033352,-19.33825,-20.92242,-25.05959,-27.34234,-28.375278,-29.053131,-27.78312,-27.983826,-27.376518,-28.907175,-22.256308,-21.521011,-26.17545,-27.321426,-30.01688,-31.910486,-31.93047,-33.54359,-35.214417,-31.521198,-30.50005,-30.23772,-25.54413,-21.634136,-24.743366,-28.86364,-31.4324,-31.808329,-32.96852,-33.083557,-32.808006,-32.093384,-30.497406,-33.489418,-36.34342,-37.828453,-36.176533,-35.598236,-35.285564,-34.85599,-34.79469,-33.885437,-33.773018,-33.401474,-32.33068,-34.32838,-35.661358,-28.497246,-23.70322,-25.709034,-30.396063,-33.946133,-34.06439,-35.790676,-35.349537,-36.718067,-36.737465,-37.30002,-37.51597,-39.316162,-38.303993,-35.79679,-38.92219,-42.15174,-39.734467,-37.365383,-39.133087,-37.034115,-37.595306,-39.613487,-38.17162,-36.46462,-29.768927,-24.87036,-26.959135,-29.950733,-33.53184,-36.114708,-38.627647,-36.7808,-36.284195,-36.46097,-35.9635,-34.438435,-38.941177,-35.78357,-32.018284,-28.561832,-27.160551,-30.706156,-32.10587,-31.572783,-30.880722,-28.857393,-31.078064,-35.39172,-30.953218,-25.755371,-27.73624,-26.361277,-24.110756,-27.106358,-33.752094,-33.833004,-35.95745,-34.49628,-35.771286,-26.149694,-18.16887,-17.429852,-18.813618,-16.887215,-15.387026,-16.065485,-18.828533,-22.377876,-27.298405,-33.522903,-31.937077,-31.28524,-31.186451,-26.292875,-23.140162,-25.956886,-30.267773,-36.11503,-38.667156,-40.85827,-40.84446,-45.99362,-46.376167,-38.190956,-38.102898,-44.983486,-46.911926,-50.121613,-52.198196,-51.81919,-43.49862,-29.356375,-26.194881,-31.999243,-41.08509,-41.515408,-40.84631,-40.943146,-29.673954,-22.568443,-24.306232,-25.68125,-24.827366,-22.921265,-24.459599,-27.471523,-22.433844,-19.643175,-18.057587,-16.154764,-16.178967,-19.231922,-27.73301,-28.624048,-30.169928,-34.405975,-31.203495,-25.458506,-28.849306,-23.239124,-17.584936,-18.472437,-24.378012,-24.442852,-22.381138,-23.363592,-27.784042,-31.61727,-32.173122,-32.556698,-31.997349,-35.320465,-37.692944,-38.807354,-41.185795,-37.92415,-36.331806,-29.662199,-20.27599,-20.830147,-28.656353,-32.73072,-34.105145,-35.211243,-37.482605,-39.82393,-36.42997,-33.27134,-28.193184,-21.912876,-24.374794,-28.810574,-29.045422,-31.974031,-35.03688,-36.48422,-39.122883,-42.377125,-37.811317,-34.91546,-33.403008,-34.142056,-38.414047,-41.820087,-35.525833,-30.025328,-28.420357,-27.709417,-30.113346,-33.327866,-33.535286,-30.01054,-28.695461,-31.838215,-27.718895,-27.275637,-31.100424,-27.023247,-27.008987,-33.136288,-35.094666,-32.76372,-33.681328,-35.02614,-31.838512,-32.205822,-33.480087,-25.37713,-21.907154,-22.803822,-21.682087,-23.82,-27.309845,-28.33368,-28.21805,-30.172684,-29.692509,-30.34298,-32.184906,-33.8166,-24.124172,-22.68423,-23.87005,-22.347172,-20.085184,-23.600805,-32.407894,-32.270134,-25.86693,-23.291471,-23.103207,-21.663782,-24.801199,-32.713684,-35.775505,-35.769497,-30.629684,-29.542732,-31.458973,-34.962074,-35.868702,-35.503784,-33.024982,-31.666662,-31.31847,-26.821192,-25.484272,-27.522797,-26.265774,-26.561525,-26.848106,-25.10896,-21.46828,-21.427622,-24.125,-27.49825,-30.994837,-32.099525,-31.930248,-32.624107,-34.06696,-33.68376,-27.888,-27.996452,-29.257336,-31.475935,-29.093435,-29.306072,-26.721601,-26.636929,-27.543774,-27.006971,-29.270494,-31.958004,-37.690117,-42.097733,-42.59487,-42.71514,-43.6603,-44.87004,-46.978153,-48.321476,-47.16366,-47.000942,-47.822224,-48.132515,-51.57538,-52.160152,-50.024525,-50.4946,-52.198196,-52.198196,-47.37665,-41.22599,-33.97602,-26.95184,-25.89848,-29.051516,-35.588573,-36.949207,-28.146898,-14.378292,-10.514338,-15.155257,-23.91161,-25.746803,-25.452147,-23.573463,-24.19792,-32.29905,-34.216854,-30.818066,-18.055607,-9.359877,-7.5029383,-8.325031,-11.22778,-16.375622,-24.199259,-25.389482,-25.800793,-17.911312,-15.708156,-24.00282,-23.427444,-19.966877,-18.622274,-10.8191185,-7.5737724,-8.432912,-11.461016,-16.824152,-20.413054,-23.518917,-28.453487,-16.085842,-10.521101,-16.04127,-28.239355,-29.161016,-30.84768,-32.694427,-32.355858,-34.974934,-36.2624,-30.046455,-13.695051,-9.735372,-12.267074,-12.498716,-14.946302,-20.092762,-22.933243,-26.963842,-26.959574,-28.586653,-31.078146,-31.357088,-29.499037,-32.07095,-35.949272,-34.943336,-35.573,-35.613686,-33.26804,-33.89276,-34.8067,-36.40231,-38.697506,-40.642582,-41.40797,-31.08319,-28.872679,-33.448006,-35.0861,-36.37967,-38.738857,-41.22196,-42.371403,-41.815,-40.194115,-40.941833,-42.779198,-42.990932,-44.452812,-46.962563,-47.78311,-44.06067,-42.9208,-47.580864,-44.25936,-31.775959,-28.451796,-27.845695,-28.245667,-25.325546,-20.461226,-19.05072,-21.249979,-29.365437,-32.474277,-32.92485,-38.16994,-34.86341,-35.033413,-33.370975,-33.217976,-29.485874,-22.614235,-22.75164,-29.256704,-27.551214,-19.83647,-23.06496,-32.062973,-31.291027,-32.761795,-35.141865,-35.9285,-34.65037,-27.869312,-27.083202,-31.041073,-34.654404,-33.882088,-33.550697,-37.476494,-39.950356,-42.232872,-42.0979,-41.931877,-41.853374,-41.762634,-43.61712,-46.136147,-44.832268,-43.756947,-40.521236,-42.217365,-45.369648,-44.323177,-41.8116,-38.006565,-37.692566,-32.5235,-26.897015,-28.736504,-30.754032,-34.14525,-37.842056,-38.114174,-38.241123,-40.049553,-43.174404,-41.211334,-39.50731,-37.314003,-37.422264,-40.699295,-45.25747,-46.81026,-43.693733,-43.702126,-42.543697,-39.31439,-38.53792,-39.461514,-40.53019,-40.687172,-42.071934,-43.306267,-30.88235,-25.446566,-29.144215,-28.238161,-26.085894,-29.62899,-33.586597,-36.588474,-37.672802,-40.1589,-36.18596,-31.49305,-35.98952,-41.14695,-37.479874,-38.88034,-45.57168,-40.705345,-34.47753,-35.40112,-37.251667,-36.296913,-33.08071,-36.832928,-31.969711,-24.261086,-25.133398,-29.644825,-32.54679,-38.93031,-40.77309,-40.97798,-43.932304,-45.282764,-37.44078,-34.151863,-34.440617,-39.640846,-43.805626,-43.303093,-41.791225,-37.80621,-22.96452,-15.8431425,-13.479553,-15.152105,-15.175571,-13.841232,-13.662453,-14.372052,-15.960327,-19.11053,-22.120335,-22.837025,-19.246073,-16.388786,-16.993078,-17.483862,-21.0724,-27.385395,-27.43354,-29.459513,-28.248913,-28.767231,-25.933308,-27.151756,-27.813757,-27.372663,-27.690723,-25.361912,-19.22218,-21.165325,-31.307072,-31.494448,-30.670456,-25.969505,-25.654593,-29.071615,-30.135908,-32.708633,-33.56795,-37.093403,-34.82163,-31.43328,-31.312386,-30.456648,-29.384655,-30.023329,-32.028423,-34.702087,-37.759827,-40.008625,-37.806595,-36.909386,-35.89768,-35.37083,-33.152237,-32.561478,-33.20187,-36.25939,-26.021692,-22.78863,-27.21593,-28.683487,-30.563307,-33.171677,-35.999813,-39.557747,-44.654243,-44.908833,-43.79147,-43.91006,-43.66117,-44.41445,-43.420723,-45.57341,-42.64846,-37.15262,-37.72717,-34.249577,-33.964504,-33.762825,-35.643982,-34.182507,-27.77585,-24.919182,-25.31461,-27.84809,-33.201466,-36.361015,-37.522224,-32.905487,-33.225254,-38.143726,-38.611572,-33.289692,-32.49537,-33.442635,-35.89633,-35.32959,-33.399574,-29.936806,-29.783724,-30.179556,-31.227718,-34.411404,-34.93671,-30.205172,-29.647827,-29.53252,-27.51726,-26.361074,-31.622017,-37.16471,-40.79209,-40.197407,-33.975723,-31.60162,-32.268234,-31.079803,-33.62109,-33.78718,-29.480646,-24.807808,-24.376305,-24.344475,-27.202044,-20.56576,-7.663147,-2.2791574,-2.1762166,-1.8530833,-3.6385229,-11.046605,-14.549699,-11.281625,-11.766334,-14.277542,-14.151333,-15.494461,-19.302189,-21.638453,-25.520506,-28.81374,-31.173351,-24.184246,-13.45895,-10.147754,-12.524307,-16.801914,-20.584732,-27.500448,-28.100613,-30.804256,-32.932865,-30.938976,-31.780207,-26.149693,-27.464819,-32.26858,-33.362415,-34.172028,-34.822468,-36.252625,-33.826843,-34.77808,-34.44549,-34.452255,-33.33177,-34.623627,-32.153236,-36.017246,-43.550537,-43.770515,-45.114876,-44.10811,-43.9889,-45.919975,-40.642708,-31.483097,-27.533546,-28.006992,-26.627907,-27.550522,-30.6193,-34.67954,-31.388052,-31.35925,-35.292103,-39.0971,-45.134468,-44.013275,-44.036995,-44.15524,-40.57641,-40.365883,-40.511047,-40.81003,-39.365025,-35.966343,-34.565197,-24.80213,-25.376698,-36.89044,-38.92421,-39.520466,-28.241484,-23.577272,-20.9734,-22.52282,-30.775282,-33.524853,-27.977865,-28.602654,-33.49452,-33.543694,-33.915745,-32.228703,-33.73843,-24.997921,-24.246729,-30.336517,-36.32441,-34.215473,-33.903442,-32.867043,-30.398678,-34.887474,-37.48239,-34.85051,-24.427736,-22.922857,-28.978504,-33.116013,-38.91771,-35.951878,-31.564884,-26.466,-18.853905,-18.381197,-22.258492,-27.331573,-31.319178,-32.003017,-34.08361,-40.497223,-33.32647,-28.559841,-33.32385,-38.61303,-39.621223,-38.583916,-38.520985,-39.222076,-36.662514,-25.785858,-21.195223,-21.562214,-22.231106,-20.00409,-18.636457,-19.059158,-21.907747,-27.285397,-34.71315,-35.203365,-34.973145,-36.031235,-36.924976,-32.021225,-22.403282,-16.64876,-16.365372,-21.236507,-19.04744,-5.795904,-1.9669188,-1.0945965,0.16357523,-0.44103092,-0.9911506,-1.5673162,-3.4510853,-4.7521515,-4.610298,-5.9937196,-11.021976,-17.09832,-20.199142,-15.303226,-15.178977,-16.189224,-19.509476,-22.027483,-23.870094,-22.022352,-22.115755,-23.25647,-23.82966,-23.131199,-22.3026,-23.11136,-24.540155,-28.24484,-25.73329,-23.01281,-26.405048,-28.557358,-27.664719,-28.491915,-28.163614,-29.818085,-30.13591,-30.104189,-28.992407,-29.07135,-30.743998,-32.259876,-30.89588,-29.976624,-29.545153,-31.552048,-29.95219,-29.682169,-30.528568,-31.407242,-33.665154,-32.707935,-30.28479,-27.205523,-25.58871,-28.299837,-31.060272,-33.015778,-32.345757,-28.020737,-30.011818,-26.926672,-13.736544,-9.599903,-12.1160555,-15.2665825,-16.449339,-26.045135,-29.567415,-29.976368,-29.919247,-30.128613,-31.152227,-34.81037,-34.6505,-34.245876,-34.32365,-27.548073,-26.44971,-30.263954,-33.78869,-34.576126,-36.488758,-37.540916,-41.032227,-37.179153,-33.551907,-32.169693,-34.99563,-33.654884,-33.49441,-33.49943,-36.15851,-39.2944,-41.930023,-43.774994,-47.00468,-46.29325,-42.251163,-35.451862,-36.77122,-26.525661,-22.612873,-22.380505,-26.845413,-33.889496,-32.259266
-39.332993,-42.44893,-47.604908,-49.707565,-46.77732,-38.535522,-37.72363,-45.68895,-52.026897,-51.31019,-51.021824,-41.81372,-35.198208,-35.93618,-37.57694,-26.750338,-22.404095,-21.7219,-22.181799,-24.427181,-24.803364,-10.808879,0.1073623,3.080777,2.632233,3.6767302,3.7939496,3.060513,0.20552364,-5.7055216,-15.169324,-21.442812,-17.713278,-15.794426,-6.2069316,0.38577694,2.845435,3.0812378,2.001302,-1.5535018,-10.7890415,-16.543749,-11.624598,-4.1579814,-0.4279337,0.065262705,0.11200905,0.076060206,-1.1510487,-3.4034958,-5.8268147,-8.982843,-12.575375,-14.566189,-14.436996,-18.196266,-22.657272,-20.039875,-20.47292,-19.72321,-22.667107,-31.242846,-28.704231,-25.360435,-24.558529,-26.466732,-31.203964,-29.797695,-27.220253,-24.324955,-25.015352,-30.162622,-30.887802,-31.955708,-30.672058,-34.029953,-34.92211,-35.265205,-34.80331,-34.522022,-33.93891,-33.680515,-34.866566,-36.89273,-34.49559,-34.438858,-36.67779,-35.54117,-32.642487,-31.167912,-31.481323,-29.724255,-29.435219,-30.178518,-26.387142,-26.3853,-29.730959,-30.673391,-31.015215,-35.1433,-36.84539,-35.112522,-35.84995,-34.850677,-35.031643,-33.440662,-31.999123,-31.220713,-29.83485,-33.337063,-33.191734,-34.618458,-31.160023,-21.77104,-19.174135,-19.912302,-20.050442,-22.24499,-25.733011,-24.338795,-25.316069,-26.504248,-28.740143,-33.685936,-35.63772,-36.476303,-37.238956,-32.750633,-34.50519,-40.030914,-36.256012,-34.538338,-34.852055,-27.360275,-22.148956,-19.960743,-22.808407,-26.515095,-36.690166,-40.89122,-33.6001,-26.030148,-23.582403,-23.433746,-27.043015,-27.592098,-28.711155,-29.207315,-31.446129,-32.103085,-31.205149,-31.740643,-32.319633,-34.012825,-36.78854,-35.325893,-32.639538,-34.53584,-39.431614,-44.0052,-41.54926,-39.12617,-36.369194,-32.976967,-35.03176,-38.28978,-36.795135,-33.45692,-26.176167,-27.57387,-27.814678,-26.613369,-26.392475,-29.733427,-34.498684,-33.005642,-37.764965,-39.076736,-39.266064,-35.996975,-32.105392,-31.640022,-33.24387,-32.998684,-35.897564,-41.03518,-37.318455,-32.817886,-29.014862,-26.875856,-26.849773,-27.813452,-29.900928,-26.223467,-25.678165,-27.291542,-29.257383,-26.200502,-28.05014,-35.63695,-31.542538,-28.028152,-27.571718,-30.708258,-36.82228,-30.554768,-27.583923,-28.965128,-30.311878,-29.078465,-26.487514,-29.196032,-34.82157,-35.139412,-35.04056,-35.09474,-31.729588,-29.445019,-24.47152,-24.64446,-26.88359,-27.769136,-32.698586,-35.169495,-36.153316,-34.763557,-34.22399,-34.02243,-35.28794,-34.05297,-31.213072,-34.146683,-35.97921,-34.43894,-30.813791,-27.365253,-24.891422,-25.39361,-27.581085,-30.085995,-32.73006,-31.284172,-28.226784,-26.721888,-27.190254,-29.872608,-32.809895,-34.311783,-32.923492,-31.236328,-28.576122,-32.57144,-37.78057,-38.76969,-35.326912,-34.370186,-34.176735,-32.318344,-31.496904,-34.07313,-31.091873,-29.906528,-32.443787,-33.57225,-28.320168,-30.58215,-37.124363,-34.40815,-28.351889,-28.077633,-31.453722,-33.348248,-36.840736,-40.474007,-43.621487,-43.027855,-43.086723,-38.553547,-36.568768,-36.87947,-37.91266,-38.0357,-30.753984,-26.329844,-26.260853,-31.121675,-42.502552,-44.69628,-42.3546,-40.971375,-34.40059,-31.191996,-31.08988,-27.0356,-25.845976,-30.141655,-33.93083,-36.44711,-37.3063,-40.56733,-44.327408,-45.779625,-47.717167,-49.03749,-46.879597,-45.27941,-44.64352,-44.403816,-43.10078,-40.718327,-31.464918,-23.2366,-21.688051,-22.654325,-25.249481,-30.58977,-33.456635,-26.60576,-21.963064,-24.807278,-27.428692,-28.364323,-25.763355,-27.470268,-14.536704,-6.7255015,-5.195083,-7.1071177,-8.737345,-13.6384115,-18.650595,-11.881338,-8.2648535,-5.8975224,-7.804085,-10.844618,-14.10898,-21.999142,-10.074558,-3.5844514,-2.4424655,-2.9948425,-3.7062492,-10.250021,-20.98029,-22.211771,-24.940544,-23.00863,-14.328727,-6.37189,-3.8256679,-4.6613135,-6.6101418,-12.482107,-21.858912,-22.484264,-19.852386,-18.799046,-25.238003,-20.867128,-18.189121,-21.864035,-24.475693,-24.316742,-21.736923,-20.74646,-23.192928,-26.436531,-29.255716,-21.850677,-16.630838,-20.590527,-24.026245,-24.708387,-27.391623,-28.681908,-25.685162,-24.866905,-28.936768,-30.8353,-22.213768,-16.56783,-13.969818,-12.051071,-13.210302,-19.138378,-28.60093,-32.52342,-30.641592,-31.171331,-32.229156,-29.949425,-26.366442,-24.054548,-26.99875,-25.897919,-28.219513,-31.094053,-31.798756,-32.25941,-34.6014,-33.138107,-32.307213,-32.356018,-33.104774,-34.549606,-37.85284,-35.57245,-32.74013,-32.19114,-32.400787,-35.11321,-36.69512,-38.955887,-37.12277,-35.109627,-33.980606,-25.660347,-22.47034,-28.258461,-32.65575,-33.96853,-34.908695,-36.50135,-34.962,-37.280563,-38.073265,-38.532837,-40.63682,-38.901928,-36.54554,-36.89367,-40.40157,-37.57019,-37.765625,-37.231197,-36.80405,-37.464222,-36.05202,-36.80183,-36.57699,-39.476997,-31.152958,-27.265038,-27.68656,-30.297184,-32.770855,-34.38736,-37.777943,-39.202755,-38.435818,-38.60768,-32.07017,-31.250317,-40.39377,-37.618317,-32.94668,-25.306223,-22.857738,-22.1313,-20.954292,-22.613918,-25.650995,-29.783955,-32.790558,-35.23561,-32.76825,-28.784569,-30.17616,-30.570992,-29.779278,-30.608461,-29.725561,-33.00703,-37.06806,-37.83052,-35.845673,-30.374168,-29.29057,-31.234478,-32.666454,-32.770596,-33.086212,-33.430077,-31.876694,-27.860886,-26.798431,-29.334509,-30.55309,-35.181534,-34.603264,-28.07619,-25.248106,-27.396841,-29.831495,-32.128185,-32.67292,-37.427856,-40.660473,-43.70852,-45.40042,-41.43741,-37.96582,-39.888504,-41.44124,-40.02293,-43.240288,-45.124855,-43.646168,-27.724874,-24.881073,-30.927313,-35.81897,-38.44395,-42.74745,-43.628963,-32.263783,-25.325281,-27.129967,-29.101635,-32.36919,-32.19254,-31.347294,-27.523764,-17.354414,-12.378225,-10.59272,-9.748819,-11.098337,-16.928679,-22.100744,-15.6295,-17.847237,-27.711973,-20.657837,-17.711437,-24.569637,-22.14207,-16.217028,-15.033245,-15.846735,-17.6863,-19.536428,-25.038717,-30.79337,-34.808556,-34.99324,-34.31104,-32.030598,-30.275772,-31.579006,-31.812046,-30.661678,-29.851688,-33.992897,-30.630604,-23.040573,-20.270039,-22.652037,-28.465927,-28.535479,-29.748085,-29.735867,-32.44169,-32.239487,-26.44654,-26.460035,-23.011223,-25.31354,-30.06212,-28.775072,-33.069958,-34.99987,-33.390526,-35.86995,-38.206318,-37.67684,-35.19651,-32.272003,-30.827461,-35.851616,-41.098427,-41.074913,-38.414055,-34.42006,-31.641983,-33.03279,-32.389305,-34.697533,-33.29751,-32.911407,-32.7335,-24.44973,-24.958286,-28.408249,-32.753284,-34.28109,-31.131113,-29.38324,-27.51448,-27.374527,-27.050209,-29.202164,-33.87748,-39.921745,-28.702148,-23.64475,-20.81324,-19.03009,-24.227253,-31.962778,-34.99931,-27.675058,-25.161505,-29.028664,-31.39189,-31.543758,-32.832825,-23.677824,-21.483067,-20.616001,-18.614868,-19.279083,-26.347248,-34.46857,-33.798767,-32.078354,-29.82951,-28.15198,-28.004969,-30.994316,-33.361984,-34.26138,-33.72975,-29.468395,-27.22826,-25.808084,-26.486053,-28.589792,-29.319265,-27.486504,-23.803394,-24.027262,-25.64096,-26.159672,-28.515856,-26.392502,-27.884212,-26.583347,-27.34356,-27.671509,-29.520807,-29.70205,-25.408455,-25.489803,-27.883232,-28.053055,-30.543367,-30.7757,-30.445179,-28.511045,-29.953024,-29.190084,-28.25948,-26.497505,-25.528969,-25.803177,-25.330437,-24.530392,-25.50889,-26.617516,-29.182453,-36.11451,-38.73391,-41.312607,-40.4779,-42.784977,-44.9094,-44.641117,-45.84871,-45.625057,-47.2572,-50.77996,-51.291748,-52.198196,-51.427155,-49.185146,-49.140507,-52.198196,-50.750977,-45.54377,-38.207417,-30.589972,-26.104992,-28.224789,-30.29869,-32.826454,-34.676582,-30.422405,-18.350025,-8.933169,-5.051819,-5.65702,-7.2877555,-7.2137403,-7.6256585,-13.771199,-28.743345,-27.432201,-26.741428,-17.172506,-7.8147745,-4.9755697,-2.144147,-0.40167037,-0.006133868,-0.89024997,-3.185565,-4.681261,-4.1310325,-8.673375,-18.633469,-22.273493,-12.768112,-11.510223,-8.483619,-3.0224075,-4.5350237,-11.405925,-19.391582,-17.86218,-19.744537,-24.645172,-11.9365015,-3.6243591,-2.8716784,-5.1496763,-8.640963,-14.107251,-20.015934,-20.314087,-24.136726,-26.591633,-27.419184,-21.064312,-20.30132,-28.845314,-30.280663,-28.313292,-26.206219,-32.976044,-36.674343,-34.328304,-34.936264,-34.890438,-35.395912,-34.448204,-32.06907,-26.990002,-24.86582,-24.85935,-25.809795,-29.599998,-32.504963,-36.097942,-39.30366,-39.388535,-36.974514,-38.52326,-32.133545,-29.91294,-29.466848,-28.616688,-29.994759,-33.287666,-37.637352,-41.17682,-38.39075,-35.32981,-36.131702,-38.04322,-42.434887,-46.86606,-47.39502,-47.027878,-46.112213,-43.231003,-46.004982,-45.733715,-25.50968,-12.7022915,-12.862583,-24.777987,-26.99446,-24.09124,-25.788197,-28.286612,-32.69922,-32.16908,-30.65685,-32.775265,-34.61912,-33.661674,-28.441376,-22.321833,-20.593061,-12.276394,-8.917841,-10.396337,-11.826263,-11.80134,-18.892757,-31.955278,-28.845617,-30.476448,-32.575108,-31.75113,-31.06203,-26.274132,-24.45087,-20.615797,-18.59901,-17.795803,-17.449368,-16.722109,-16.989086,-19.595137,-22.914618,-24.430742,-25.49861,-26.567547,-26.578506,-26.430073,-27.308453,-27.086216,-26.2867,-25.395428,-25.00166,-24.136688,-22.669401,-24.16396,-24.918879,-25.273478,-23.346205,-24.873959,-28.695335,-31.599047,-32.52173,-33.247562,-38.23711,-35.646202,-31.644558,-31.650602,-33.62674,-31.367489,-27.49783,-27.938671,-29.38726,-32.16316,-31.341782,-28.89835,-28.913044,-31.6413,-35.8824,-38.81445,-40.49069,-37.93514,-33.59165,-33.06819,-28.662424,-26.009514,-28.854906,-26.58474,-21.847668,-23.352242,-28.37614,-37.710693,-42.74868,-39.993988,-36.152477,-31.800299,-35.39176,-40.184685,-42.721268,-44.595963,-44.75518,-42.888695,-36.4468,-30.084532,-28.746143,-35.232574,-42.671772,-41.351334,-30.846415,-23.337982,-23.823353,-28.544828,-30.86811,-35.367332,-33.80793,-35.449825,-38.527954,-40.324677,-35.98824,-34.41455,-39.25236,-38.555912,-35.550053,-35.142075,-32.635445,-35.406216,-24.720901,-20.250286,-22.400051,-23.958456,-24.037052,-25.459661,-27.44234,-29.830753,-26.437351,-26.46286,-28.923065,-32.36837,-36.035713,-36.082005,-32.44048,-30.33447,-33.158283,-34.990868,-36.96684,-34.955692,-31.552069,-35.413242,-37.244957,-27.441532,-25.038868,-31.6064,-36.72959,-32.857185,-34.30129,-37.71213,-40.843662,-28.658688,-26.29565,-25.860653,-23.367498,-24.275345,-26.37666,-30.24015,-35.722958,-38.018456,-34.771942,-35.183903,-37.53696,-38.295532,-40.730495,-41.300682,-42.152275,-41.51906,-42.065575,-41.34914,-37.154842,-36.89615,-38.81167,-40.4582,-40.5261,-38.989548,-34.612316,-34.881702,-28.563492,-24.847784,-28.557453,-30.925142,-31.21608,-33.287415,-37.135414,-40.07081,-41.723595,-44.674892,-43.6399,-44.222977,-43.452675,-43.122944,-43.292984,-45.06597,-42.808514,-36.777332,-34.92717,-33.73088,-31.767784,-32.76466,-34.99669,-29.929413,-21.41048,-19.91222,-22.748352,-29.333265,-34.552185,-39.03229,-38.960033,-32.0194,-29.55935,-33.751976,-33.941795,-32.237648,-32.462467,-31.79303,-26.27244,-23.39413,-23.708933,-23.414135,-28.337214,-30.02469,-32.831085,-35.026466,-31.907751,-24.89955,-22.375038,-21.195728,-20.04573,-22.253607,-32.182358,-38.245884,-39.410664,-38.27693,-32.820885,-30.87418,-32.456905,-32.023663,-25.953281,-25.431614,-28.40767,-27.903297,-22.312954,-18.187618,-21.912037,-23.471582,-14.543608,-6.831544,-4.6110926,-4.2689934,-5.7011995,-12.606625,-13.867311,-19.910145,-23.996895,-23.94,-22.26023,-25.124046,-21.791761,-23.130352,-28.364655,-32.45546,-33.735188,-29.160355,-16.258656,-10.321733,-10.467385,-13.201057,-17.921246,-28.621277,-28.636942,-29.936714,-30.865158,-30.768166,-31.537428,-29.360355,-28.494045,-27.701052,-31.132257,-33.32073,-33.412243,-31.287502,-29.389515,-32.180153,-37.58726,-36.366035,-34.065125,-31.502342,-30.391981,-35.949444,-36.876186,-33.931366,-33.85967,-35.843407,-37.43524,-39.278988,-34.955856,-30.460335,-30.587997,-26.87708,-24.408558,-28.370188,-33.357044,-36.40394,-33.528923,-35.36771,-36.515083,-35.27617,-40.193523,-43.950287,-43.858803,-42.754803,-42.38655,-40.24996,-39.98228,-41.343174,-38.087276,-35.603912,-36.131367,-28.412739,-30.207994,-40.38492,-41.80674,-40.30139,-35.418404,-31.124105,-33.508446,-33.37076,-36.051537,-36.760284,-38.36459,-41.420902,-40.134544,-37.514248,-37.30905,-37.097275,-38.947533,-30.298063,-27.779491,-30.57805,-32.33026,-34.92297,-34.412865,-32.26166,-30.416435,-35.917908,-34.969772,-34.614548,-26.557005,-23.27679,-22.355198,-22.202019,-23.304981,-25.495724,-31.992157,-31.89429,-31.11519,-37.33687,-41.07611,-40.25007,-39.958817,-37.596695,-39.441525,-48.41906,-36.35087,-31.299755,-36.499027,-30.05944,-26.613232,-28.486553,-31.3076,-34.469196,-36.813026,-29.58031,-29.001627,-30.048767,-33.418,-37.163765,-40.017548,-41.172375,-43.99025,-44.899704,-47.85308,-48.77216,-46.99643,-44.318256,-43.317963,-38.106316,-21.151955,-16.035221,-13.139618,-15.048365,-23.727016,-25.925491,-23.426453,-21.470123,-18.505604,-11.039901,-6.4244986,-4.798085,-3.8279104,-3.243754,-1.3669457,-0.2671485,-0.7858699,-1.8587155,-3.4612288,-4.141127,-4.196583,-5.118132,-6.5285034,-5.575146,-5.005014,-4.9426827,-4.989863,-5.19404,-4.417037,-3.1874487,-3.1215968,-3.5253155,-4.1655273,-4.557504,-4.838541,-4.4976482,-4.3419976,-4.546287,-5.215744,-5.928738,-6.074102,-5.8840914,-5.466158,-5.768319,-7.0008383,-8.681582,-9.66983,-10.26384,-11.762036,-12.540136,-11.747588,-11.948019,-12.731678,-12.468708,-12.00953,-12.250653,-12.729901,-13.273056,-14.017,-14.718204,-14.844301,-15.266023,-15.180574,-14.335523,-12.575762,-14.313077,-23.244102,-28.336332,-14.802429,-8.252944,-7.1438165,-8.338846,-14.078276,-24.922348,-23.237963,-26.189522,-27.772972,-30.237518,-29.282124,-31.647858,-31.153564,-30.119534,-33.22172,-24.684221,-23.350918,-30.358368,-34.644497,-36.439327,-36.448654,-35.23268,-37.884747,-39.56651,-35.6722,-35.48035,-37.470184,-39.431004,-38.10759,-35.546783,-33.505688,-37.02389,-40.173878,-39.0627,-35.625423,-36.747356,-33.071224,-28.233278,-29.975311,-23.510635,-21.265419,-22.87319,-27.147598,-33.170105,-30.31926
-36.749954,-40.64161,-45.954136,-47.14427,-48.59837,-39.70062,-37.759945,-45.83467,-52.116222,-50.48191,-50.85427,-40.702293,-37.984055,-38.27667,-38.970318,-28.10111,-17.901697,-14.217929,-16.627726,-23.140518,-24.21404,-21.232985,-20.136559,-18.98885,-17.432384,-19.456703,-18.224472,-18.215729,-18.882723,-23.40515,-34.7553,-36.884087,-36.958897,-20.718811,-18.050516,-23.879147,-22.541464,-22.868483,-26.171364,-26.895885,-32.20475,-33.124374,-27.511665,-26.0483,-24.870337,-24.517586,-24.093407,-25.141243,-25.870968,-26.240417,-24.264584,-25.995035,-29.108274,-29.614141,-31.99623,-35.073345,-32.456062,-32.701103,-34.516605,-35.46994,-35.030823,-35.86988,-35.048798,-32.87912,-35.122772,-33.196648,-32.3647,-34.26252,-34.1594,-30.438435,-29.639471,-33.46194,-35.74806,-34.333626,-31.146877,-30.843918,-32.929855,-38.83627,-40.01148,-34.240753,-33.49237,-35.13492,-38.506508,-40.634903,-37.249153,-36.33458,-34.883083,-37.512543,-33.883232,-30.185368,-30.206333,-32.03019,-32.912907,-28.914196,-21.422367,-21.87202,-29.246426,-32.695854,-31.272781,-34.50524,-39.186012,-35.401157,-33.023445,-35.770123,-35.293957,-26.466118,-23.008541,-23.762203,-25.608292,-29.255424,-32.06245,-33.394356,-31.77355,-22.169914,-19.055841,-19.952776,-22.301996,-24.315588,-27.212242,-28.336922,-28.015938,-26.776207,-31.550524,-34.22504,-34.318832,-34.725094,-36.629955,-28.455597,-22.971392,-22.223694,-25.688696,-32.948193,-36.17989,-33.8612,-32.19376,-30.041788,-29.91679,-29.132378,-35.945877,-40.831448,-37.153275,-32.81692,-27.707047,-21.007128,-21.892014,-28.017843,-31.417933,-32.15542,-34.983147,-34.320465,-36.108624,-36.89259,-33.634834,-35.164017,-38.561504,-37.62557,-36.342667,-37.691097,-41.251244,-44.00479,-42.868256,-39.63859,-36.112923,-32.182083,-36.016342,-42.190926,-40.149323,-35.71393,-27.930758,-28.70717,-33.85987,-33.49912,-31.560806,-33.529198,-36.660168,-34.24128,-38.753014,-37.92672,-35.38074,-34.05717,-32.76441,-32.949337,-31.65146,-31.664768,-35.562103,-38.458588,-37.002117,-33.666405,-30.632914,-31.227291,-32.32804,-33.129814,-31.068487,-24.120094,-23.13388,-28.299534,-30.814878,-31.926783,-33.733032,-38.86684,-35.609604,-33.94087,-34.6295,-33.792725,-34.56044,-26.769375,-23.532408,-26.666645,-30.727215,-32.21932,-31.748083,-32.125362,-34.140434,-31.186724,-25.662441,-28.168774,-35.785484,-35.66315,-29.360617,-21.710043,-20.230442,-22.581413,-25.287369,-30.202389,-31.69939,-30.770714,-32.06995,-32.86028,-31.733433,-32.89297,-36.81783,-38.496708,-38.48455,-33.489315,-30.057903,-27.789883,-25.220623,-25.737772,-27.889433,-30.385244,-33.224834,-31.343105,-26.08875,-22.795736,-26.614838,-33.512276,-33.88834,-32.8483,-33.4675,-32.471443,-32.04339,-35.544655,-38.315216,-36.30056,-32.583992,-34.950336,-35.200096,-34.63693,-35.715405,-34.870857,-31.541664,-30.194408,-31.367706,-33.062412,-34.517357,-36.614906,-38.453445,-37.485,-31.7869,-28.205273,-29.644602,-35.971264,-38.365837,-38.1556,-41.005573,-45.153656,-41.47471,-37.515648,-37.83768,-36.896824,-36.757248,-35.82615,-31.378601,-25.847843,-25.294401,-31.91895,-40.22055,-44.099537,-40.77175,-37.799477,-31.870316,-29.448889,-28.714993,-24.92183,-28.476171,-33.644863,-34.177025,-34.63536,-37.359814,-40.72494,-44.58731,-45.054287,-47.304882,-47.717003,-46.994648,-46.246613,-45.05982,-44.582474,-42.821358,-39.689037,-28.240253,-15.355284,-11.782032,-12.712102,-15.378629,-20.080116,-26.149427,-21.86285,-18.78193,-15.850495,-13.821671,-16.479107,-18.60701,-24.087763,-27.530994,-18.313486,-11.487385,-9.60252,-10.666811,-16.631598,-23.75101,-21.280363,-14.994755,-7.7881765,-6.4239573,-7.3191266,-11.9486,-19.504053,-16.888212,-14.988144,-9.377105,-8.44062,-12.395743,-21.632397,-21.63389,-23.675533,-29.547014,-25.101316,-23.097715,-20.459759,-16.861488,-16.745495,-18.280874,-19.384148,-14.992468,-10.8409,-10.410701,-15.854851,-28.985027,-25.256447,-23.927652,-22.924107,-23.074936,-25.378738,-24.19321,-22.273733,-25.08353,-23.923542,-23.883562,-16.662037,-13.88534,-18.967306,-23.380493,-24.556572,-25.179443,-26.168915,-27.440092,-27.606268,-30.424461,-28.820162,-24.510519,-21.499058,-15.496913,-11.0150385,-9.032611,-8.636027,-10.3764515,-14.005802,-18.142708,-22.102463,-22.100243,-19.340233,-16.736942,-15.247899,-16.11557,-18.300156,-21.99461,-24.20043,-20.072674,-16.282734,-15.388222,-15.195768,-15.606247,-14.879591,-14.728186,-15.16068,-14.846749,-14.411369,-13.412023,-13.271031,-14.322712,-16.763386,-16.85442,-15.820906,-16.699629,-18.605444,-19.333498,-18.931374,-19.156515,-20.367727,-19.618189,-19.49977,-20.63595,-22.655432,-25.150162,-28.1606,-32.312862,-29.990593,-30.91605,-29.583055,-25.874147,-24.523136,-24.82313,-25.3755,-24.08028,-25.370714,-30.053785,-29.428242,-27.987286,-27.353527,-26.60864,-24.80064,-22.850204,-20.69933,-19.716846,-20.294827,-20.458797,-21.164028,-21.123335,-21.035206,-22.355991,-24.639814,-25.468924,-30.725567,-38.435246,-34.687725,-31.774807,-30.407211,-27.804047,-27.6885,-28.861618,-31.59216,-35.219177,-37.838177,-39.70782,-40.248596,-30.50173,-25.312174,-27.373466,-30.474545,-32.3117,-33.137745,-30.538263,-31.323418,-34.70427,-34.257877,-35.664413,-35.17584,-29.562769,-27.19077,-29.714771,-35.349003,-37.760517,-38.14795,-34.18,-23.338017,-19.165628,-20.285572,-22.510212,-26.827269,-28.023169,-25.773676,-21.107523,-23.10949,-28.78068,-32.271477,-33.26407,-35.59058,-42.4037,-47.73938,-46.332054,-41.028748,-37.370167,-38.702328,-39.447998,-38.963715,-42.386482,-44.51037,-43.108643,-28.775396,-23.790552,-27.279999,-35.36459,-38.128,-39.39972,-41.260254,-34.26444,-24.47799,-22.707684,-23.776703,-27.085754,-30.207909,-28.28347,-26.731737,-26.30678,-26.147072,-27.783606,-28.641655,-29.018438,-29.474495,-21.146849,-9.101101,-6.0274076,-7.835276,-8.910399,-11.13902,-22.829197,-25.464897,-24.713322,-24.65775,-23.706827,-19.840416,-18.286612,-21.941925,-26.461962,-34.349686,-32.623367,-31.789751,-33.865135,-33.9131,-33.440887,-31.794716,-31.61846,-31.30084,-34.610893,-34.223454,-30.595783,-32.67757,-35.880924,-31.789822,-30.080908,-33.879818,-38.376152,-39.163734,-38.96664,-32.489857,-29.595608,-26.292742,-28.652328,-31.774979,-31.15342,-33.611244,-35.261887,-39.87466,-40.465073,-37.679695,-36.83322,-32.931496,-29.675743,-28.51189,-34.387344,-42.258896,-43.993572,-39.23601,-33.966953,-31.257002,-29.650965,-31.166142,-33.65917,-36.309544,-35.71564,-30.170467,-19.854681,-19.850033,-25.443249,-28.535501,-31.752613,-33.838017,-33.919083,-33.242184,-31.68565,-31.622637,-30.12967,-32.433735,-32.337288,-28.025234,-31.452385,-34.930096,-35.210175,-34.266365,-35.434376,-37.51612,-31.924103,-24.114124,-20.547932,-21.753738,-27.450314,-33.804905,-25.35311,-20.604027,-20.741943,-23.122948,-25.40503,-28.76317,-30.22269,-31.02798,-31.26869,-36.028553,-35.188362,-33.176105,-35.10181,-35.392773,-35.212845,-34.260742,-30.344482,-30.657675,-30.153263,-31.18418,-31.651653,-28.81117,-28.122566,-27.557085,-26.145136,-22.735949,-23.645653,-27.33676,-30.00006,-29.540161,-29.507435,-29.759205,-29.649775,-31.284876,-32.164257,-32.36649,-35.46654,-33.00664,-27.58081,-27.71177,-27.606586,-27.935863,-27.056545,-25.87619,-26.808252,-27.884905,-27.397587,-27.341063,-27.122648,-24.82203,-23.790627,-23.138054,-23.22224,-26.535076,-31.639946,-35.822414,-39.932304,-40.76953,-42.855602,-45.377903,-44.93664,-45.32532,-46.51178,-48.117653,-51.86702,-50.73071,-51.478447,-48.06134,-45.06543,-46.390923,-49.33449,-46.231148,-44.441067,-35.00441,-27.55487,-21.922857,-21.534004,-25.39989,-31.249102,-33.771015,-32.651295,-24.961983,-21.284914,-11.802689,-5.476708,-3.720956,-5.1975203,-7.8461046,-14.919318,-21.844671,-18.950706,-19.37955,-17.85991,-16.157705,-18.532707,-21.555328,-13.432573,-7.588195,-5.441675,-6.2859936,-5.3633566,-5.170457,-10.845596,-21.785307,-25.24476,-17.387344,-16.829575,-18.413197,-19.497646,-21.704672,-23.20923,-23.366518,-23.847246,-28.724361,-30.87202,-14.6873665,-4.7812657,-3.0900958,-5.364437,-9.263216,-14.706546,-23.382433,-25.563992,-27.799538,-29.759474,-29.663857,-21.971436,-20.831722,-27.011606,-29.620588,-33.319366,-34.526474,-34.453777,-34.030537,-31.99974,-33.205166,-33.682884,-33.902546,-32.929092,-30.922773,-26.193558,-24.704391,-25.340578,-25.219118,-28.693659,-34.285637,-36.3802,-37.368233,-39.45542,-37.601677,-38.1394,-36.000893,-32.649757,-24.790956,-20.175064,-20.67518,-24.101074,-27.962992,-31.242476,-27.887321,-25.64806,-25.981533,-27.716667,-31.654833,-38.17364,-41.603996,-38.153347,-37.06472,-36.422005,-36.85909,-36.943012,-24.170784,-7.7540517,-5.0627303,-12.06431,-25.45467,-24.409134,-23.970716,-25.996185,-28.899076,-18.84895,-9.994169,-8.341318,-10.048766,-13.63565,-14.213606,-12.114402,-13.433929,-14.98307,-13.714934,-14.411164,-14.539192,-15.22872,-20.687565,-24.199387,-26.857273,-29.242325,-31.06234,-30.833366,-29.68874,-28.784283,-27.818043,-21.72752,-19.24562,-18.189934,-17.48438,-16.918823,-17.665968,-20.418808,-23.529531,-24.409693,-25.260124,-25.998295,-25.443966,-24.594135,-25.188951,-25.319206,-24.767084,-24.347065,-24.42827,-23.901958,-22.563908,-23.527649,-24.041231,-24.037981,-21.232025,-22.688208,-28.172962,-29.096073,-29.295872,-31.466846,-35.894478,-32.799583,-28.573921,-28.726181,-31.037806,-30.104952,-27.072065,-27.353626,-28.005909,-30.462711,-30.365215,-27.509325,-27.577421,-30.31683,-35.08064,-37.79154,-39.755913,-37.336094,-33.61905,-35.194237,-29.747597,-26.388777,-28.842604,-30.138262,-28.64824,-30.322435,-31.693447,-29.26569,-23.977852,-23.133503,-24.514591,-27.07132,-33.460598,-39.643795,-40.14664,-40.152977,-42.507973,-40.77542,-34.42152,-34.32454,-35.27524,-38.91107,-41.69082,-39.914955,-30.982935,-21.195765,-21.308945,-28.565615,-33.37607,-35.052437,-34.192635,-36.350353,-38.622078,-37.35202,-34.038498,-35.858593,-41.317448,-40.172432,-35.669907,-36.717495,-35.19715,-37.30772,-25.850323,-15.345031,-11.481153,-12.087007,-13.993887,-17.188177,-21.75724,-25.846684,-25.689735,-26.696404,-28.166962,-32.290264,-33.03437,-34.14682,-34.62111,-33.617874,-35.349022,-37.761772,-35.04474,-37.57765,-41.027954,-40.86967,-37.915398,-32.19278,-30.648651,-30.513552,-33.64618,-35.542725,-34.791668,-36.142467,-38.55479,-27.271421,-22.23579,-22.132881,-19.105165,-16.961494,-17.510315,-20.572117,-26.27572,-29.966404,-24.18236,-23.218842,-24.923328,-26.559807,-29.876387,-33.90338,-34.12509,-31.474257,-30.470898,-30.273664,-28.549635,-29.172441,-28.724213,-30.017862,-30.955936,-31.862556,-31.384867,-30.556715,-30.59283,-29.259691,-30.09532,-31.363064,-32.02602,-30.977818,-32.534157,-36.918392,-41.58246,-47.16107,-45.270813,-45.162537,-42.793503,-42.829994,-43.24817,-43.784637,-42.713486,-34.621647,-33.312466,-32.323463,-30.58601,-32.115032,-37.233578,-29.247293,-17.992382,-15.969465,-21.936464,-31.768764,-34.17461,-36.50315,-37.164047,-30.66448,-24.156746,-22.10912,-22.406967,-24.368227,-30.9,-32.678696,-28.860044,-27.26406,-29.488829,-29.67596,-30.813997,-31.800098,-35.854736,-34.00717,-34.549934,-34.05987,-32.4251,-31.772957,-32.884773,-34.63587,-36.52188,-39.89234,-41.016846,-37.038998,-32.589436,-30.867851,-33.08209,-32.001343,-24.614382,-23.397234,-21.072777,-20.400774,-21.246798,-15.812894,-15.36318,-12.185604,-15.140358,-22.166283,-20.267254,-19.0122,-19.217949,-12.312451,-6.898959,-7.3645396,-14.139154,-21.519434,-27.266016,-21.577055,-17.593155,-21.933846,-30.713852,-34.27505,-35.244133,-33.77767,-29.763573,-32.243046,-33.262978,-34.369644,-34.43757,-34.60774,-26.40934,-21.051079,-21.301258,-23.092318,-23.43045,-25.945362,-22.956535,-19.410301,-21.551895,-24.088264,-28.70288,-34.040974,-32.069134,-31.305328,-33.67281,-36.2295,-35.09105,-33.85491,-36.215805,-41.037083,-39.943176,-39.3118,-40.110992,-40.506912,-39.713825,-39.452442,-34.02325,-32.41945,-33.78198,-26.690006,-24.226229,-28.03855,-34.41409,-36.953575,-36.672398,-35.803875,-35.815666,-37.352264,-38.596027,-42.816692,-44.258366,-44.291496,-43.168007,-41.88305,-42.523552,-41.955944,-34.824215,-31.871634,-33.2497,-28.369217,-29.834326,-37.454563,-40.593407,-39.117897,-29.988182,-26.583221,-29.874641,-33.324802,-34.70964,-35.09021,-36.997063,-41.629833,-40.79306,-37.462177,-36.861885,-37.798126,-37.53495,-31.991083,-33.911633,-38.424347,-38.34782,-40.033524,-43.805,-30.707115,-26.797382,-33.759594,-38.6549,-34.26664,-23.350613,-21.206066,-22.614183,-22.762512,-23.684656,-26.183989,-31.178986,-28.813086,-29.109943,-38.25954,-44.056488,-43.818703,-40.76896,-37.329277,-38.06598,-48.836296,-38.316303,-33.3813,-36.700367,-23.248947,-17.679874,-18.40736,-21.095707,-24.07349,-29.684803,-23.791058,-23.545723,-26.63282,-32.10164,-35.774216,-37.838356,-39.401608,-42.7877,-45.78133,-44.047348,-41.23526,-44.56181,-46.205006,-44.8632,-37.84169,-23.085344,-20.670036,-20.033249,-14.199284,-12.525894,-16.058481,-22.667408,-23.907728,-22.854076,-20.355278,-19.774231,-18.560131,-17.319601,-20.788881,-24.524849,-23.391068,-18.724539,-12.594322,-10.126153,-8.868785,-8.276605,-8.8201275,-9.757381,-9.111081,-8.625192,-8.64977,-7.9929256,-7.7984977,-7.6247034,-6.870224,-6.9476776,-7.4820304,-7.812541,-7.4349236,-6.809701,-6.0715365,-5.9046926,-6.2070913,-6.68841,-6.8842106,-6.912421,-7.245713,-7.2522764,-7.440872,-8.2714815,-9.979576,-10.33885,-10.218554,-11.128494,-10.96175,-9.8611145,-9.839212,-10.414342,-10.438527,-10.313388,-11.148607,-11.932566,-11.641357,-11.583214,-11.769852,-11.713846,-11.960521,-11.957068,-11.992742,-11.663312,-14.444487,-24.736902,-29.94019,-28.012913,-29.811558,-27.314463,-24.659122,-26.89894,-21.213724,-15.874678,-21.07416,-35.124706,-33.148685,-32.01056,-35.376568,-28.942354,-19.442875,-17.782127,-16.96086,-16.522379,-26.503342,-36.16536,-35.882183,-35.949783,-38.19288,-37.423813,-34.97838,-34.645752,-36.50461,-37.00767,-39.59425,-39.112274,-38.470436,-40.348137,-41.21904,-40.136322,-40.13848,-38.60985,-39.70491,-39.38738,-38.915413,-37.76425,-24.640682,-22.24194,-23.956957,-28.007317,-29.76213,-31.82272
-42.345306,-44.485886,-46.207993,-48.01475,-42.89353,-34.16104,-33.973454,-42.67813,-49.987625,-50.58523,-49.81217,-42.201572,-39.396835,-41.112595,-33.165623,-22.87706,-11.73558,-8.516858,-6.333686,-6.300283,-4.347384,-7.34134,-14.124134,-19.11711,-20.317043,-21.58539,-22.317905,-21.161552,-15.490269,-15.728004,-27.426958,-30.572754,-31.98899,-25.662405,-22.021248,-26.327053,-30.225924,-28.776455,-29.123783,-25.787632,-29.697191,-28.494896,-24.198206,-25.823545,-25.73935,-24.659702,-25.44797,-29.629164,-33.197933,-33.513256,-33.696644,-34.023685,-36.185585,-36.647087,-35.622757,-39.375973,-39.340393,-36.51075,-31.769173,-31.647125,-34.826622,-38.06501,-39.068985,-36.50378,-34.508717,-31.068172,-31.735218,-34.534092,-40.577415,-33.697754,-30.645197,-32.875267,-32.101063,-30.437668,-36.815918,-40.539417,-40.66787,-43.90821,-41.50704,-36.015774,-35.161835,-36.21142,-39.723858,-40.934708,-41.427795,-36.656612,-36.04576,-38.071384,-30.03979,-27.649559,-32.12352,-36.515976,-38.215363,-30.534384,-23.26349,-25.472395,-30.859795,-35.135902,-36.604645,-38.495853,-36.96447,-31.804817,-29.527914,-31.927155,-41.554264,-38.20144,-38.308865,-37.50558,-37.762634,-37.14357,-36.934,-35.0886,-35.122505,-33.792603,-32.34245,-32.419315,-33.87018,-37.797348,-35.251564,-27.052761,-25.128635,-24.00098,-24.599773,-32.49797,-39.023457,-34.87081,-32.581326,-26.448483,-23.826677,-24.815723,-30.239077,-37.826023,-36.579872,-32.091972,-35.152287,-43.303856,-40.65174,-38.050247,-39.667946,-40.67749,-38.151657,-33.66294,-28.587585,-22.780817,-25.66355,-30.873825,-35.3105,-38.132133,-40.4755,-41.9889,-41.06232,-43.88513,-44.42719,-41.022026,-39.97654,-34.655613,-33.409058,-34.589752,-39.713318,-45.44865,-44.944836,-41.24124,-37.42523,-33.724495,-35.734997,-38.30727,-37.979004,-36.5908,-32.56683,-29.95351,-26.98544,-30.665348,-36.812557,-33.784286,-33.372208,-33.39366,-38.465397,-33.764736,-29.811901,-32.258503,-34.541553,-36.416847,-38.605522,-38.116737,-39.86954,-39.961052,-33.438446,-30.454767,-29.68559,-33.368298,-33.119553,-31.96325,-31.611889,-26.968449,-28.110165,-30.11473,-31.250721,-32.00786,-34.70526,-39.599686,-40.60902,-43.4057,-38.74585,-35.988873,-35.761536,-29.254072,-23.281605,-18.774534,-19.231138,-22.827179,-27.146053,-28.913603,-30.346272,-30.548468,-29.816782,-30.218178,-30.56611,-35.168224,-29.880571,-26.58097,-28.410814,-31.53655,-35.364223,-34.765274,-36.917587,-36.242813,-34.787865,-34.641163,-33.45575,-35.831394,-40.20052,-38.061764,-38.843426,-33.894688,-29.788132,-28.203848,-31.312153,-38.738426,-39.872574,-38.764793,-36.94241,-30.173817,-25.872477,-24.597843,-29.434278,-31.28786,-35.44845,-36.13794,-30.684902,-26.566479,-27.527744,-33.986088,-40.907272,-34.61501,-34.08208,-33.86568,-30.889164,-32.034737,-32.13464,-31.011154,-28.111418,-21.328335,-21.59467,-28.232716,-32.499023,-34.221104,-36.6698,-41.14495,-31.680784,-27.896273,-31.38451,-36.505898,-39.416077,-42.00596,-45.02844,-45.48655,-41.031384,-35.20962,-35.109455,-40.365402,-41.94847,-35.260635,-32.259727,-27.323975,-25.15521,-30.953365,-38.889515,-42.1419,-42.70244,-36.41275,-31.277533,-28.906336,-27.616695,-25.773037,-29.602123,-33.26183,-37.26352,-37.45603,-42.260212,-45.41738,-47.46517,-48.477577,-45.898323,-47.273514,-49.984455,-51.723133,-50.838722,-48.914906,-47.005608,-43.45896,-34.494034,-27.278128,-29.917057,-38.690895,-42.097073,-41.340942,-33.522175,-26.543215,-23.896252,-16.4012,-12.543717,-14.240726,-17.628437,-25.691021,-21.156654,-18.754145,-22.322939,-26.23584,-27.355286,-28.224066,-29.501894,-23.879652,-22.55184,-25.691723,-31.101284,-30.173435,-28.153746,-18.928457,-13.107797,-17.35152,-23.002022,-23.31087,-20.138256,-22.666368,-26.171741,-28.813944,-30.31803,-22.449606,-18.859734,-22.295877,-25.756771,-26.182737,-24.421492,-18.290512,-15.763693,-14.773109,-15.909972,-22.327309,-30.169027,-24.969124,-24.023512,-24.90227,-26.521318,-27.614063,-28.734362,-29.855083,-26.37154,-23.650383,-22.62845,-20.10354,-15.529628,-16.395626,-22.870003,-26.371075,-23.448145,-22.556957,-27.461563,-26.407862,-29.88837,-30.003407,-25.00777,-23.92644,-26.345789,-26.967861,-25.025188,-19.403303,-16.726053,-18.364647,-21.678673,-24.073166,-24.592096,-24.068584,-21.513588,-18.880575,-20.211693,-22.03699,-24.384813,-27.150578,-25.330904,-21.559668,-20.337234,-19.118446,-18.011978,-17.298386,-17.568993,-17.87711,-17.646358,-17.72727,-16.870396,-16.359852,-17.34056,-19.426739,-19.499645,-18.573359,-18.877733,-20.284529,-21.24405,-21.75362,-22.07593,-22.815485,-22.15001,-22.343258,-23.483051,-25.485252,-28.16887,-30.657612,-32.96706,-31.365358,-32.119457,-30.84911,-28.418276,-26.912521,-27.323885,-27.856766,-26.642973,-27.5329,-32.764263,-31.720142,-30.637743,-29.39082,-28.44088,-26.89907,-25.761684,-24.051128,-22.93771,-22.282547,-22.50395,-23.01825,-22.829601,-23.023369,-25.400036,-29.347036,-32.324966,-36.815166,-38.2377,-34.73393,-33.76867,-30.417698,-30.942938,-31.638487,-30.81683,-30.546345,-30.556446,-32.872112,-37.161263,-37.080433,-31.376335,-27.712784,-27.334915,-28.961266,-29.461044,-32.220104,-32.6947,-27.438541,-28.186989,-30.830082,-31.636936,-28.884972,-28.10199,-31.341492,-31.522793,-31.20845,-35.486774,-35.943455,-33.820267,-31.016264,-31.56679,-29.50127,-30.05081,-34.46552,-33.5376,-29.400198,-25.47594,-27.646914,-31.830372,-35.04834,-39.61912,-41.87609,-46.03144,-49.714897,-48.602135,-46.673656,-46.887085,-48.173832,-49.243797,-49.91297,-48.196106,-47.068996,-46.38985,-22.908066,-15.506603,-15.831909,-20.661568,-23.185001,-24.125786,-24.765482,-26.254795,-22.6815,-15.988606,-13.386336,-17.522943,-22.315842,-22.234646,-26.858643,-30.476387,-31.711294,-33.607677,-31.749907,-30.302,-31.779558,-31.488167,-22.974007,-13.967154,-10.882551,-11.144722,-14.852382,-27.905788,-27.853214,-29.414944,-32.54864,-31.666677,-24.651413,-22.536621,-26.410696,-27.232681,-27.644005,-29.274014,-28.693508,-32.831543,-36.9773,-38.45791,-40.32012,-42.441345,-36.379684,-34.541916,-31.339376,-25.114784,-28.509483,-36.757214,-33.332962,-33.029514,-36.36548,-38.963245,-40.55134,-41.230167,-43.05956,-34.975933,-25.841938,-25.806353,-29.654387,-30.858261,-33.049248,-33.163666,-37.906746,-41.823685,-42.641098,-37.794674,-35.242874,-31.909138,-31.60733,-38.201935,-39.311737,-34.563156,-32.929684,-30.963152,-32.43981,-33.754505,-36.22933,-39.62583,-38.356552,-36.65108,-32.216156,-22.301025,-22.119932,-25.514252,-24.542923,-26.987278,-29.519957,-31.41613,-35.863808,-34.922047,-34.360157,-31.501806,-34.64434,-28.857277,-24.050766,-28.501015,-34.117714,-33.220936,-31.637468,-35.64712,-32.238003,-28.651157,-30.622175,-33.098145,-31.78546,-31.674204,-33.197906,-27.310165,-26.54732,-26.5629,-28.909853,-28.035143,-28.130577,-35.04561,-34.545486,-33.040825,-29.68391,-27.105633,-27.309153,-30.240068,-31.517927,-31.576965,-31.903105,-24.01501,-21.111204,-23.381798,-23.977577,-23.493479,-24.169292,-26.36002,-26.350037,-24.42766,-21.419725,-20.275124,-23.795633,-28.729475,-27.508503,-25.570553,-25.937252,-25.53358,-29.40273,-28.994415,-26.539183,-24.590256,-26.747986,-25.754143,-27.064154,-28.765259,-30.545021,-31.286842,-28.952728,-27.620148,-25.857693,-23.33904,-23.575678,-28.220066,-31.143152,-22.838627,-19.411499,-19.658539,-25.357487,-31.872244,-35.088238,-37.749367,-41.665768,-43.752674,-47.275116,-48.324257,-49.707905,-46.190193,-45.66942,-47.79505,-49.052864,-50.144768,-49.37942,-48.125935,-49.153114,-48.425327,-46.204185,-47.664955,-48.239475,-31.406431,-24.69558,-21.276396,-17.021322,-18.44041,-24.207136,-23.700825,-19.54486,-18.890455,-21.206142,-18.604809,-19.066404,-21.400013,-23.654661,-27.044628,-26.993467,-22.614737,-24.98028,-18.702991,-15.317722,-17.453066,-19.904984,-20.012386,-21.710594,-27.055481,-28.783543,-29.50594,-23.422127,-21.467892,-25.144684,-20.323616,-18.895012,-23.836617,-20.603596,-22.239708,-24.580175,-21.907797,-23.37597,-29.782255,-34.27169,-36.797966,-25.31942,-18.921658,-21.442987,-29.195833,-31.946898,-31.208134,-34.837288,-40.376186,-44.21222,-43.70353,-32.67578,-19.47108,-19.478971,-28.537552,-34.547802,-33.15554,-32.284134,-34.04578,-37.38344,-38.829903,-38.883392,-34.398033,-34.86076,-38.394268,-38.369415,-37.255253,-39.693375,-42.313164,-36.40371,-34.264114,-36.758316,-39.948967,-40.50174,-33.68403,-35.637466,-41.10122,-32.819126,-30.174404,-32.91936,-35.01003,-39.46559,-40.452538,-44.85725,-45.534615,-45.251423,-46.669445,-47.969345,-48.687813,-49.476467,-50.220028,-52.198196,-52.198196,-44.45,-40.75786,-46.85247,-45.330284,-36.602737,-16.841911,-5.2815905,-2.3296382,-6.2757607,-15.446142,-18.94902,-17.496675,-21.843855,-18.788408,-7.476762,-4.0578127,-4.3554654,-6.784281,-10.211231,-16.855286,-29.02684,-27.517643,-27.599924,-26.939377,-30.211622,-31.707888,-31.79486,-32.22607,-27.769766,-19.61422,-18.922878,-21.694637,-23.478497,-26.209366,-30.356237,-33.46869,-36.28187,-38.644375,-37.215412,-36.489487,-38.07025,-39.693684,-39.307648,-39.744198,-38.005596,-39.64348,-42.17591,-46.491577,-44.36562,-42.30742,-43.295956,-44.015713,-41.845863,-41.14372,-40.93316,-38.816414,-42.173317,-33.701965,-26.817738,-28.30013,-31.980389,-32.80161,-35.014675,-39.178215,-40.340683,-41.700005,-40.35431,-40.779358,-39.54016,-39.559895,-42.520966,-43.934155,-44.453922,-44.082798,-43.952366,-43.854527,-42.552868,-41.52513,-42.910976,-41.180466,-41.621162,-45.33819,-45.284615,-41.679302,-31.585958,-27.632711,-29.122025,-31.305786,-34.914604,-37.117287,-37.237656,-26.47268,-19.627178,-18.419617,-22.729559,-29.23941,-35.15778,-38.175983,-29.455875,-28.828781,-33.940872,-33.173374,-33.622547,-37.492584,-34.401306,-35.912773,-32.401188,-33.32511,-32.30599,-24.611668,-25.577967,-32.248577,-35.742775,-40.1913,-40.95827,-40.983337,-43.048073,-42.425926,-35.90446,-33.062794,-34.51479,-39.28619,-42.993793,-41.808857,-40.36325,-40.051636,-30.45916,-23.951216,-22.262596,-24.431221,-27.713772,-30.941639,-34.377228,-37.50415,-31.08219,-31.382933,-33.756172,-34.816376,-34.62471,-32.58647,-32.88281,-33.202778,-33.82229,-33.857826,-29.76226,-32.45198,-37.466743,-42.324516,-43.062344,-40.280437,-33.418224,-25.628109,-21.697855,-18.985094,-19.233562,-26.105633,-32.731308,-28.846272,-24.241325,-23.40965,-24.836977,-27.352299,-31.25919,-36.9194,-39.467743,-37.74477,-36.567,-39.57434,-41.69905,-44.012703,-42.532684,-40.628998,-40.72332,-42.287437,-45.03997,-38.399162,-37.110065,-37.795147,-39.506218,-41.0138,-42.419224,-43.506386,-39.288284,-36.397552,-31.991518,-28.896067,-29.910372,-28.456839,-31.012486,-35.152473,-37.52501,-37.17793,-40.70674,-46.75812,-49.437824,-48.279057,-50.132675,-46.65679,-41.826714,-43.78681,-44.988457,-41.049248,-36.53645,-29.973328,-30.225262,-32.36486,-37.050907,-32.83722,-19.095003,-13.762574,-10.533144,-10.907209,-16.240683,-26.808966,-29.793835,-28.011179,-21.849041,-20.216515,-22.081182,-25.551928,-31.462578,-33.912586,-35.13422,-37.77012,-37.421284,-34.654034,-35.713802,-37.051018,-36.21593,-31.204603,-34.432674,-39.99009,-35.03816,-29.621117,-29.832588,-33.620964,-39.629227,-40.985825,-40.011795,-35.177464,-29.29575,-27.589787,-29.060501,-31.672012,-29.75031,-28.375637,-22.07841,-18.997686,-22.37176,-24.288607,-23.25425,-18.14707,-13.330779,-10.154047,-13.4803915,-15.490055,-16.233822,-15.173763,-7.352524,-4.763722,-9.184806,-15.377828,-14.804432,-12.407436,-13.590441,-21.535824,-29.991669,-36.682304,-36.044353,-31.887344,-28.810299,-32.9683,-33.88322,-33.670666,-31.993515,-33.14748,-33.62684,-30.055141,-26.68135,-26.30313,-29.024963,-28.80285,-30.14249,-33.092915,-33.151966,-31.350355,-33.878464,-41.2204,-41.31524,-40.732803,-36.797623,-36.512394,-38.33934,-39.81462,-37.004055,-40.381683,-46.329056,-45.859283,-44.948692,-45.758675,-45.93421,-46.065987,-42.436146,-37.872925,-34.369488,-29.939625,-27.028122,-30.343714,-35.423283,-37.49348,-38.410282,-35.03009,-36.0319,-43.547333,-45.68473,-46.429214,-48.76501,-45.02993,-38.068027,-36.205696,-41.459373,-44.84228,-36.846024,-35.081882,-32.986618,-25.617525,-26.701231,-35.75864,-36.84533,-37.65989,-28.707645,-25.62641,-26.71959,-30.654257,-34.44131,-35.643646,-35.475956,-39.44421,-43.918137,-44.803978,-41.98952,-41.99958,-37.738995,-31.231195,-32.857983,-37.178215,-41.09584,-42.487663,-42.7502,-26.138512,-20.916319,-24.60934,-28.880455,-29.658545,-25.475376,-23.98509,-27.364882,-31.630373,-34.823597,-37.73282,-35.79925,-30.01323,-29.425165,-35.92676,-41.789062,-42.762836,-40.779144,-35.416935,-36.24348,-46.96789,-43.204483,-37.05928,-39.328987,-34.59725,-34.64808,-41.5232,-43.708042,-41.605,-38.074295,-27.607775,-28.156662,-32.175022,-35.395123,-37.539223,-41.230244,-43.11721,-44.153557,-45.53578,-44.620583,-39.57069,-43.066555,-52.007393,-48.740654,-34.517437,-23.609772,-23.542765,-22.539862,-19.95128,-12.26738,-2.45924,1.0914172,0.72366095,-2.5507963,-9.511842,-15.366926,-15.565002,-14.839072,-18.161911,-22.040867,-20.28139,-19.075172,-17.656414,-15.878142,-15.412109,-15.471628,-16.26071,-18.442368,-22.32325,-25.41485,-25.915716,-28.562729,-26.374344,-26.231213,-22.704636,-21.453064,-22.188166,-24.249533,-26.63624,-24.785872,-24.514685,-27.873047,-26.953415,-25.7629,-27.25218,-30.967606,-30.15444,-31.49703,-30.211056,-27.769245,-30.017473,-29.614756,-29.438028,-29.891228,-29.22763,-31.899506,-30.670467,-30.55481,-30.677917,-27.865553,-29.854282,-31.664715,-30.61776,-29.142056,-26.094917,-27.414782,-30.406502,-34.469936,-35.59346,-35.015266,-33.187683,-34.76853,-34.479607,-29.725096,-32.536415,-33.698708,-28.188911,-28.416681,-20.434568,-12.116431,-11.6336975,-13.942958,-16.987717,-22.573303,-30.446833,-29.155682,-20.27644,-17.503714,-19.72091,-23.230064,-31.140907,-33.449684,-33.969112,-35.363113,-33.689835,-32.75612,-35.366455,-37.911674,-39.011566,-38.30014,-39.95233,-38.84055,-40.401836,-41.13952,-41.77072,-41.78709,-45.044407,-45.602337,-46.963318,-46.77937,-46.83827,-42.408607,-27.208965,-21.42287,-15.7626705,-17.41826,-22.40058,-27.819393
-43.128067,-45.009674,-47.53971,-49.10585,-42.635536,-35.044907,-35.822796,-46.006447,-50.513226,-51.951965,-51.24827,-36.732292,-33.39545,-37.78136,-33.22464,-21.399633,-13.871773,-15.007042,-13.185367,-3.4582117,6.395811,10.213876,10.05454,6.6474895,-1.2659459,-12.682205,-15.435094,-16.255352,-11.493272,-11.845231,-18.675938,-18.492382,-19.774162,-14.351961,-8.148452,-12.475329,-22.769012,-21.17266,-19.074118,-15.640484,-20.314415,-24.146793,-19.102165,-21.402298,-24.072315,-24.52726,-25.190342,-26.923067,-26.247116,-26.705196,-29.059837,-30.281782,-29.345295,-30.76102,-31.888792,-30.84199,-34.050613,-30.731194,-27.942802,-29.495178,-30.010178,-35.34095,-33.90568,-28.767567,-25.152905,-27.68291,-31.267965,-31.899971,-33.871452,-31.364395,-29.876535,-31.307295,-29.455946,-28.314259,-32.140575,-39.055527,-42.291065,-41.146847,-41.683853,-37.018948,-37.114223,-39.507946,-42.08481,-43.492493,-40.818478,-36.813805,-38.966686,-36.220234,-32.454792,-32.151028,-35.69731,-36.03217,-39.44419,-40.679054,-31.299206,-27.94301,-31.111143,-34.72741,-36.649147,-38.75724,-36.610264,-31.590624,-32.831882,-34.54432,-42.110786,-42.765465,-39.60578,-36.013897,-34.330467,-34.602642,-35.31848,-37.349037,-37.3851,-37.06928,-30.255154,-25.907019,-29.498356,-35.58303,-32.327534,-26.103174,-25.793465,-23.608685,-23.059166,-29.804804,-36.976524,-33.850853,-31.527662,-28.85127,-33.544567,-38.673874,-40.607662,-40.113186,-37.31391,-33.30048,-35.18216,-42.09858,-40.98079,-39.754864,-41.040134,-42.509212,-35.375072,-31.238106,-32.078106,-27.557014,-28.791075,-34.5303,-38.43788,-41.01915,-42.664474,-44.0402,-43.43643,-42.944984,-43.50412,-40.948624,-36.716408,-32.964832,-33.035835,-36.07124,-39.992966,-45.233734,-43.97029,-38.748264,-35.543102,-32.86924,-35.46762,-36.937584,-38.86391,-38.183903,-33.83273,-29.652504,-24.563526,-26.979755,-31.537998,-32.14858,-35.45701,-35.86724,-37.90044,-36.216465,-35.80694,-37.07818,-33.673607,-32.406353,-33.447094,-30.97823,-33.953194,-36.88941,-30.483503,-27.761726,-28.646301,-30.656364,-29.599,-30.617783,-34.656902,-30.380857,-26.899899,-28.0752,-32.02513,-30.540493,-33.74596,-38.9127,-39.651073,-38.85714,-31.99827,-32.260666,-34.34117,-25.41728,-23.154243,-24.120556,-23.341034,-24.88516,-27.560423,-28.437885,-28.994793,-33.89178,-35.77599,-32.898693,-32.417664,-34.693665,-30.475506,-25.16793,-26.355053,-28.873005,-34.242355,-33.801067,-36.69462,-36.37755,-34.862564,-34.23473,-31.387358,-33.029095,-35.27391,-36.60987,-36.156063,-36.8594,-29.564096,-26.067566,-29.306904,-34.93446,-37.406765,-38.860237,-39.03955,-31.94216,-26.470755,-25.537094,-26.429358,-27.238674,-33.03389,-35.378178,-31.1796,-26.592113,-28.707355,-33.82605,-36.971786,-34.512997,-33.369175,-31.411678,-33.4012,-36.039013,-31.042269,-28.826628,-28.36372,-24.654648,-27.326563,-29.561749,-29.014914,-31.81607,-34.533127,-37.961918,-30.310974,-27.652508,-30.12056,-33.698586,-38.565823,-39.831318,-42.076054,-45.04586,-41.24889,-36.953415,-37.77331,-40.359386,-39.168888,-37.165054,-32.660072,-27.058676,-28.44879,-35.21906,-40.4018,-42.545662,-41.14565,-32.520782,-28.72096,-28.651787,-28.214382,-28.04292,-29.71466,-30.980654,-34.776752,-38.2925,-43.57041,-44.702065,-45.09442,-47.923145,-49.544327,-52.198196,-52.198196,-52.085365,-51.82656,-49.434906,-48.61405,-45.070248,-38.749306,-34.80182,-36.611794,-45.59599,-48.805,-45.604195,-31.678045,-24.409883,-21.321623,-24.32718,-26.219082,-27.028742,-22.63015,-24.29486,-15.7575245,-10.807997,-12.628268,-19.657183,-22.971422,-24.398064,-21.112192,-11.555506,-10.745944,-19.263271,-27.926798,-25.24417,-21.519537,-14.631268,-8.103534,-10.799658,-19.413345,-21.431055,-15.64385,-18.0838,-26.837461,-27.713223,-27.885618,-24.070477,-13.5714035,-9.574865,-10.401695,-10.469642,-11.564413,-17.56229,-24.968735,-27.806648,-23.958786,-23.527386,-30.8846,-26.72094,-23.033285,-22.437424,-19.887749,-19.19881,-17.870409,-19.294823,-23.441774,-23.079895,-24.309074,-22.758343,-17.246738,-18.665005,-22.789822,-22.467842,-23.12376,-24.742586,-30.551392,-27.1,-26.142513,-28.431534,-23.855543,-18.84754,-16.704937,-16.727154,-21.314726,-26.212347,-27.098806,-28.066835,-28.6273,-30.006153,-29.282352,-30.367214,-29.600584,-28.303194,-28.821146,-32.511982,-33.281178,-33.31249,-32.272354,-32.5443,-31.773912,-32.694485,-34.334965,-37.260845,-35.71547,-35.121464,-35.18815,-35.739025,-34.271664,-31.664095,-35.149273,-35.261845,-35.302616,-34.9324,-36.139416,-36.71808,-35.412003,-32.943718,-31.015348,-31.791756,-34.91734,-32.85686,-33.776604,-36.4626,-38.369576,-40.653057,-38.291092,-36.933887,-35.196224,-35.631184,-34.906025,-35.95954,-36.0153,-35.112656,-38.08692,-39.302452,-38.549522,-37.79497,-37.60955,-37.69422,-39.70776,-36.329006,-33.378975,-28.497879,-27.163094,-30.663176,-36.22773,-37.374786,-37.14819,-36.671406,-35.26186,-33.65076,-36.402687,-38.149826,-39.254185,-32.527832,-31.69925,-28.950157,-25.096848,-25.54179,-26.022184,-23.905212,-24.739395,-29.288536,-34.8553,-35.172993,-32.062614,-29.452402,-27.867258,-28.345911,-31.517115,-31.879976,-29.133305,-31.140335,-36.783268,-36.12414,-34.531708,-33.717743,-33.21353,-30.862797,-32.698112,-32.109314,-31.05687,-32.43801,-34.32639,-28.662666,-26.587795,-26.327843,-27.193287,-33.27424,-34.398064,-32.009193,-30.056303,-27.60313,-28.721287,-33.58418,-36.562847,-39.480633,-42.379616,-45.179863,-45.6006,-44.277184,-45.640663,-49.118294,-49.482597,-49.698338,-51.076656,-51.23938,-48.72673,-28.050928,-18.973866,-17.933998,-23.099133,-26.156271,-26.728138,-26.53166,-27.072134,-25.328941,-21.79018,-20.352749,-22.180458,-22.701319,-22.709446,-27.297878,-29.075428,-29.541075,-31.2071,-30.420492,-26.505535,-27.376762,-32.05297,-28.345417,-31.697767,-34.137714,-30.983868,-29.362524,-32.93117,-27.01873,-26.454695,-29.8401,-34.80532,-32.30588,-27.485296,-25.940619,-28.155993,-28.85124,-29.960001,-29.344042,-31.556435,-33.451836,-37.664696,-39.60874,-42.41713,-35.253567,-34.13965,-29.50844,-21.7383,-23.482191,-28.081217,-32.894203,-35.265266,-35.703007,-36.34584,-37.187595,-39.78018,-38.54057,-34.649956,-29.738485,-25.703236,-26.388462,-29.97732,-31.54181,-35.934418,-36.32359,-35.836796,-39.164787,-38.275154,-36.514133,-34.51171,-34.33086,-37.54611,-37.747902,-34.659958,-32.73,-29.931217,-32.530827,-33.334343,-35.339233,-35.47712,-31.839329,-33.25828,-36.63491,-28.443022,-23.540964,-24.123259,-28.51143,-32.092163,-26.402323,-24.9762,-23.263699,-21.613049,-20.958183,-24.064045,-33.364902,-32.935642,-26.650402,-23.60706,-25.268843,-25.180973,-28.1112,-34.937206,-34.888435,-30.974606,-30.031347,-31.532055,-31.166203,-31.558105,-33.707203,-28.378815,-26.605227,-26.478693,-22.600134,-20.741901,-26.992056,-36.669098,-35.696236,-33.725178,-34.702885,-35.19749,-35.185844,-34.722897,-31.245743,-32.540806,-34.96341,-29.894367,-22.799438,-22.081284,-22.726112,-22.743761,-23.31416,-24.090904,-22.944859,-24.97614,-24.139935,-22.168915,-23.390137,-26.858738,-22.497387,-22.29577,-25.286446,-29.205612,-30.133188,-31.043661,-29.550371,-27.039505,-27.855284,-28.20737,-28.269608,-28.67958,-31.410362,-31.408892,-31.34861,-29.437897,-27.864096,-28.085617,-27.054173,-30.448376,-33.313046,-24.284906,-17.935856,-18.41942,-26.38257,-35.964485,-36.70742,-38.570656,-41.79722,-44.99797,-48.752533,-46.533283,-48.976284,-46.839706,-47.239758,-48.314495,-50.373116,-52.198196,-52.198196,-52.1016,-50.861187,-50.286285,-48.659626,-50.03041,-52.198196,-37.864815,-28.088612,-22.275751,-18.184664,-19.0532,-25.63464,-24.719946,-15.450495,-8.788696,-8.998236,-15.222865,-20.776386,-22.366259,-24.236385,-26.902626,-23.848793,-14.096261,-13.996813,-14.1768,-11.723228,-15.680695,-20.208788,-20.8844,-22.653017,-26.076365,-26.85169,-27.171629,-22.90762,-20.676277,-25.409307,-18.619503,-15.248108,-20.026207,-17.975834,-17.462572,-17.625906,-14.938705,-16.76262,-23.022717,-28.877985,-33.998352,-28.635197,-22.019638,-22.75335,-27.541279,-28.864635,-27.970192,-27.17043,-28.554752,-37.191833,-41.241295,-34.30592,-24.722717,-24.247215,-26.423294,-27.580069,-29.65121,-30.92419,-31.212936,-33.077396,-34.142006,-35.787037,-34.95878,-37.18305,-36.922794,-37.53363,-37.567207,-38.540436,-40.76727,-37.29232,-33.274796,-31.822777,-35.558754,-37.455627,-24.996529,-22.26353,-26.359306,-29.003979,-27.807533,-29.856356,-31.078285,-30.769516,-32.458675,-35.3762,-37.876595,-39.452866,-41.306835,-45.448536,-46.367867,-48.0775,-50.135353,-49.2693,-49.736897,-43.316196,-39.95161,-45.430153,-42.11288,-32.82177,-31.355873,-17.095984,-8.093063,-6.3479543,-7.7177134,-9.633549,-12.994666,-21.33377,-28.12397,-24.389296,-26.090435,-32.76417,-31.033907,-28.982782,-30.989521,-32.497955,-30.629023,-32.725937,-35.139458,-36.487015,-35.499825,-33.22717,-33.684998,-26.734694,-17.639973,-16.400772,-19.663174,-25.030554,-30.171282,-31.227743,-32.444557,-36.4415,-37.702374,-38.9893,-40.29758,-40.848255,-41.583817,-42.04414,-41.373024,-39.65633,-41.55816,-43.760696,-42.449917,-43.244164,-41.988144,-41.380035,-42.109024,-43.052467,-39.89683,-39.49817,-39.087646,-42.831062,-35.590607,-30.162579,-30.386005,-30.707056,-33.399944,-37.50314,-38.17905,-39.916695,-41.143776,-41.372963,-42.72664,-40.1427,-38.126938,-40.095676,-43.03909,-44.782257,-43.523293,-42.551865,-42.880196,-42.262054,-41.39804,-43.451126,-43.28966,-42.035294,-43.78796,-45.765656,-39.659195,-32.723473,-29.3693,-30.14354,-33.241413,-33.80391,-34.262535,-36.646263,-40.118023,-40.436462,-40.65287,-40.587303,-38.455437,-39.80576,-39.9341,-29.54685,-26.894358,-30.066582,-30.96679,-31.393223,-38.14547,-38.34585,-37.681393,-33.828236,-35.388878,-34.527763,-29.087662,-26.822994,-29.864956,-34.267807,-37.814728,-39.547188,-41.051132,-41.081844,-42.026627,-37.240692,-33.71431,-33.869774,-37.249752,-43.295174,-39.77486,-38.40029,-39.425404,-29.973724,-27.961672,-33.439564,-35.215622,-37.066475,-41.797516,-41.572678,-38.838352,-30.656147,-29.85073,-30.05192,-30.001495,-33.439396,-33.001728,-32.312435,-31.68428,-32.26848,-30.709076,-26.972454,-29.642086,-33.988186,-38.139736,-38.4277,-38.268524,-36.604294,-28.19999,-24.093096,-21.145603,-19.895351,-25.653027,-36.42515,-32.3407,-31.330042,-30.32864,-28.571405,-31.020905,-33.609634,-33.691086,-35.76174,-39.448837,-41.598495,-42.92372,-41.196613,-43.94082,-44.739193,-40.081753,-41.258358,-44.51176,-45.32726,-35.525967,-34.76583,-36.74629,-39.01104,-38.99361,-41.16942,-42.911903,-38.241962,-36.99873,-34.522625,-29.796974,-30.76872,-32.19097,-33.846848,-35.514626,-35.942463,-39.093033,-43.875153,-48.042797,-47.706078,-49.70936,-50.134216,-49.704826,-47.582542,-47.577072,-44.593216,-38.219925,-36.52786,-32.671276,-30.548212,-34.93542,-42.045155,-33.09927,-23.750542,-22.743303,-17.014164,-14.435758,-17.536476,-26.850376,-32.23408,-27.484663,-24.365467,-28.988745,-36.64796,-34.476994,-30.619623,-31.88711,-35.702286,-40.137222,-38.381847,-34.359024,-35.323624,-36.85694,-33.970066,-30.481756,-35.086037,-38.84749,-36.892426,-30.875711,-29.075314,-31.359777,-38.727783,-41.631798,-37.467094,-31.202236,-29.324415,-31.887115,-28.087688,-27.431108,-23.177727,-22.51277,-27.457802,-28.007427,-23.263733,-22.674444,-25.624601,-25.768213,-10.64102,-3.8153882,-3.593781,-4.957911,-6.728135,-13.350886,-16.357374,-14.156759,-14.8260355,-18.909952,-18.283125,-20.099657,-25.378036,-28.99107,-31.439249,-34.613617,-34.95236,-30.301916,-26.95255,-30.361338,-30.254387,-32.358097,-33.574947,-37.363712,-34.201256,-33.8601,-39.35659,-38.012367,-37.121235,-32.82295,-31.927168,-34.0052,-34.126537,-32.68508,-35.45677,-39.49589,-39.479137,-41.107983,-40.177685,-39.259346,-38.297832,-38.358047,-37.930054,-41.602715,-46.478035,-46.336037,-46.83127,-48.9102,-47.09201,-45.844215,-43.083244,-33.086323,-29.354218,-28.698456,-30.148046,-31.33055,-33.45668,-38.616295,-37.66993,-37.677437,-39.091846,-42.74817,-45.853123,-45.94703,-49.672104,-45.363953,-38.138145,-35.231815,-37.846138,-43.856873,-40.908337,-38.966705,-34.81279,-25.961193,-27.387087,-37.940037,-37.865204,-36.965137,-31.15475,-28.49674,-28.783611,-30.413078,-34.547962,-36.630123,-36.126858,-38.731964,-42.530945,-45.749428,-44.941765,-43.824875,-37.90991,-28.596611,-27.704815,-31.977898,-36.182617,-36.945415,-35.25207,-24.150686,-17.341742,-19.710873,-24.409063,-25.909567,-26.634727,-27.856073,-28.028566,-32.301453,-37.44331,-38.458675,-37.367443,-29.00508,-26.952341,-33.64636,-39.955376,-40.82875,-38.691307,-36.7904,-32.74033,-32.86858,-37.01426,-36.39212,-38.456734,-36.235077,-35.373062,-41.529327,-42.365623,-44.38827,-37.359432,-26.289995,-25.125235,-29.252136,-36.558372,-38.75387,-40.747887,-39.76314,-34.846992,-35.62451,-38.84263,-40.040222,-45.192493,-51.986504,-46.61547,-36.621002,-19.797815,-13.467345,-14.176575,-20.756588,-21.29588,-6.4405546,-1.9775393,-0.8938882,0.70919013,0.7618982,-0.5819808,-0.8097918,-2.4716868,-3.628435,-3.7967765,-4.555102,-8.009065,-13.50876,-15.014221,-15.065924,-17.251629,-17.686577,-22.616674,-24.15787,-22.9756,-21.439953,-22.148361,-24.737213,-25.752167,-23.851467,-21.852102,-22.548523,-25.71368,-28.556824,-24.958174,-24.578169,-28.90486,-27.520227,-26.89241,-29.285471,-31.70129,-31.439264,-32.59623,-30.444118,-28.384796,-29.768093,-31.429295,-31.309074,-33.241028,-32.474407,-31.30795,-29.676493,-30.806602,-31.661934,-30.000584,-30.498669,-32.582058,-31.71965,-31.483547,-30.748064,-27.601616,-28.270414,-33.59682,-36.99153,-36.24948,-28.861702,-30.526844,-29.013216,-19.962784,-20.976868,-27.626993,-26.59708,-25.004131,-29.818008,-21.915714,-16.489973,-14.065629,-14.937445,-21.41937,-30.816095,-30.100279,-31.782215,-33.64266,-31.661474,-30.599888,-32.19972,-34.2831,-35.946682,-34.26779,-32.070137,-30.612568,-33.7078,-35.343414,-29.078825,-27.589548,-30.342339,-34.39206,-38.128933,-39.959496,-44.351826,-46.936077,-45.59369,-43.79005,-45.88781,-45.751858,-43.93978,-43.8402,-34.2662,-19.015896,-10.714016,-12.469528,-18.610916,-20.363016
-43.507328,-46.13834,-46.7339,-46.910023,-47.4748,-38.3753,-37.470985,-46.35984,-50.715485,-49.422997,-50.525238,-37.875996,-34.943558,-40.136967,-34.12566,-21.800133,-18.598297,-19.4901,-21.092693,-18.66001,-5.3963175,4.752006,9.285824,9.420529,6.449581,5.724065,5.8932467,5.9826508,4.528666,-2.9003475,-17.403528,-18.485657,-15.513538,-11.384295,-2.927134,0.077103995,1.0076518,0.84302855,0.5474354,-1.5573978,-11.19112,-17.836678,-10.5663,-4.4009295,-2.5864048,-2.2012117,-2.235848,-2.8750815,-5.0039124,-8.189814,-11.278819,-15.119649,-18.29137,-16.342209,-15.341305,-17.263329,-18.40957,-21.33329,-26.423674,-28.399775,-26.62797,-28.399637,-31.4693,-30.59576,-29.005272,-29.172264,-31.951855,-33.173794,-34.740353,-28.26689,-26.871933,-27.511644,-29.628885,-31.562763,-31.143906,-35.507553,-41.214394,-41.54532,-40.78835,-36.180805,-36.554665,-40.07976,-42.43202,-43.710815,-37.41188,-33.62787,-35.354843,-37.1116,-34.5635,-33.101173,-33.033966,-33.49478,-32.692112,-30.181831,-26.160612,-23.184097,-25.549389,-28.620323,-31.377592,-37.250282,-36.98096,-34.342834,-37.486694,-37.96308,-39.57057,-40.87917,-40.124832,-37.29059,-35.862934,-34.93701,-34.660908,-38.24083,-39.912148,-36.98055,-31.619007,-26.608545,-26.37862,-30.723732,-34.821033,-28.233128,-27.23711,-30.272598,-32.53027,-37.27713,-38.715103,-35.82849,-34.683357,-32.108536,-36.038483,-42.34135,-45.599766,-41.986675,-38.624165,-32.874054,-28.347748,-24.774769,-23.806679,-27.869722,-37.580826,-43.925888,-32.24986,-26.009815,-28.303307,-26.433338,-24.053165,-28.534256,-33.936222,-32.24804,-33.147625,-33.275246,-36.118458,-38.99611,-38.12349,-38.956795,-38.994392,-38.186047,-35.476875,-38.3416,-43.493153,-45.080532,-37.429447,-30.34006,-29.646156,-29.696507,-30.467798,-33.957508,-36.222267,-37.725243,-30.502089,-28.9805,-27.10711,-29.0457,-29.576475,-31.497526,-36.4636,-38.242817,-39.687992,-39.90105,-37.134632,-36.402897,-35.715527,-34.248802,-32.121418,-30.331055,-32.055153,-37.026627,-39.009956,-34.7246,-35.105938,-34.663998,-32.59606,-33.51405,-35.088882,-27.562124,-25.570145,-27.253757,-31.652912,-32.35462,-33.759426,-39.871525,-38.643856,-32.17022,-28.833754,-31.607084,-35.655357,-29.682125,-26.19839,-30.158617,-34.335667,-37.53434,-37.313892,-38.932716,-39.590298,-37.547104,-31.723198,-32.098396,-37.305294,-37.063732,-30.575914,-28.732086,-29.299007,-32.285454,-36.64637,-39.875782,-42.12292,-39.91428,-36.70023,-36.538948,-37.612053,-36.598274,-36.45036,-38.933228,-39.796597,-36.08512,-29.259844,-29.172323,-34.71895,-38.399853,-41.084198,-44.26568,-38.34472,-31.371204,-27.564896,-24.705093,-23.060457,-24.75892,-31.955914,-35.055252,-33.915478,-31.253881,-31.608677,-35.983845,-39.44434,-37.673363,-33.147434,-33.729584,-36.042236,-34.19097,-34.75148,-36.83083,-32.81957,-31.836262,-33.866394,-32.92004,-34.083378,-37.398685,-37.836105,-37.541996,-28.802206,-26.144234,-28.845207,-34.408447,-38.40245,-37.449554,-38.608814,-43.408318,-44.39353,-37.64795,-36.308846,-35.704166,-38.05173,-38.704086,-35.41079,-31.084274,-29.411339,-33.42939,-41.59141,-43.78706,-40.27722,-34.113914,-28.741953,-29.099606,-29.825056,-28.370445,-29.28158,-31.41958,-34.46218,-39.982037,-43.537754,-46.565605,-44.953686,-46.022415,-49.06383,-51.751373,-49.411068,-47.42762,-51.089294,-49.92913,-49.147408,-46.56113,-41.387638,-39.66623,-39.651405,-44.02851,-48.25687,-46.499077,-37.420986,-25.677723,-20.059034,-15.983001,-14.755062,-15.917554,-16.198505,-20.890295,-19.272572,-12.440691,-9.462884,-10.731773,-12.838654,-19.232227,-19.021107,-13.603593,-8.986182,-6.676147,-9.10854,-12.111345,-16.152817,-15.292873,-7.2265,-3.8265994,-4.98615,-8.409633,-7.9866447,-12.623934,-24.413128,-25.554953,-26.020817,-25.093603,-17.194616,-11.433469,-9.262554,-8.459188,-9.771229,-16.525715,-17.295422,-12.577524,-13.304502,-20.038918,-29.139912,-26.797533,-23.020546,-20.9968,-18.666616,-20.182531,-20.994007,-20.692118,-22.247374,-20.675497,-19.19458,-17.433811,-16.907167,-21.335033,-23.356321,-26.107018,-27.895508,-28.765535,-31.16765,-29.682392,-27.18587,-27.131834,-23.400967,-18.629816,-13.909389,-10.396422,-10.066441,-11.777834,-13.988322,-16.270155,-17.144144,-17.174723,-17.689732,-19.70302,-19.989283,-17.892742,-18.142859,-19.63145,-20.541595,-20.314644,-20.494434,-23.004364,-24.775509,-25.481323,-23.066824,-20.52271,-20.513985,-20.03707,-20.234575,-19.446447,-18.474815,-18.677942,-20.869558,-24.27747,-24.183195,-22.782633,-23.742693,-26.704226,-31.087713,-29.583666,-28.480703,-28.719303,-33.23633,-33.50061,-32.225613,-31.868341,-33.464703,-37.29935,-34.80159,-31.810444,-32.01168,-31.146248,-29.16501,-28.228292,-30.287954,-30.086273,-29.58438,-30.43207,-31.065163,-32.380432,-32.080452,-30.195282,-29.80757,-30.323534,-30.249561,-27.38322,-24.437086,-25.963978,-27.16211,-27.58266,-29.42727,-31.286625,-32.98781,-30.83494,-27.233057,-29.257925,-39.535835,-34.62121,-31.720009,-30.505762,-29.638878,-29.35836,-32.05341,-36.09692,-38.792282,-35.60305,-35.50471,-35.731865,-34.026882,-28.34942,-26.731928,-29.30703,-34.25297,-32.383644,-32.03724,-32.417446,-34.0699,-34.45371,-38.098015,-24.057411,-17.231829,-17.503916,-19.02582,-18.904802,-20.032043,-23.004028,-26.64674,-28.916843,-27.649948,-29.276678,-30.923967,-34.58862,-33.925983,-32.291416,-26.632122,-24.219471,-26.39742,-34.622257,-36.931442,-38.713318,-40.919308,-43.54309,-46.014893,-46.383507,-46.6481,-48.261093,-45.08003,-45.8244,-51.47682,-52.198196,-45.531754,-28.407806,-24.82597,-31.334229,-38.837276,-41.69429,-39.196716,-41.006325,-33.730156,-26.3609,-26.73396,-28.335962,-31.398642,-34.88293,-31.814577,-27.508045,-20.432823,-16.247799,-14.604303,-13.789993,-14.021053,-18.361032,-27.668951,-28.391037,-32.04232,-34.244343,-34.731697,-34.160275,-34.9163,-27.505758,-23.254461,-22.605227,-20.542332,-23.108664,-25.386627,-23.305939,-25.840836,-31.54704,-36.240677,-34.558846,-30.731144,-29.550137,-33.209705,-35.969788,-33.339172,-29.607471,-32.604263,-36.126266,-28.235514,-27.082344,-28.548946,-30.346233,-33.07125,-32.044094,-33.896996,-34.488445,-35.461338,-37.462257,-33.557278,-28.208755,-25.85569,-27.529827,-31.073656,-32.941845,-33.234287,-34.724995,-35.924877,-37.795006,-39.227585,-36.488422,-36.1817,-35.619396,-39.853294,-42.13953,-40.86716,-37.250957,-34.364925,-34.38216,-36.019054,-36.54109,-38.68097,-37.681942,-36.827484,-34.098297,-28.8719,-28.725567,-28.25031,-28.848423,-32.3536,-33.381264,-32.630367,-28.492393,-25.624481,-26.056269,-29.33696,-37.905678,-36.793137,-32.711662,-29.68591,-30.351826,-28.90057,-30.502644,-30.573776,-31.068266,-33.53918,-31.894638,-29.954462,-30.055191,-30.947899,-31.378967,-25.17184,-27.260256,-29.229467,-25.973717,-26.704391,-33.600536,-38.799988,-36.93081,-35.3365,-36.948578,-36.41277,-32.2683,-33.041325,-36.45058,-37.32984,-34.043266,-28.895123,-28.481682,-31.193945,-30.532772,-30.88955,-33.35255,-35.209152,-33.99788,-32.36774,-29.796276,-28.240664,-28.524754,-31.426908,-32.410656,-31.909195,-30.67054,-30.367449,-32.753296,-32.732586,-32.46808,-30.938568,-31.265491,-30.708103,-31.63985,-30.23513,-30.70263,-29.251326,-29.093468,-29.630167,-30.043152,-31.932396,-32.993332,-31.174677,-29.001467,-25.771997,-23.800928,-24.271587,-26.796642,-34.19245,-39.725033,-42.373795,-43.786163,-44.756035,-46.194267,-48.039913,-49.832428,-47.943054,-46.442596,-48.84441,-49.88207,-51.89852,-52.198196,-51.97847,-51.179253,-52.198196,-52.198196,-52.198196,-52.198196,-36.551067,-29.566183,-28.717678,-31.092636,-36.27629,-36.57859,-31.56043,-23.411608,-12.862867,-7.9538226,-7.694746,-8.711464,-9.891235,-13.694449,-21.202364,-29.358345,-21.25668,-20.753489,-14.382409,-5.299923,-2.8538485,-1.4107454,-0.46503198,-2.1774054,-4.531035,-7.1803713,-11.882387,-13.566551,-15.742973,-20.297623,-21.034182,-15.10862,-12.008156,-9.833423,-6.686084,-8.606012,-14.556871,-19.927942,-23.186195,-26.469202,-26.867725,-25.798588,-23.428194,-23.358515,-23.838581,-28.903172,-30.207785,-26.73996,-27.072697,-33.199078,-36.024673,-33.005886,-27.891207,-24.941288,-24.919798,-27.937756,-34.118015,-37.64882,-38.019333,-35.725357,-35.832043,-36.66896,-35.670948,-37.27588,-35.98071,-37.632267,-37.158466,-39.651398,-40.980133,-36.988655,-32.344364,-32.271137,-35.202557,-39.567257,-32.174595,-29.395082,-32.549164,-32.298317,-31.624817,-34.092632,-35.411297,-36.870125,-38.175392,-40.616413,-42.30223,-42.71925,-44.490128,-46.45675,-46.176857,-47.85884,-51.321182,-51.488617,-51.07683,-49.34497,-47.965233,-50.131527,-47.405487,-29.445549,-19.57772,-21.46919,-29.736221,-27.045639,-23.087566,-23.736868,-27.3138,-33.759064,-35.101685,-34.166035,-35.091854,-34.176517,-35.93576,-36.782948,-38.034016,-36.595436,-33.8877,-36.812363,-40.367756,-38.765522,-35.24603,-35.83574,-36.711628,-34.8565,-33.16687,-35.641663,-37.755493,-39.85702,-33.970676,-32.797607,-32.857117,-34.450527,-36.627388,-39.56902,-42.807774,-43.615116,-41.985874,-43.61675,-45.365616,-46.06146,-47.13109,-45.945953,-44.85476,-47.711277,-48.027954,-46.352253,-46.83641,-45.909428,-42.494312,-41.892067,-43.805954,-43.624424,-34.685852,-29.737946,-31.339457,-33.319572,-35.32452,-38.90456,-40.85127,-41.820484,-42.07769,-41.224133,-42.620388,-44.12713,-43.196213,-43.003048,-45.022488,-44.210777,-43.73415,-42.535664,-44.020557,-41.25699,-37.173203,-37.158627,-42.16797,-43.235275,-42.51192,-44.663284,-42.48627,-34.45503,-28.7772,-27.48617,-30.422163,-34.94794,-37.047203,-37.762123,-39.702732,-44.124367,-44.831905,-43.481888,-41.323208,-41.210842,-41.99947,-43.481186,-45.52684,-46.37922,-49.04132,-41.39151,-38.394478,-37.963657,-41.77884,-45.93273,-44.41219,-37.52788,-28.868313,-25.552206,-28.731266,-33.949608,-36.723137,-38.617645,-35.89581,-38.82472,-41.45333,-35.630657,-35.446213,-39.885983,-36.73162,-37.383114,-38.699734,-38.01212,-39.19248,-22.694897,-16.102562,-16.742891,-18.629604,-18.806974,-19.092533,-19.967842,-21.732195,-22.87624,-21.730232,-20.722271,-21.25161,-22.83258,-24.689142,-28.638601,-27.399923,-26.905151,-29.379013,-32.862373,-36.12008,-36.42185,-39.72591,-39.488174,-35.27969,-33.53127,-34.615295,-34.550392,-35.01982,-33.96521,-36.634033,-38.307285,-35.170048,-36.014668,-32.31275,-28.351042,-28.901752,-30.988953,-31.347042,-35.744244,-39.71713,-40.370136,-42.68133,-43.747272,-44.62178,-44.27175,-45.42135,-48.51322,-50.688038,-45.03158,-38.0705,-38.357834,-39.55934,-40.995743,-41.621086,-45.03195,-44.49414,-40.115223,-39.09163,-33.308655,-30.060268,-27.937756,-26.347294,-31.124651,-33.879463,-35.59427,-37.328312,-39.954407,-45.22354,-46.1303,-47.977825,-48.101044,-46.482323,-45.156612,-46.967323,-45.71278,-39.957207,-36.098816,-30.93831,-29.354345,-34.885773,-44.63221,-34.326138,-23.699696,-24.167912,-28.41526,-30.141003,-33.702324,-36.302254,-35.864418,-31.781435,-30.190144,-35.416622,-34.066116,-32.86631,-36.036663,-37.369057,-39.293674,-43.079357,-40.577988,-34.168037,-33.099785,-33.816856,-32.892994,-32.657787,-35.08067,-38.295597,-37.408325,-33.391956,-32.155285,-32.44639,-37.360157,-41.335495,-40.52111,-35.25804,-32.153584,-32.95798,-30.836327,-30.159008,-26.128206,-21.988546,-21.116571,-23.005028,-23.455803,-19.24776,-19.866146,-18.750128,-18.834805,-19.614895,-18.583061,-19.398306,-17.709047,-16.840633,-15.622077,-20.287802,-24.783487,-28.511288,-27.295513,-27.616007,-24.16122,-27.56095,-39.630165,-40.87389,-38.4245,-34.13017,-29.28307,-29.77997,-33.95482,-34.798283,-37.653366,-42.376488,-35.75896,-35.676487,-39.881775,-42.51164,-39.784744,-32.46495,-32.070156,-33.439434,-34.339024,-37.097027,-38.451122,-37.471493,-37.24664,-42.110435,-46.750916,-45.7958,-41.31264,-37.204433,-35.48473,-39.110554,-39.451862,-37.736008,-37.566166,-39.74987,-40.71958,-41.58367,-39.971016,-37.16928,-35.1258,-28.918821,-26.30348,-26.964584,-30.18175,-35.969074,-37.126156,-41.75314,-41.841858,-39.236225,-42.118027,-41.893543,-44.54878,-44.90883,-39.65245,-40.88932,-42.654644,-41.78497,-40.93531,-39.14864,-32.131775,-18.71151,-15.773813,-17.748968,-21.91676,-28.592882,-27.50621,-25.83265,-28.977474,-29.125916,-32.198048,-36.853214,-41.036434,-41.611504,-41.476215,-42.31052,-43.97766,-40.672283,-35.21222,-21.181435,-17.189768,-18.493418,-22.874735,-29.637123,-34.373154,-32.695328,-31.984573,-34.911343,-36.64837,-36.925957,-33.348763,-29.23712,-29.175394,-28.912453,-32.00455,-37.644344,-36.44635,-29.363945,-29.009521,-37.206814,-41.35914,-42.788765,-41.736298,-36.605476,-36.67557,-40.44284,-41.298203,-37.189804,-38.784443,-43.13466,-43.255737,-43.08213,-45.069675,-48.43575,-35.545723,-25.451992,-22.245876,-21.959408,-22.832363,-23.58582,-26.047335,-29.162903,-33.587612,-36.676777,-37.66801,-39.577263,-43.4407,-48.73566,-50.217648,-35.125896,-22.135077,-17.47231,-15.786143,-13.772289,-16.777555,-22.577793,-23.788279,-24.088863,-20.456839,-12.280606,-7.4649563,-4.5606837,-3.2563715,-2.755392,-1.2090441,0.61469805,0.5828691,-0.29259214,-0.99245524,-1.1822765,-2.0699086,-2.0730863,-2.0379438,-1.801034,-1.5093789,-2.1349914,-2.4773965,-2.5787973,-1.9595398,-1.4473779,-1.7806263,-2.7836492,-3.8882241,-4.890751,-5.669842,-6.776181,-7.5544095,-7.2384,-7.4139385,-9.30087,-10.688239,-10.305762,-10.333012,-9.87857,-10.023484,-10.388386,-10.891332,-12.318619,-14.229983,-14.451407,-13.334136,-13.495593,-12.894851,-13.063412,-13.850564,-14.003452,-15.174441,-15.46417,-14.9032545,-15.627829,-16.322,-15.347059,-15.538952,-15.527966,-14.525537,-17.61177,-25.80466,-29.181446,-17.774176,-10.936924,-9.618773,-11.175711,-17.275093,-26.425383,-28.194063,-29.889637,-30.609371,-30.17141,-33.455177,-35.01391,-34.28236,-33.68263,-32.19317,-29.023811,-30.234188,-31.981554,-34.951286,-35.44542,-37.7717,-42.19272,-41.731743,-37.484226,-36.237743,-32.641148,-32.504833,-34.683754,-36.991554,-37.269672,-39.01667,-41.213074,-39.298576,-38.106926,-40.523525,-40.92752,-39.38294,-36.70474,-37.330273,-33.943428,-24.36454,-18.772593,-22.89909,-31.546139,-31.094788
-45.231113,-47.361202,-49.227768,-49.192677,-48.01587,-38.807175,-36.998055,-45.144394,-52.04887,-45.518166,-45.369114,-42.8108,-38.428764,-39.1233,-34.9073,-21.551569,-13.631591,-10.111804,-14.325915,-22.095505,-19.299952,-16.77773,-15.76862,-12.910603,-4.208798,0.23308918,2.0619907,2.0066628,-0.9797412,-9.620112,-26.4359,-30.070675,-22.820284,-17.949642,-14.314609,-6.8371844,-3.0863192,-3.559685,-5.1112456,-7.813329,-17.266323,-25.747005,-21.188318,-13.067375,-8.794228,-7.0919476,-6.806732,-7.610468,-10.036798,-12.582383,-13.955538,-17.034191,-20.770832,-19.549461,-19.402134,-22.296062,-22.91088,-26.117962,-32.153374,-32.11364,-30.840504,-32.601086,-32.657124,-32.33929,-34.541687,-33.215595,-34.569416,-37.44403,-35.387344,-28.989294,-27.67278,-29.92583,-30.88315,-32.941174,-33.27439,-36.959934,-44.465794,-44.56881,-43.390114,-39.687393,-38.20543,-37.622364,-42.00882,-41.736343,-39.823586,-38.817856,-36.45672,-36.445625,-35.047966,-33.21588,-33.02015,-35.361458,-36.05049,-32.72434,-27.920712,-26.39019,-29.184702,-32.178123,-33.75824,-38.208195,-40.76031,-35.79726,-36.096836,-41.02293,-41.691624,-43.94047,-42.21389,-39.730686,-39.16345,-37.59484,-34.06818,-37.74047,-40.887352,-38.591766,-36.85549,-32.832664,-32.247597,-36.170944,-35.72103,-26.243523,-25.50974,-28.98668,-25.693527,-23.883305,-26.319527,-31.523186,-36.92912,-35.27024,-35.241592,-38.073696,-37.46773,-37.28623,-38.45777,-34.741802,-29.523289,-25.211693,-24.459568,-27.985317,-36.142128,-41.972366,-34.93098,-31.266205,-32.88836,-30.54865,-28.90942,-29.516792,-32.5487,-36.23749,-37.236977,-38.04204,-40.32718,-40.8201,-39.21953,-36.39212,-39.364307,-40.198917,-39.600986,-39.4673,-41.423035,-44.17046,-36.850014,-29.442732,-28.620079,-29.137442,-28.734615,-30.854176,-33.524044,-35.514725,-27.871275,-27.43551,-29.541208,-32.451244,-38.397297,-37.134964,-36.824795,-41.033646,-42.397163,-38.874115,-34.22732,-32.501938,-32.72623,-38.50308,-42.558823,-43.513092,-41.66052,-42.400024,-35.38485,-32.309196,-32.96572,-34.504665,-32.56517,-32.449852,-32.277107,-26.568443,-26.822298,-27.991665,-31.499142,-33.69789,-34.927948,-39.62043,-40.528927,-40.50122,-38.16875,-36.375977,-36.053246,-28.636532,-21.060884,-20.136879,-22.250097,-24.57555,-28.138048,-30.925283,-30.280533,-31.32742,-33.16238,-34.273617,-35.38351,-35.671955,-30.65523,-30.092592,-31.696064,-33.287605,-37.151035,-40.308052,-41.32179,-39.211254,-37.752422,-35.615417,-35.66279,-36.849277,-39.743504,-40.88449,-40.630947,-38.03022,-31.825634,-31.477491,-35.270317,-40.333576,-44.772003,-45.861412,-40.100418,-32.71687,-28.349897,-24.396866,-25.383787,-30.816383,-34.790478,-36.4955,-31.894943,-28.397842,-32.672497,-38.929245,-41.203686,-37.833504,-36.794594,-33.86083,-34.73651,-34.769215,-31.523582,-33.159084,-29.632374,-27.531862,-30.203922,-32.37367,-34.691906,-36.6412,-38.39106,-37.662548,-27.746696,-26.76093,-31.48321,-34.72503,-37.366344,-39.587643,-42.051453,-44.11139,-44.419785,-37.721714,-36.330627,-41.12143,-44.064922,-37.616802,-33.185585,-29.51007,-28.909462,-33.821396,-40.653416,-42.89859,-39.34378,-35.06749,-30.125427,-30.791224,-32.45446,-28.417109,-30.611122,-32.06939,-35.57285,-41.58087,-43.438583,-44.590836,-46.18667,-46.17802,-47.74359,-47.702995,-48.347187,-49.736065,-52.198196,-50.22677,-47.938507,-44.98013,-37.742924,-35.72161,-38.391003,-40.7946,-45.125763,-46.627956,-35.969196,-27.714386,-22.264755,-11.060401,-7.299564,-7.280718,-8.849908,-17.452618,-19.371365,-20.077333,-25.152222,-26.343868,-24.907116,-27.720955,-20.069603,-17.551039,-16.036741,-9.289564,-8.221428,-9.193219,-14.358904,-14.229805,-10.68907,-7.3397546,-4.603859,-5.454425,-8.518598,-16.200226,-22.20432,-22.720821,-25.115595,-22.52124,-20.038086,-22.902462,-22.646889,-24.32354,-22.818562,-16.07196,-13.663192,-12.083086,-13.3711605,-20.741663,-30.056211,-26.952364,-25.254686,-24.333162,-22.706528,-22.381876,-24.712172,-27.574543,-25.405396,-19.564405,-17.075089,-16.548344,-17.094418,-19.034931,-23.233997,-26.388664,-25.666162,-27.996443,-31.789524,-29.38322,-28.707285,-29.418533,-26.869156,-26.874163,-28.829756,-26.418142,-20.738905,-16.02219,-15.314926,-16.056553,-16.071732,-16.13049,-17.333141,-20.569422,-21.683842,-18.447155,-17.999832,-19.208557,-19.864122,-19.767616,-20.116135,-22.766285,-25.252077,-26.330833,-21.921045,-18.92895,-18.517723,-18.221992,-18.285381,-17.839958,-17.301281,-17.303307,-19.322626,-22.748842,-22.491549,-20.952608,-21.432621,-24.01676,-27.823761,-29.23423,-28.259676,-28.051424,-31.598635,-33.572872,-33.290302,-30.861492,-30.264528,-33.71431,-33.80958,-30.121775,-30.100805,-29.887802,-27.959923,-26.908012,-28.624811,-28.571701,-27.757355,-29.081612,-30.268341,-32.050232,-30.999334,-27.896729,-26.99213,-28.280323,-28.006443,-23.415415,-22.153376,-23.329306,-24.19725,-24.582891,-26.708107,-29.69261,-32.83665,-31.6804,-30.89875,-34.329132,-40.04616,-34.73228,-33.436478,-31.7828,-30.48854,-31.050577,-29.71181,-31.995152,-32.53516,-34.21896,-38.395798,-37.43324,-32.066265,-28.794846,-28.05495,-32.02965,-32.75818,-34.058605,-32.977394,-34.41792,-35.14817,-34.440826,-36.67737,-22.906197,-15.362059,-15.121841,-16.238163,-15.737177,-16.78701,-19.64701,-23.805273,-27.658722,-28.362095,-30.57863,-30.513945,-32.97301,-34.492126,-31.959354,-24.190804,-24.274694,-30.060009,-31.93584,-35.66076,-38.998272,-41.427826,-42.870934,-47.217995,-45.455307,-45.60398,-48.761402,-48.54971,-48.80234,-51.22947,-52.198196,-44.30895,-27.768297,-25.315474,-32.743374,-39.567562,-42.24674,-40.145016,-41.919594,-31.766693,-23.168568,-19.43177,-21.887207,-29.755955,-34.801407,-31.66409,-26.191008,-22.797947,-19.895721,-18.728697,-18.468153,-18.638906,-22.69035,-25.06006,-18.733341,-21.497696,-32.40455,-32.072857,-29.889988,-34.73195,-30.902737,-29.660065,-26.347301,-21.366148,-22.148914,-23.500078,-23.850632,-27.68005,-34.05773,-37.74597,-37.00561,-34.33762,-33.88097,-33.722862,-35.498447,-34.77669,-31.54855,-33.046135,-35.626225,-33.486885,-32.666336,-35.81917,-34.307034,-34.617638,-37.886105,-42.488358,-44.08356,-45.965736,-42.255306,-30.457043,-18.944805,-18.040754,-25.519272,-30.06281,-30.92654,-33.813374,-37.809547,-39.836395,-39.630554,-35.79738,-35.08694,-35.46357,-34.907898,-38.83904,-40.60536,-35.67608,-33.683014,-32.010437,-34.049294,-36.39064,-37.029415,-39.707363,-41.273308,-35.565384,-32.921967,-28.266666,-26.911972,-28.717163,-28.835123,-29.349165,-31.057278,-32.362396,-33.89502,-35.00237,-32.407005,-31.960522,-34.624344,-32.464153,-32.126236,-35.188606,-36.910835,-36.28037,-24.915672,-19.04727,-18.395779,-20.813416,-26.560589,-32.3653,-32.63846,-34.272827,-30.700312,-21.380978,-21.086454,-27.860651,-31.987764,-30.297136,-30.163074,-37.686672,-38.004627,-36.22188,-36.710995,-36.315647,-34.744125,-35.819954,-37.01128,-37.245155,-36.654335,-30.51791,-26.571735,-26.76968,-26.329823,-27.297812,-29.618883,-28.144796,-29.431282,-28.92191,-25.929182,-27.289974,-27.503984,-27.849749,-26.398613,-26.80667,-29.120739,-31.869617,-37.379753,-35.34265,-31.331963,-29.482563,-30.128954,-30.199759,-32.73438,-34.262108,-33.136326,-28.829325,-26.757156,-28.39799,-29.60315,-30.361702,-30.654333,-30.310516,-28.873014,-23.902475,-20.928463,-23.400818,-27.351006,-32.16088,-36.08026,-40.466484,-41.527515,-42.30656,-44.37897,-48.395046,-51.28088,-49.624046,-49.34601,-51.494263,-49.59783,-51.631004,-52.198196,-50.815697,-51.326035,-52.198196,-50.5611,-52.198196,-51.862797,-28.05252,-20.808685,-22.86772,-29.813013,-32.045666,-35.06904,-30.447937,-24.146507,-24.845964,-25.205212,-19.796164,-16.887356,-18.929934,-23.68504,-29.662016,-37.308212,-35.098694,-32.624237,-20.698442,-16.546185,-12.057523,-5.9921904,-2.9872365,-2.213212,-1.9986691,-1.938392,-3.1447787,-5.1731725,-11.093048,-20.29811,-21.381985,-19.181904,-16.434464,-14.858995,-11.92115,-14.888749,-21.577137,-26.023537,-27.585848,-30.231945,-31.604572,-20.917578,-15.86116,-20.949734,-28.55546,-32.97397,-33.61198,-34.165195,-33.585247,-35.48433,-36.676605,-36.930805,-25.972996,-22.308228,-25.968956,-30.329391,-34.84391,-36.31369,-37.470863,-40.35069,-38.545372,-38.517715,-37.30134,-35.717293,-35.321957,-37.066185,-40.2602,-43.746414,-45.019722,-37.873573,-34.21506,-34.348366,-34.511772,-35.02095,-35.689316,-40.42903,-44.358093,-31.906569,-27.588892,-31.155596,-35.03713,-34.702003,-38.37071,-46.11664,-45.632824,-46.365265,-50.157852,-50.151398,-47.111145,-48.916992,-49.959694,-49.69128,-51.72186,-48.888626,-45.423874,-49.034733,-49.89649,-28.216282,-15.3209095,-15.376567,-25.934242,-27.692652,-23.826553,-26.877356,-29.650642,-30.14158,-30.380714,-30.120985,-33.537903,-35.484238,-35.483253,-35.14546,-36.30964,-34.265877,-25.468487,-25.863434,-33.395554,-35.388966,-31.936935,-35.77919,-39.702496,-40.949093,-40.4698,-41.254776,-40.83159,-37.197536,-27.568666,-26.209124,-29.477024,-34.315815,-39.40109,-38.061615,-39.067715,-41.592083,-44.595016,-44.857544,-43.76242,-44.321823,-44.743652,-43.93479,-45.625324,-48.06774,-48.937157,-52.198196,-49.39712,-44.497467,-41.919838,-45.733177,-44.32468,-43.191715,-28.702944,-21.07501,-23.31472,-29.602892,-31.483643,-34.700005,-39.245163,-41.54236,-42.398945,-42.186985,-40.926292,-41.294178,-42.51307,-45.438812,-45.140625,-42.94457,-43.311836,-44.227837,-45.110657,-43.492134,-42.07525,-41.58013,-41.50827,-44.038803,-44.803444,-46.837715,-42.720684,-32.376404,-23.354317,-24.13052,-28.697702,-29.32447,-30.504637,-34.549698,-37.785942,-41.18318,-42.824074,-40.79879,-39.591904,-41.365093,-42.209183,-44.052814,-45.15938,-45.397034,-45.80449,-42.847946,-40.112717,-38.992104,-42.41581,-44.740124,-42.3021,-33.897675,-25.417404,-24.713335,-29.810131,-31.371563,-33.67151,-38.973217,-40.481323,-41.9896,-39.950367,-38.12706,-38.4359,-42.245743,-38.091427,-35.84736,-39.206493,-43.719902,-43.244873,-21.412773,-11.861863,-10.045734,-11.761909,-13.781712,-14.979185,-15.948743,-17.805534,-20.212337,-19.981228,-18.241188,-18.450552,-19.845158,-21.616333,-25.578838,-24.92574,-24.12123,-25.93821,-29.088127,-33.926456,-35.81465,-36.534363,-36.42071,-35.90162,-33.0534,-34.495853,-37.219975,-36.910255,-35.23339,-36.006577,-38.990513,-36.0167,-34.207577,-28.060669,-25.724007,-28.995857,-33.323654,-38.72679,-38.75404,-41.994415,-44.95053,-45.078968,-45.969673,-48.573463,-47.427063,-47.968296,-50.89941,-51.047836,-45.3134,-39.105038,-40.154415,-41.93581,-41.356102,-44.083694,-45.10139,-47.802967,-42.707043,-37.129215,-31.5145,-28.442478,-27.523197,-25.234436,-30.407183,-34.852325,-38.134377,-39.562912,-42.316048,-45.683857,-44.55778,-45.767902,-48.46547,-45.84218,-43.70339,-48.52459,-45.777206,-38.417942,-33.95637,-30.637127,-28.715706,-32.475895,-38.951897,-31.461618,-19.997856,-20.604572,-26.0308,-30.197666,-34.507362,-36.73229,-36.553864,-33.642952,-33.171337,-36.167328,-33.2928,-31.553623,-36.175045,-37.23607,-37.927105,-36.84527,-35.649952,-33.524265,-34.894196,-31.284756,-27.570993,-27.835905,-31.459436,-32.9066,-31.224125,-26.503082,-26.400946,-30.450008,-35.239555,-39.28122,-42.094757,-40.1138,-35.972286,-35.73031,-34.00101,-32.323498,-30.452965,-29.450123,-25.97527,-22.984104,-26.080027,-25.799635,-24.106722,-18.74823,-16.68246,-18.608013,-23.820694,-25.11996,-22.53523,-17.284513,-11.457194,-9.566295,-15.232116,-20.867874,-21.00219,-16.814442,-15.322651,-22.200417,-31.988972,-34.29817,-37.951225,-34.360462,-24.757603,-19.089195,-20.079605,-22.713661,-26.233595,-34.40449,-38.731464,-39.065826,-39.980186,-40.387,-38.227573,-29.63835,-30.035002,-38.016434,-39.231552,-40.07802,-40.321365,-38.782127,-37.768604,-39.86484,-44.55172,-45.19945,-42.586445,-40.707478,-39.79031,-42.004837,-42.49321,-42.408657,-43.483013,-42.73064,-42.117363,-42.1755,-38.102077,-36.180622,-36.75266,-28.463352,-23.567516,-25.326405,-30.682556,-36.729465,-38.568005,-38.43811,-41.024822,-42.067886,-43.42552,-45.68248,-48.28564,-44.908257,-39.411552,-41.043934,-42.54742,-43.812084,-41.82151,-39.327187,-26.158367,-9.801615,-4.6296587,-4.955905,-9.02453,-15.021387,-17.30929,-19.607477,-24.142693,-30.683796,-33.477543,-33.471336,-36.3976,-34.924286,-34.364918,-38.212494,-42.44341,-41.55953,-31.346693,-13.975321,-8.475644,-8.65656,-12.85022,-19.543016,-22.595446,-23.486439,-26.21212,-31.086174,-40.975487,-37.33363,-31.87983,-27.861198,-29.31184,-33.09448,-38.09809,-37.264206,-32.422455,-16.579733,-9.72911,-9.810716,-13.334622,-18.498062,-22.04712,-22.908087,-26.552963,-28.107456,-26.62053,-26.976154,-30.70063,-36.18149,-38.984226,-38.562866,-42.340134,-42.403664,-36.113705,-25.615257,-21.092337,-20.500261,-20.644451,-20.873241,-23.288622,-26.75365,-31.756317,-35.896927,-35.892414,-36.796482,-39.126106,-44.155766,-50.919357,-37.110916,-26.294535,-23.225769,-22.318348,-18.48459,-15.297481,-13.675078,-13.056997,-15.783579,-20.670559,-22.224005,-19.377878,-19.04125,-20.06173,-21.104012,-22.130154,-20.17538,-19.314173,-12.805776,-8.802693,-7.0299172,-6.862517,-6.3761683,-6.077147,-6.1033196,-6.032839,-6.6137533,-6.2896724,-6.061073,-5.9698625,-5.8289094,-6.281295,-7.530489,-8.391621,-8.542712,-8.435838,-8.951633,-9.572229,-9.57016,-9.752592,-10.899831,-12.086991,-12.439856,-12.655831,-12.126713,-12.044998,-12.541603,-12.359545,-12.898269,-14.145602,-13.6898365,-12.272848,-11.968285,-11.5142,-11.854643,-12.787376,-13.534685,-14.708962,-14.339496,-13.253707,-13.618382,-13.90416,-12.645475,-12.838136,-13.913996,-14.002942,-17.771643,-27.586384,-31.251766,-26.772896,-19.808233,-14.688283,-14.407681,-21.469954,-26.325623,-24.135427,-28.343239,-32.579296,-32.20492,-34.62481,-37.21933,-35.30268,-34.383972,-33.426876,-26.868734,-26.48066,-32.454422,-36.28154,-36.058876,-40.057693,-41.958164,-41.100693,-36.526905,-35.116188,-37.956745,-40.268555,-43.05176,-39.602386,-37.831272,-40.438797,-40.732918,-36.81945,-35.178276,-36.702724,-36.90715,-36.931583,-33.481636,-32.21153,-30.7874,-26.250378,-25.608473,-27.605484,-32.585327,-33.908306
-40.060593,-40.26455,-44.77228,-46.521797,-46.672203,-42.849037,-41.103912,-46.773037,-52.198196,-48.837513,-49.173737,-42.732025,-33.455345,-33.739548,-34.769566,-22.268253,-13.520279,-8.054388,-9.352249,-12.886945,-10.071422,-12.463636,-18.86455,-22.91356,-23.455038,-21.23089,-22.098959,-23.887127,-19.799858,-19.725845,-31.969526,-38.38365,-39.47786,-29.39761,-26.248337,-29.61571,-30.709505,-30.79837,-28.692211,-25.655916,-30.528143,-32.43615,-27.903688,-29.706957,-28.034277,-21.553844,-22.78661,-30.315098,-33.045914,-32.916157,-35.138226,-39.564125,-39.446423,-39.28118,-39.919132,-39.65282,-40.034164,-34.89847,-29.153507,-31.908075,-39.573555,-39.210873,-34.877357,-33.78349,-37.52521,-33.04567,-34.521408,-40.751114,-39.03281,-25.842924,-23.364658,-28.431782,-30.394175,-30.978937,-38.079597,-42.307682,-43.072758,-45.068253,-45.41273,-40.97412,-39.530174,-41.414715,-43.09349,-42.313274,-42.188644,-38.619972,-36.578857,-36.23603,-32.050583,-31.795177,-33.52443,-38.849586,-39.772125,-34.312,-24.122381,-23.927444,-27.898727,-32.139614,-36.0625,-39.63902,-39.14966,-36.65111,-37.01888,-40.795692,-47.650314,-43.946568,-39.952652,-37.022633,-35.60502,-37.82406,-39.100464,-31.523111,-30.65914,-36.14349,-36.593544,-33.32812,-35.45368,-39.247692,-34.70844,-23.90081,-20.345924,-24.117775,-27.378979,-25.873384,-28.40549,-33.374218,-37.292225,-30.298481,-28.162586,-31.326485,-33.71234,-37.77527,-38.182095,-34.45055,-36.056934,-42.732338,-41.19182,-34.90266,-37.305576,-39.45,-36.9617,-34.73603,-30.132132,-22.709091,-23.6743,-27.699741,-33.22631,-34.96657,-39.49966,-46.614803,-43.717808,-42.56447,-45.297638,-44.60552,-44.414944,-40.68605,-38.202072,-37.079357,-41.462627,-48.00393,-35.757572,-29.908985,-32.161404,-33.494026,-35.81249,-36.44417,-40.75408,-37.26755,-24.414993,-22.111814,-27.168875,-33.422184,-37.567974,-37.091442,-37.76294,-41.29029,-44.60867,-41.672634,-38.577545,-37.080696,-35.461662,-34.872623,-33.557953,-38.33941,-37.964622,-40.021576,-36.397316,-32.434765,-33.17372,-37.435318,-35.726276,-35.781982,-29.942083,-20.809261,-21.307638,-26.557537,-28.533316,-31.818075,-35.440468,-38.927975,-41.326794,-41.903435,-38.432636,-37.13916,-34.61476,-28.530941,-23.40504,-24.925346,-26.313038,-26.5853,-26.355373,-27.330246,-28.166603,-30.921515,-33.32071,-34.50704,-35.55986,-33.031754,-27.55821,-27.622099,-28.572538,-28.342571,-33.70044,-33.95618,-38.045677,-39.498127,-37.0076,-35.56124,-35.89406,-35.380104,-36.296757,-35.990555,-38.023003,-36.923492,-31.76368,-30.518225,-32.76866,-38.4815,-44.185883,-45.061104,-40.616993,-34.816826,-27.510347,-17.793491,-16.775425,-23.41019,-31.167503,-29.888594,-31.004902,-28.715519,-31.800795,-37.387253,-40.0032,-37.735855,-33.565235,-31.188358,-33.447052,-33.596657,-31.604782,-31.732674,-30.519547,-27.461971,-30.602394,-32.801777,-34.025387,-36.164955,-37.372036,-32.589764,-27.72942,-26.687061,-28.298222,-31.760303,-35.10483,-37.806217,-40.14176,-44.05359,-42.733665,-36.40319,-36.24562,-40.425873,-40.892544,-38.162903,-35.516953,-28.847546,-28.185863,-33.99901,-42.462547,-43.69355,-44.6547,-37.642567,-32.068752,-31.783579,-31.52113,-24.443644,-23.516659,-28.114786,-35.63789,-36.769226,-37.841473,-42.967907,-42.60094,-43.70865,-47.566628,-49.19229,-50.369102,-50.866055,-51.348648,-49.864586,-47.586456,-41.79096,-30.015394,-28.212944,-31.318254,-36.66466,-41.945324,-41.275105,-33.004578,-22.77692,-19.90319,-21.138342,-22.86378,-22.965923,-21.729706,-24.707853,-18.526018,-17.162092,-22.74164,-28.177887,-25.128191,-24.784182,-25.310991,-19.491718,-19.891783,-28.060682,-30.331593,-28.927782,-28.161728,-21.94354,-16.228525,-19.977863,-22.822887,-25.787739,-25.79686,-24.505829,-17.705519,-18.683064,-25.62215,-22.871635,-14.739531,-12.474842,-16.225422,-18.641193,-18.169266,-18.747711,-22.580317,-27.1933,-25.25267,-25.18039,-31.054577,-26.663511,-20.805454,-19.22471,-18.61089,-16.729097,-17.411936,-21.710512,-22.426653,-24.858559,-24.688623,-22.770555,-19.634867,-18.97091,-21.798496,-26.919916,-27.550655,-29.25985,-30.967552,-32.874527,-30.999191,-31.004572,-27.58438,-24.145983,-19.192663,-18.452318,-23.171963,-28.063858,-29.985332,-30.346424,-31.160593,-33.754658,-32.581104,-30.099476,-31.925467,-25.72248,-21.895836,-23.566608,-31.071672,-34.802864,-33.9252,-34.164635,-33.980526,-36.05599,-36.301273,-35.769226,-36.788223,-35.976013,-32.537254,-32.502464,-36.21803,-37.35035,-34.380486,-33.004585,-33.920906,-37.102478,-36.989826,-36.448647,-40.023685,-29.556658,-23.367146,-25.824575,-32.98569,-34.568317,-33.004658,-31.73693,-32.951065,-35.553864,-36.407246,-37.397915,-37.29586,-37.02887,-37.409058,-37.71721,-39.018627,-39.673656,-38.60444,-38.148006,-40.268307,-38.912766,-40.601994,-40.844482,-41.54628,-41.200867,-29.39172,-20.839556,-21.875042,-27.130981,-29.421028,-33.316807,-39.169964,-39.612576,-39.288986,-39.546696,-39.53765,-39.895607,-41.548676,-35.08224,-33.3561,-30.22327,-28.455517,-27.990541,-25.470545,-28.346241,-30.99139,-34.996914,-39.965965,-37.01221,-30.590227,-25.04896,-24.54093,-27.447298,-28.04035,-30.276608,-29.53577,-29.231564,-34.955612,-36.321293,-37.87905,-34.538,-32.849354,-33.235058,-29.448265,-32.584236,-36.461666,-38.938423,-36.487354,-35.516266,-33.204933,-31.731493,-34.65391,-37.00544,-35.93851,-30.234573,-20.748894,-19.642326,-24.892502,-30.413073,-31.260746,-33.774666,-40.14027,-42.04807,-45.108494,-39.974335,-40.280426,-46.62153,-49.850594,-49.3119,-49.841274,-50.717934,-43.375328,-26.320232,-22.325916,-24.953402,-29.136696,-36.93952,-34.951218,-32.859703,-26.670149,-18.844347,-12.841156,-10.247222,-13.808615,-19.717993,-20.519474,-23.581762,-31.504929,-33.303802,-32.96489,-34.22933,-32.592834,-32.99663,-21.619408,-10.168793,-8.644131,-13.768803,-16.43508,-18.05209,-28.85368,-30.066818,-29.91969,-33.449715,-36.964973,-27.439617,-19.636139,-19.002605,-25.081293,-28.51643,-26.757042,-28.403519,-32.46884,-38.524094,-40.563507,-41.795082,-43.442406,-35.57187,-32.808414,-32.721207,-27.210543,-27.895905,-31.460764,-35.497963,-33.984665,-36.224148,-36.406956,-38.813572,-42.768097,-40.281578,-26.179008,-14.397607,-13.340338,-20.65987,-25.241795,-26.784561,-31.44038,-34.050198,-40.197395,-41.842655,-39.314083,-37.567104,-37.338158,-37.27376,-38.85592,-38.867268,-37.611534,-34.909412,-33.36604,-34.017235,-35.134365,-33.982307,-33.463177,-33.07962,-33.703743,-33.717724,-22.59633,-21.059448,-24.673079,-29.279697,-29.525711,-29.06319,-27.396238,-25.688856,-26.31359,-25.318506,-28.099268,-35.25499,-33.93268,-30.730785,-28.996428,-30.403965,-30.05622,-23.828266,-21.952778,-23.844849,-25.836199,-29.366882,-27.2961,-25.33836,-29.981,-30.914055,-21.975624,-20.609846,-25.627712,-28.329529,-24.879133,-28.340061,-37.580643,-37.066723,-35.284077,-35.60479,-35.21278,-34.02697,-34.57605,-38.222878,-35.80746,-32.665054,-30.608866,-31.032585,-34.775673,-34.417328,-32.803005,-33.108784,-33.11905,-35.518726,-28.866428,-21.432964,-22.480648,-26.633947,-27.646584,-30.25383,-31.18309,-31.129948,-29.418142,-32.461456,-35.85403,-33.833927,-32.182518,-31.669666,-29.134912,-31.513939,-36.192772,-33.61335,-27.966097,-28.647413,-29.665596,-29.076307,-29.187067,-28.865507,-30.269753,-29.163286,-21.418295,-16.882551,-20.724237,-24.952854,-27.93885,-32.18091,-38.301567,-40.385635,-41.454056,-45.287155,-47.12932,-48.424038,-50.75314,-51.933956,-52.198196,-50.715996,-51.633068,-52.198196,-52.198196,-51.201927,-52.198196,-52.198196,-52.198196,-52.198196,-27.3522,-17.640917,-18.398636,-27.316778,-28.879868,-29.015911,-28.382387,-21.00807,-15.56294,-16.584892,-22.852762,-26.448385,-27.473232,-26.976377,-29.631508,-38.400177,-37.663517,-35.367554,-21.6239,-18.346048,-21.806896,-24.165283,-26.977417,-27.68996,-26.70799,-26.759195,-25.414623,-21.34795,-17.5784,-21.189623,-21.59708,-18.982817,-21.495804,-20.287054,-22.859978,-26.201653,-26.821136,-26.905819,-30.41398,-35.52181,-40.266224,-19.057188,-14.250519,-18.56382,-24.982155,-32.50213,-31.278313,-31.491621,-35.30748,-39.444252,-39.51607,-35.93982,-22.03978,-18.222336,-22.822092,-28.581486,-29.95219,-34.467045,-35.192173,-38.152103,-40.69095,-42.71206,-41.202347,-39.578247,-38.866535,-39.27673,-43.111618,-43.597313,-42.10267,-37.376995,-33.703472,-35.439068,-34.507675,-35.778336,-36.803314,-39.845245,-39.87648,-26.461374,-20.925829,-24.500183,-30.574749,-31.455519,-34.52628,-38.316063,-38.602974,-43.279835,-45.902515,-46.5877,-43.480347,-44.861187,-49.802876,-50.165703,-51.612144,-45.545654,-40.953182,-46.27571,-46.622696,-35.289055,-22.043854,-13.607245,-11.836857,-17.198149,-19.670763,-23.569696,-24.630163,-26.604757,-22.870575,-14.042908,-12.226533,-14.924328,-19.969702,-19.82402,-23.339535,-31.658222,-20.836079,-18.048746,-21.284306,-22.237984,-20.194578,-26.606482,-34.05628,-32.503754,-33.583084,-40.160072,-40.959076,-35.441177,-24.242413,-23.384878,-27.08909,-28.318817,-28.049652,-27.057344,-25.917316,-26.32641,-30.209684,-33.540966,-35.31458,-36.22707,-35.775215,-35.416645,-34.593166,-33.036007,-32.4162,-33.51289,-35.00617,-31.480164,-28.991625,-27.606812,-30.111206,-30.46113,-23.68059,-15.787781,-17.574093,-25.838322,-26.03761,-26.585178,-31.79649,-32.656204,-32.381596,-31.812876,-32.15299,-34.17952,-32.740097,-29.964827,-29.68927,-30.136871,-30.847261,-30.047215,-28.647419,-29.200676,-30.704622,-33.31405,-33.533386,-36.04122,-38.48172,-37.088245,-34.77478,-28.724682,-18.986345,-20.315855,-27.856634,-25.96958,-25.814667,-29.967937,-30.519428,-26.736755,-26.909904,-27.474361,-28.982262,-35.84595,-40.98633,-37.729317,-40.23506,-43.344147,-42.862698,-45.509712,-44.70825,-39.76865,-41.3761,-39.31107,-35.80221,-31.841154,-23.542927,-23.17811,-27.207077,-28.241327,-30.97567,-35.96455,-40.640167,-41.81028,-43.27562,-37.649742,-34.686176,-39.16474,-42.509224,-43.960884,-43.21291,-41.66596,-42.76125,-26.93876,-16.671385,-14.061742,-15.911346,-21.207792,-27.653162,-26.852367,-25.758259,-24.405363,-21.842133,-23.379976,-28.31836,-30.163977,-30.907574,-29.767876,-30.462395,-31.883476,-32.168896,-31.808578,-33.620583,-35.79503,-38.27865,-38.84057,-38.098034,-32.640156,-30.4801,-27.642775,-28.273224,-28.667377,-33.15686,-38.201443,-32.092583,-30.051832,-24.229847,-20.315865,-23.157255,-32.423664,-33.68238,-32.770657,-37.302853,-38.58845,-39.892097,-43.162834,-46.320694,-45.515217,-45.278053,-45.86279,-48.87915,-44.94183,-38.325573,-39.34413,-39.115894,-35.188175,-38.2331,-44.013824,-45.09548,-40.181396,-35.5664,-29.56299,-25.623047,-26.009357,-29.104279,-32.62915,-31.749537,-34.751007,-39.141075,-43.618095,-46.892998,-49.344933,-50.26983,-51.323425,-43.956142,-40.223404,-45.58071,-43.355003,-36.05265,-34.938866,-32.48586,-33.0139,-34.312943,-39.35514,-32.528248,-20.227825,-19.15037,-20.211535,-23.318357,-29.802902,-35.4785,-35.720516,-32.117382,-29.000551,-30.72132,-32.07979,-33.474808,-37.168224,-38.9496,-33.27377,-31.062675,-31.278336,-29.326315,-33.400116,-36.028675,-37.988293,-35.287556,-36.03447,-34.22507,-29.491568,-21.41141,-21.157383,-28.392273,-32.189835,-35.15652,-38.25539,-42.3037,-37.785484,-33.63244,-30.57743,-31.5554,-29.672506,-25.725544,-26.44907,-27.813557,-23.823736,-25.383207,-29.971249,-24.136438,-11.760974,-6.1913195,-6.6095953,-7.4000144,-8.912894,-13.981409,-15.918507,-11.665679,-11.758194,-14.460665,-15.407954,-14.974112,-17.495453,-24.795147,-31.511787,-32.09411,-33.998287,-34.991688,-28.46176,-22.19579,-21.332367,-22.471386,-26.119007,-33.90867,-34.64558,-29.67202,-30.528385,-32.47486,-32.363983,-26.884668,-27.345808,-36.286003,-38.189983,-37.889133,-36.892975,-38.127808,-40.998615,-41.389626,-39.868313,-40.75941,-38.27051,-37.553944,-36.235435,-39.28165,-46.83893,-47.11285,-48.26387,-49.317707,-51.913475,-46.358074,-43.49495,-36.938705,-33.852226,-27.492239,-21.75832,-21.986538,-28.931263,-34.19352,-34.443405,-35.98675,-39.83444,-43.68701,-46.03424,-48.57695,-49.821644,-46.776695,-40.48315,-40.081234,-42.87326,-44.18643,-37.402306,-32.182182,-27.408255,-17.613317,-18.510132,-22.090286,-25.71793,-29.396782,-28.48415,-25.059464,-23.337273,-28.638237,-35.384113,-37.80646,-36.954613,-37.606533,-41.35389,-42.191048,-44.04416,-44.29853,-34.11654,-23.03651,-23.695728,-29.329412,-33.190834,-37.192055,-35.98805,-31.96932,-29.778664,-37.40969,-41.664104,-37.329903,-31.323614,-25.923183,-25.969007,-31.477835,-34.588642,-35.907234,-35.313423,-18.424582,-11.761966,-11.907512,-15.511022,-21.14686,-24.820444,-25.250973,-28.233913,-29.495865,-28.106863,-27.742594,-31.58403,-35.70919,-38.433094,-39.575417,-41.31703,-42.357132,-38.59458,-25.203674,-21.8525,-26.689926,-32.20934,-34.35714,-39.48128,-39.62996,-40.632023,-45.375996,-44.10325,-42.07102,-42.71926,-49.072968,-52.198196,-36.047318,-22.050646,-13.986468,-12.9113,-19.071907,-19.821144,-7.7169895,-3.7991593,-3.004893,-2.6089609,-4.230679,-5.971417,-8.674445,-14.020725,-18.786453,-21.879168,-23.380451,-22.580658,-22.765865,-21.029774,-18.188604,-18.180443,-19.419678,-20.83393,-24.086334,-28.846573,-27.192305,-27.204433,-28.356709,-29.633284,-27.059172,-25.637123,-27.434093,-28.63507,-25.300472,-19.738365,-21.913813,-28.413303,-28.675804,-28.904652,-31.065002,-33.923756,-35.673412,-35.44407,-34.889465,-30.753727,-30.992722,-33.67414,-32.56877,-32.197098,-32.600327,-37.202663,-36.42981,-34.96757,-32.674328,-31.346775,-32.52873,-36.18692,-35.764587,-31.633236,-24.868626,-25.489155,-30.179993,-33.420135,-34.232224,-33.623585,-33.74992,-35.828148,-37.177937,-32.53958,-31.646402,-33.69014,-29.418255,-29.214687,-23.736053,-19.096336,-22.102428,-26.021873,-33.463043,-40.458546,-40.45286,-33.53889,-24.876629,-22.559042,-21.461096,-19.907166,-26.29671,-31.410807,-34.334053,-38.022083,-40.761623,-39.538475,-39.074444,-41.055187,-41.62372,-39.380836,-39.349533,-38.84044,-37.439903,-40.823807,-43.698204,-44.55951,-44.95234,-46.39869,-49.201477,-48.294067,-46.594017,-46.779617,-32.450886,-24.949844,-23.304407,-26.837156,-33.220207,-36.004044
-42.384262,-43.89946,-49.14799,-52.198196,-48.106667,-37.829613,-36.02852,-43.39881,-51.4819,-50.512085,-50.155735,-41.87314,-36.26885,-38.86906,-40.420128,-26.267147,-20.891903,-21.181137,-20.926651,-10.319948,0.6308591,5.6899953,6.2515407,2.7438757,-5.1495695,-15.116167,-17.056381,-18.585869,-14.149006,-13.594102,-21.71869,-25.055176,-26.940578,-18.743034,-12.336025,-16.151901,-22.507893,-22.245043,-23.410149,-21.384449,-25.841799,-27.513456,-21.442564,-22.712837,-28.393692,-26.397137,-26.143854,-28.356543,-31.85488,-33.429092,-33.92096,-36.214836,-37.9627,-38.887745,-38.452793,-37.364784,-38.313786,-34.58667,-30.981539,-34.397415,-35.314945,-39.03424,-37.975136,-37.810024,-36.65387,-32.434402,-35.627747,-39.80402,-42.205055,-31.6234,-28.61655,-30.21053,-33.48598,-33.816864,-37.348877,-40.040512,-39.838673,-41.917706,-42.452423,-39.13611,-39.883827,-42.0026,-43.48976,-42.157993,-42.450413,-39.75375,-38.140656,-37.52366,-35.81789,-35.00525,-35.39685,-35.65437,-38.44275,-35.481903,-26.877815,-26.307753,-29.139103,-32.306686,-36.133087,-37.640774,-38.135483,-37.248703,-40.01379,-41.311996,-44.988956,-39.057976,-34.83806,-33.580322,-35.3503,-35.40655,-35.65178,-35.905594,-35.595913,-33.484848,-28.782576,-26.343231,-30.29076,-37.246105,-35.83083,-28.579746,-26.604359,-29.445707,-32.874634,-37.114418,-39.13382,-36.62724,-34.239265,-30.547636,-30.056206,-34.1813,-37.371235,-41.38835,-39.948048,-35.393127,-37.243675,-41.916214,-42.48507,-38.830486,-40.28191,-43.374233,-38.469406,-35.312954,-32.056744,-26.91715,-27.58608,-27.395714,-31.996876,-36.127583,-37.17156,-39.872166,-40.832954,-40.251293,-42.43672,-43.994064,-44.38466,-38.476654,-36.608814,-39.42615,-42.570156,-46.147457,-41.654644,-35.724625,-35.659275,-34.541534,-35.795597,-37.80334,-39.504837,-37.458527,-32.65328,-30.266987,-30.540081,-33.38186,-35.499912,-35.29195,-40.568882,-43.17375,-44.184822,-45.914684,-37.81331,-36.822506,-39.61299,-38.205105,-35.67688,-38.781338,-39.00462,-43.032997,-39.830765,-33.328526,-32.781147,-37.570293,-36.80289,-35.944103,-36.208237,-28.740046,-27.65739,-27.449072,-31.184938,-33.834312,-34.5174,-40.843563,-40.48224,-35.440598,-32.75099,-36.356148,-37.41709,-31.963795,-27.854168,-30.844719,-33.207214,-37.326008,-35.693104,-35.292126,-36.08032,-33.34767,-32.337215,-35.665455,-40.33298,-36.797935,-28.872225,-26.745338,-27.228447,-29.365765,-34.237545,-34.1773,-35.076122,-38.61864,-37.976517,-34.47555,-33.43837,-35.834297,-37.782875,-39.26108,-43.12835,-40.95845,-34.79692,-32.877098,-34.979828,-39.462547,-42.751427,-43.554955,-41.033253,-33.182922,-28.460094,-25.881565,-25.643663,-27.985582,-32.150974,-33.689953,-32.99669,-30.432632,-32.962082,-39.03831,-41.132965,-37.880455,-34.4743,-35.208202,-36.569626,-34.3851,-32.358383,-34.04398,-30.588514,-28.691349,-31.14,-32.28603,-36.014263,-37.803043,-38.032948,-37.07698,-31.643114,-27.426079,-27.636612,-33.47324,-37.40196,-38.346054,-38.07794,-41.249535,-40.549046,-35.868824,-35.426823,-38.910145,-41.662884,-41.039005,-35.910736,-29.45215,-29.501999,-35.088017,-43.904415,-45.330616,-43.452187,-41.1355,-37.907146,-36.36375,-34.245564,-27.564236,-25.309774,-30.09354,-38.441856,-41.022144,-41.540535,-43.57753,-43.640274,-45.67843,-50.308655,-51.692924,-52.198196,-52.198196,-52.198196,-50.251827,-48.819813,-45.448586,-34.447044,-24.864996,-21.625385,-23.580814,-28.199041,-27.401793,-25.603464,-23.295204,-19.354027,-17.063831,-16.71547,-17.076504,-19.28766,-23.528019,-21.762629,-18.803013,-17.31249,-15.14195,-16.465012,-22.911285,-19.948956,-12.914615,-13.09865,-17.965792,-26.351786,-24.285887,-23.128538,-17.810528,-9.758616,-12.63994,-24.366758,-27.0539,-19.740728,-21.61619,-23.483389,-25.27962,-28.286922,-28.458885,-16.73854,-10.717763,-11.114344,-10.711894,-11.8489065,-18.925936,-19.809006,-16.726128,-17.400072,-22.703125,-32.241615,-29.169073,-24.224016,-21.421984,-21.206171,-22.78785,-25.174486,-26.997314,-21.038498,-20.135729,-20.988398,-19.348024,-18.322474,-21.418144,-24.418772,-27.627163,-29.076385,-32.221478,-34.1041,-33.22669,-31.692839,-31.34074,-26.33773,-22.322937,-15.047028,-11.131197,-11.610451,-15.927925,-21.189806,-21.49284,-19.60661,-19.044018,-18.570293,-18.629896,-19.57781,-21.57202,-21.459011,-20.666372,-22.84815,-22.53299,-23.289005,-25.881798,-29.661308,-30.76706,-29.456661,-27.506317,-27.52972,-26.712898,-26.852625,-27.664726,-27.291431,-26.270897,-26.272957,-26.334084,-26.098492,-25.928818,-27.61259,-28.948553,-31.358053,-32.222244,-28.092693,-27.884748,-30.986485,-34.15452,-34.570724,-33.025146,-33.267746,-35.6955,-37.406727,-37.58571,-37.915253,-35.94791,-34.85624,-33.79152,-35.176476,-32.41052,-32.079014,-31.221418,-31.338404,-31.100626,-31.602715,-30.630924,-30.796085,-31.846832,-29.948627,-25.131319,-25.433575,-27.358696,-30.18766,-35.697346,-38.854706,-34.558178,-31.64082,-34.87577,-38.04486,-41.401962,-42.859863,-37.221924,-35.029778,-32.23067,-34.46856,-35.97057,-35.403908,-37.059685,-37.688545,-36.858917,-37.609173,-36.287502,-32.65425,-26.218975,-25.253065,-30.014133,-31.43238,-34.003227,-33.323395,-33.305748,-34.915253,-34.86638,-37.215416,-35.246128,-35.119675,-35.522743,-32.00084,-34.600544,-38.95703,-39.85823,-38.526302,-36.41263,-30.167658,-28.700102,-32.896095,-35.898556,-32.045444,-29.27665,-25.596027,-24.74369,-27.159359,-31.370573,-35.373608,-36.638344,-41.736965,-47.363274,-48.437115,-39.66076,-39.04326,-47.40085,-48.60973,-49.19161,-52.198196,-52.018394,-43.899544,-17.440657,-9.018414,-9.256181,-15.487169,-20.731087,-21.643621,-18.693607,-17.232225,-19.085909,-21.00336,-19.802008,-19.074621,-20.944721,-22.574127,-28.287518,-31.082241,-31.565052,-30.646832,-31.462883,-30.502403,-31.959518,-29.945648,-21.81319,-17.531513,-17.808407,-18.703917,-20.563776,-29.03156,-34.23314,-33.525948,-35.120365,-37.836777,-28.189327,-24.501595,-26.454685,-30.4855,-31.048729,-29.138193,-30.377596,-34.22857,-38.526005,-41.744804,-44.09133,-42.421997,-36.457302,-35.15825,-35.610527,-30.807503,-26.94927,-25.88083,-27.831793,-29.42025,-32.330658,-33.209175,-35.839752,-36.51243,-36.482677,-33.212036,-25.496223,-23.649815,-28.776287,-30.819971,-31.704847,-35.799953,-37.780754,-39.365993,-41.75654,-38.01898,-37.238205,-37.797234,-37.629143,-41.356373,-44.663246,-42.537704,-37.576897,-36.86377,-35.607677,-37.016953,-37.52283,-36.56788,-35.533493,-36.27767,-38.656048,-28.413845,-24.484446,-27.445724,-33.426754,-36.058865,-35.981564,-35.184425,-34.98225,-33.35682,-36.73921,-40.537907,-42.646755,-38.053764,-31.070759,-30.98154,-31.82369,-30.864725,-29.016788,-29.574722,-34.194195,-35.691433,-35.062748,-30.236328,-27.968159,-33.11985,-32.72691,-25.855442,-27.70861,-29.14651,-29.086637,-28.403687,-30.586987,-36.64462,-38.572727,-35.2145,-31.27492,-29.197119,-28.378428,-29.90538,-36.650738,-39.531723,-36.910854,-30.684238,-27.950378,-27.984829,-30.066319,-33.879124,-36.569225,-36.295048,-33.141235,-31.035503,-24.16793,-22.967836,-27.258633,-29.020298,-29.773932,-26.544907,-26.928005,-29.271656,-31.899593,-33.01142,-30.506594,-29.100706,-30.119226,-32.407722,-35.499477,-36.944916,-33.20213,-30.688944,-33.183197,-32.988705,-30.983927,-29.35829,-28.521975,-28.532341,-28.300613,-27.97895,-24.335442,-24.42554,-27.702293,-35.068054,-41.036522,-45.324894,-46.42393,-46.201935,-46.537292,-48.62942,-52.198196,-52.198196,-52.198196,-51.28286,-52.198196,-52.198196,-51.632305,-51.907738,-51.302494,-52.198196,-52.198196,-52.198196,-50.92784,-36.17624,-28.60292,-25.320652,-24.790575,-26.510744,-29.31384,-24.449558,-20.586786,-15.019762,-11.854161,-13.07768,-12.187852,-13.67475,-20.437069,-20.920853,-21.27804,-24.563461,-30.299412,-18.5169,-13.88669,-17.082384,-25.287777,-25.860062,-22.912064,-24.72704,-26.744621,-27.645016,-25.721664,-23.945309,-27.81678,-21.4713,-17.45539,-19.236048,-17.46138,-18.292028,-21.125452,-20.428406,-21.74142,-24.292967,-31.40068,-32.986618,-11.895866,-4.272292,-5.2141995,-7.801456,-13.356327,-18.635323,-16.773907,-18.020025,-20.531647,-21.111313,-23.666283,-22.232338,-21.852524,-23.670633,-26.33626,-28.779886,-33.347286,-34.454914,-32.52977,-35.03936,-35.80604,-38.821762,-39.309765,-38.29311,-39.797302,-39.222874,-38.020638,-39.715076,-38.011234,-34.573395,-34.19177,-36.01485,-39.786175,-41.28659,-41.725647,-39.7182,-32.35779,-30.079424,-30.763485,-29.975283,-30.57646,-35.0978,-36.81185,-32.60829,-31.92453,-34.009846,-40.646927,-38.186596,-35.297745,-35.254295,-39.26619,-45.004066,-39.309273,-35.99546,-39.291195,-42.975395,-34.96628,-29.056026,-16.13382,-9.341528,-10.063614,-14.682532,-15.149168,-16.358576,-24.209412,-23.10253,-10.977393,-7.516339,-8.911018,-12.186409,-13.957524,-19.749172,-25.563147,-26.827887,-26.687298,-24.563389,-23.036148,-23.5206,-27.502546,-31.240065,-28.804153,-27.748291,-29.359898,-33.788124,-35.979683,-30.08436,-29.146873,-31.668875,-31.553991,-31.667778,-30.96694,-29.821877,-30.560692,-33.45001,-36.46703,-37.881252,-37.44832,-37.44817,-36.97695,-35.792206,-34.52829,-33.80648,-34.88339,-36.686993,-34.56493,-32.577946,-31.27314,-32.965374,-33.229656,-29.773243,-23.35123,-24.176178,-31.436459,-29.756657,-30.081848,-33.22737,-33.843227,-33.602776,-32.823692,-32.81053,-34.08612,-33.852634,-32.14885,-32.166298,-32.435444,-32.83707,-32.150085,-30.847647,-31.319595,-31.5677,-34.39362,-35.104042,-37.225616,-40.846066,-40.739407,-38.72737,-33.026157,-26.731527,-27.073915,-32.68039,-34.09862,-33.981674,-34.51071,-28.831701,-22.492163,-21.778385,-25.994503,-31.913118,-39.265686,-37.37914,-31.150696,-30.74245,-36.85922,-35.915333,-36.17642,-40.74274,-44.51159,-41.47596,-39.193073,-40.63044,-36.657223,-27.100992,-25.399548,-28.18694,-30.638239,-36.70619,-38.89068,-41.0833,-42.968964,-44.45578,-36.302296,-33.277027,-39.32777,-40.85929,-41.971554,-41.115425,-40.809208,-41.484734,-25.699396,-23.123657,-29.338867,-35.809658,-39.467598,-38.524643,-39.314735,-31.75516,-27.578695,-24.841084,-21.52946,-23.079195,-24.018747,-21.04925,-20.790718,-21.350784,-23.004784,-27.456057,-31.721365,-30.646841,-29.950562,-29.114136,-30.115273,-32.233036,-33.05073,-33.360256,-30.260952,-29.865421,-29.828354,-33.40438,-37.454304,-33.64148,-31.239376,-27.765713,-24.495113,-25.74545,-28.00762,-32.821396,-32.11942,-29.16338,-30.277555,-34.579994,-36.182804,-32.486427,-30.742836,-32.094604,-37.091595,-39.323494,-35.096897,-33.709343,-36.747322,-37.79547,-35.369957,-35.942955,-37.125698,-39.40475,-39.97983,-38.694386,-33.500076,-28.363018,-29.054493,-28.537092,-32.74383,-32.9316,-36.54816,-40.806915,-45.0867,-48.131985,-48.87074,-49.598938,-50.72016,-47.64053,-45.291862,-47.805157,-48.315907,-44.172386,-38.373154,-34.300434,-33.08922,-33.436935,-37.995697,-37.398315,-28.172386,-25.243626,-20.892984,-20.501516,-25.276276,-34.160885,-38.19491,-34.656452,-29.838718,-30.386381,-31.393414,-33.312954,-38.622326,-42.068726,-38.755535,-38.404526,-37.268784,-32.901848,-34.963676,-36.838047,-38.075832,-35.801697,-36.65874,-40.404305,-38.263542,-31.486778,-27.922962,-29.646965,-36.695152,-41.811695,-42.208862,-38.113037,-36.673824,-35.022995,-32.047142,-34.24911,-32.518707,-26.320911,-24.254467,-29.063108,-27.524387,-21.455462,-21.164856,-19.967796,-19.623062,-14.353872,-11.7860775,-12.66769,-13.500437,-16.865913,-18.385044,-22.571823,-25.29778,-27.085001,-27.726679,-29.13227,-26.879536,-29.8713,-38.294643,-39.284264,-39.0245,-37.442993,-34.567383,-37.35665,-36.987976,-36.57017,-38.39726,-36.481834,-34.806355,-35.474197,-36.663174,-35.621727,-36.721535,-33.823383,-33.65381,-32.083412,-31.635897,-36.443077,-36.978664,-37.377228,-38.916348,-40.931145,-39.870647,-41.052586,-41.784225,-40.53448,-40.608284,-43.52681,-47.636143,-46.336914,-44.673695,-45.20666,-47.55543,-44.999527,-42.564793,-36.104618,-34.11918,-31.369104,-24.694344,-25.134819,-30.881847,-35.44066,-36.816536,-38.328915,-39.944054,-41.589622,-44.758545,-47.290375,-49.1765,-45.174393,-43.684334,-43.957638,-42.69464,-41.48577,-37.770523,-34.061638,-29.889252,-20.03696,-22.045992,-36.0715,-39.623764,-35.326656,-30.662346,-22.601488,-17.774233,-21.10386,-20.463125,-17.93575,-18.368492,-21.038647,-24.694519,-30.537119,-36.073803,-39.9636,-35.282646,-24.435923,-25.672356,-36.839973,-41.027138,-38.774956,-37.16565,-34.31206,-31.472157,-37.225014,-41.672016,-37.65142,-31.51363,-26.387611,-28.858128,-33.929783,-37.849495,-38.992645,-37.131393,-34.07936,-34.236397,-37.954765,-39.94439,-43.57775,-43.327568,-40.937008,-45.055183,-48.869724,-40.366333,-35.987827,-37.966152,-35.28762,-29.631428,-29.491167,-33.739403,-35.864586,-33.080635,-30.68635,-27.101276,-28.377096,-32.892235,-38.883205,-40.90225,-41.311527,-44.137936,-45.49962,-46.26552,-42.60962,-43.590282,-48.16796,-48.361057,-36.53602,-24.002932,-15.911998,-14.897499,-19.557674,-23.423166,-20.597301,-20.50911,-13.391937,-5.843896,-2.9917345,-1.7299051,-1.1243571,-0.9285741,-1.2242804,-0.9290943,-1.7547326,-3.1840286,-4.0496573,-5.567828,-7.7906494,-8.702905,-10.091482,-11.032706,-9.977305,-9.788853,-10.528036,-11.878014,-14.364428,-13.933756,-13.568883,-14.289695,-14.360885,-14.104736,-16.201626,-21.895124,-23.452816,-20.305698,-22.529678,-25.722654,-27.630117,-26.104757,-25.492996,-25.009691,-26.501915,-25.79855,-24.83723,-27.841026,-34.26709,-32.93219,-30.723919,-32.80535,-35.357002,-33.292,-32.479794,-32.957737,-34.660347,-35.440754,-35.80327,-35.77265,-30.68877,-27.890274,-31.389137,-33.494286,-34.886494,-31.975136,-26.032772,-28.50522,-31.874092,-22.50144,-23.254818,-29.980402,-32.958076,-32.922394,-32.64909,-24.882809,-18.931444,-16.099247,-18.481112,-27.12324,-40.48326,-34.626633,-24.64904,-21.636162,-23.265728,-24.823492,-29.67264,-33.172848,-31.01265,-29.839037,-30.838192,-29.796093,-31.87751,-38.779995,-43.05697,-40.68065,-37.729755,-38.13115,-40.17273,-43.550697,-45.759502,-47.539803,-48.167427,-48.084396,-49.564854,-46.431526,-42.59892,-45.214066,-35.111744,-29.30196,-26.132362,-28.590525,-36.257565,-36.50254
-42.30042,-45.11597,-48.275585,-49.883083,-46.317787,-34.121716,-32.703747,-42.259987,-51.99685,-50.796906,-49.876,-45.316483,-37.921272,-38.57905,-39.548794,-31.574902,-28.333685,-26.84682,-24.636497,-22.941492,-11.670982,-0.27306503,4.435644,4.1064954,2.8323889,2.6945722,1.7649033,1.6794604,0.092045605,-6.939767,-17.420639,-20.766785,-24.549973,-16.61025,-5.9398746,-2.392235,-3.1520402,-3.6069198,-3.368503,-6.490894,-17.05375,-24.9648,-13.79166,-8.146936,-6.759319,-7.039456,-7.6947346,-8.072204,-9.5880785,-12.829656,-15.513933,-18.75317,-25.13753,-23.75626,-26.148613,-30.757378,-33.10777,-33.96891,-35.120007,-34.957703,-34.600216,-35.229008,-35.66079,-33.85889,-35.138878,-33.95941,-34.107765,-37.207466,-40.95224,-29.429157,-26.117447,-28.222467,-31.326195,-35.002663,-36.65809,-38.275467,-40.776207,-42.72833,-43.89216,-38.74042,-39.10726,-41.152054,-42.942932,-42.23644,-36.04146,-31.756258,-34.24378,-36.25209,-34.2455,-33.30186,-33.711136,-33.379364,-35.47252,-31.918037,-29.117603,-27.718668,-28.675795,-31.524591,-36.23022,-40.607864,-38.988045,-36.353325,-38.11884,-37.330086,-39.128475,-40.41628,-41.457783,-38.837402,-38.01462,-35.638462,-31.463356,-33.30008,-35.113716,-30.094652,-27.22462,-26.119839,-27.096483,-32.598526,-34.81008,-26.802376,-26.463224,-29.02954,-31.09517,-35.952984,-37.27457,-34.78663,-33.34865,-31.344704,-34.860672,-39.71032,-40.04929,-39.42649,-41.067635,-31.744572,-27.052982,-27.875896,-26.651543,-27.164192,-35.448277,-43.801147,-38.87575,-32.536068,-31.1953,-26.214848,-24.199125,-26.172466,-29.835812,-32.24525,-32.539783,-34.817776,-37.80331,-36.62025,-35.713882,-37.10826,-42.23188,-39.120895,-39.571625,-39.79188,-40.059288,-43.13213,-43.566162,-38.76508,-37.91212,-36.686794,-38.041103,-39.734528,-41.91379,-37.663998,-27.927605,-24.546621,-26.80847,-31.951702,-35.204243,-38.47199,-39.179234,-39.386208,-42.408024,-39.051384,-32.206425,-33.430332,-36.970505,-37.60813,-39.55299,-38.954773,-40.46254,-43.0494,-38.486904,-35.348545,-35.75106,-33.11068,-32.90394,-36.094826,-36.90765,-28.805868,-25.223282,-26.335592,-29.690592,-31.106789,-33.150818,-37.1268,-36.091537,-34.239193,-34.97522,-36.00482,-36.959602,-28.357769,-23.479378,-26.791498,-32.422287,-32.41593,-30.941158,-32.718338,-35.670418,-33.531372,-34.440804,-34.181362,-33.089188,-33.281197,-26.1749,-24.716042,-27.608282,-32.37131,-34.117424,-36.221622,-39.511337,-40.97671,-37.742245,-35.848015,-34.6614,-37.40225,-39.918785,-41.328888,-41.469917,-37.73302,-34.79919,-33.108124,-33.321655,-38.95125,-43.185516,-43.274574,-38.925053,-34.496147,-31.675312,-27.81553,-25.243082,-27.922794,-32.468636,-35.181347,-35.101265,-31.03534,-31.265448,-36.043858,-42.616493,-37.672005,-35.25949,-35.737106,-38.411797,-36.73175,-32.948486,-32.09556,-28.074705,-26.2762,-28.076569,-30.96799,-32.623512,-34.910553,-38.230904,-36.91091,-30.385897,-25.379782,-25.982954,-31.357677,-35.75554,-37.970062,-41.562824,-42.6504,-42.610962,-37.95282,-35.985992,-40.108658,-41.69384,-39.278606,-34.277824,-29.750603,-29.038345,-32.645237,-43.571724,-45.626244,-43.11624,-40.085686,-35.135796,-31.676008,-31.275654,-25.560333,-23.825579,-29.304337,-37.860096,-42.196983,-44.69314,-45.191742,-45.68309,-47.545094,-48.993664,-50.68963,-51.797997,-52.198196,-52.198196,-51.770473,-47.888687,-47.277252,-37.237686,-30.48413,-29.749329,-31.278612,-33.457077,-35.147625,-31.651133,-27.743214,-23.257988,-13.660387,-10.007228,-9.51876,-12.73254,-22.62578,-22.69168,-22.436989,-23.18575,-20.175331,-20.353594,-25.828106,-23.593079,-20.114134,-15.303525,-11.42558,-12.079716,-14.4741,-18.437752,-20.886871,-9.268348,-6.202212,-8.868822,-10.556534,-9.423618,-15.345593,-25.53643,-26.17509,-29.037338,-26.360815,-23.184498,-25.289463,-23.880718,-25.532482,-26.606949,-20.656881,-16.845188,-15.730418,-17.142393,-23.48466,-34.416157,-29.34765,-27.67694,-28.455381,-28.537956,-27.94981,-27.611736,-28.004972,-24.369944,-20.538887,-17.486794,-16.999844,-20.153416,-23.46572,-26.362885,-26.742937,-26.057299,-29.705528,-33.96203,-36.107807,-33.242355,-31.051281,-27.092484,-26.288933,-30.260698,-30.093615,-23.874779,-21.587736,-23.268011,-20.640013,-17.983582,-17.609728,-18.091862,-19.356081,-21.036232,-21.018532,-19.251513,-19.763977,-21.927517,-21.993458,-22.693382,-25.702606,-29.789629,-30.41667,-28.290985,-25.896896,-25.409843,-24.901306,-25.135006,-26.26108,-26.057617,-24.755905,-25.021334,-24.94114,-24.398115,-23.903408,-25.069025,-26.222744,-28.436892,-31.073795,-28.685928,-27.18214,-28.689758,-32.71725,-36.63985,-34.22891,-31.362345,-32.868774,-34.551815,-35.636566,-38.815834,-39.3536,-33.39397,-32.824112,-34.20092,-31.336954,-30.546684,-29.901638,-30.357096,-29.915752,-29.52138,-28.294058,-28.463633,-29.447803,-29.52322,-24.717352,-21.969234,-24.836409,-29.080294,-33.49366,-36.535267,-32.66549,-30.30325,-33.555264,-38.42044,-44.058334,-44.74947,-39.867092,-37.71958,-34.402058,-33.31391,-33.211723,-32.698074,-34.70256,-34.614594,-35.244415,-38.763767,-36.918762,-35.28061,-30.685822,-28.377867,-30.49597,-32.964317,-34.566185,-33.351696,-33.681087,-36.69741,-36.984364,-38.749233,-37.53999,-36.73541,-35.831207,-30.999376,-31.89798,-37.684143,-39.6708,-38.220787,-35.141388,-31.36787,-30.743437,-36.137215,-39.455425,-40.930733,-32.79988,-26.240467,-25.84342,-28.804955,-32.29531,-36.378357,-39.603916,-43.495567,-46.053394,-47.42122,-45.538425,-43.944923,-47.179028,-48.54252,-47.68057,-51.046326,-52.198196,-45.327106,-18.33422,-10.279181,-11.065393,-18.363379,-22.215784,-22.397451,-20.702133,-18.884695,-19.883482,-21.103926,-23.876314,-27.643593,-30.647505,-30.082853,-30.955412,-24.833076,-21.466791,-18.7748,-17.132284,-18.058882,-24.481516,-32.485146,-29.685362,-33.660614,-36.765587,-33.759705,-30.445545,-33.25584,-31.161064,-26.801445,-22.97128,-22.634623,-25.728388,-23.293772,-21.235826,-25.69296,-34.13997,-37.040848,-36.712105,-34.585953,-36.58423,-39.135822,-39.94477,-34.743965,-31.411488,-34.131428,-36.544712,-33.151115,-34.830215,-39.455505,-34.50392,-30.011042,-33.348373,-38.59633,-39.28138,-40.654835,-42.935772,-37.97515,-26.188011,-22.963112,-27.170008,-31.691172,-31.48346,-32.804405,-38.264206,-42.47651,-42.62209,-38.606064,-37.697033,-37.070896,-39.82921,-43.352776,-43.640076,-41.123753,-37.10185,-35.20388,-35.828083,-40.06285,-39.702484,-41.605946,-40.152893,-36.061565,-34.621017,-27.236338,-24.560698,-27.143711,-29.205097,-33.39308,-34.712673,-37.00799,-40.21054,-37.92081,-36.85839,-39.58362,-43.297424,-36.095985,-31.556055,-35.11557,-39.73834,-37.89046,-31.507973,-31.53173,-34.662468,-35.303284,-31.939327,-32.34677,-34.678837,-38.778355,-35.649887,-25.54529,-24.961117,-31.179852,-33.488655,-30.528315,-29.524258,-36.759075,-38.54794,-35.003464,-36.57947,-37.03278,-36.3723,-37.533142,-40.267822,-37.689926,-35.1798,-32.866856,-30.954277,-33.465496,-35.95228,-34.297215,-33.03927,-32.96938,-33.240314,-32.125916,-25.49577,-22.304981,-25.804558,-30.554077,-32.23448,-34.933735,-34.827145,-30.761871,-31.470455,-35.59481,-34.727577,-34.862926,-35.08243,-36.084564,-38.358574,-36.91484,-33.6223,-32.212013,-32.399334,-32.98645,-33.39267,-31.560665,-30.104721,-30.187567,-31.449701,-29.466545,-26.471237,-26.853703,-28.981709,-34.348904,-41.015743,-42.801826,-47.66464,-48.94075,-48.012543,-50.765434,-52.198196,-51.301174,-49.840908,-52.198196,-52.198196,-52.198196,-52.019356,-52.198196,-51.461136,-50.36262,-50.325695,-51.223988,-52.198196,-37.015675,-25.913126,-22.653217,-21.260326,-21.975096,-24.828625,-23.231415,-20.49767,-21.68042,-20.600777,-16.059994,-14.662992,-16.54688,-21.608027,-24.07257,-25.061565,-26.569956,-32.469795,-16.472599,-6.6323943,-2.7685308,-2.266655,-4.105212,-5.8480806,-7.2199516,-10.695646,-15.404569,-15.748478,-19.63504,-24.827768,-21.01801,-18.045258,-17.179903,-14.112871,-12.530888,-13.330316,-16.484959,-24.573624,-26.215906,-29.993351,-27.285194,-10.999192,-3.6601443,-5.9464192,-9.465121,-14.810449,-20.435078,-17.777842,-17.964054,-19.326061,-18.914497,-21.380676,-22.469522,-21.672915,-22.257534,-25.847416,-29.385742,-31.27264,-33.164116,-33.108635,-34.918884,-35.54197,-36.656185,-36.68433,-36.58547,-35.317886,-35.00083,-36.165718,-38.731052,-36.52369,-31.912445,-31.126244,-34.697456,-39.201885,-37.158386,-39.206432,-42.525593,-35.105396,-31.74077,-33.025898,-36.34026,-40.10504,-42.63008,-44.194366,-44.41501,-44.72427,-45.08883,-47.917652,-48.429222,-46.375023,-45.84536,-48.108746,-50.93274,-47.23042,-45.53823,-50.02717,-48.248253,-32.16988,-23.703997,-26.135002,-27.511238,-19.854986,-17.54397,-16.774601,-19.579193,-27.99862,-33.504025,-30.316256,-32.22516,-38.569054,-37.966137,-35.666996,-35.25356,-36.093273,-34.853786,-37.99856,-36.759182,-35.589516,-35.011246,-38.42518,-37.13549,-30.423115,-23.987297,-23.790941,-26.441048,-29.802204,-31.855639,-29.704277,-28.74208,-34.09527,-38.996704,-40.947716,-40.949024,-41.3975,-39.20101,-40.837006,-42.68837,-42.11225,-43.83841,-44.67255,-44.542328,-46.446682,-45.086174,-44.56225,-44.39321,-42.50683,-40.17341,-40.2333,-40.300755,-42.490845,-36.63041,-31.31358,-28.966208,-31.397835,-37.30393,-38.355835,-40.683956,-42.40914,-41.623383,-43.362373,-41.667324,-41.061825,-39.945503,-41.71715,-46.568375,-45.870644,-43.2847,-43.39904,-43.91039,-40.822124,-38.02882,-37.16626,-40.076096,-42.32214,-41.48024,-41.855927,-43.061813,-33.981274,-26.9736,-26.336517,-30.562862,-34.82009,-36.33686,-36.27471,-39.270107,-40.357025,-40.441875,-41.682266,-42.07615,-45.79952,-43.354343,-39.976395,-39.393784,-42.64977,-42.436745,-39.635437,-40.214905,-37.018417,-38.70378,-43.313538,-42.854446,-37.31179,-29.077148,-25.80476,-27.321537,-30.461113,-34.187763,-38.145767,-41.35354,-41.32336,-39.616085,-38.407024,-39.454914,-42.032795,-37.66708,-37.551086,-41.110435,-42.940388,-43.707176,-31.461235,-28.263134,-30.939632,-35.289673,-38.377903,-41.7305,-42.911335,-40.916157,-33.500816,-26.296349,-24.657776,-27.351856,-30.481934,-28.941269,-28.707317,-28.226036,-29.983904,-34.798523,-40.016613,-38.932312,-38.80278,-38.475853,-38.36469,-38.06997,-37.663654,-38.493355,-38.702713,-36.19431,-36.67222,-38.51725,-35.51775,-32.959373,-34.48519,-28.684246,-24.190798,-25.613953,-28.845428,-32.937614,-37.222084,-38.98078,-39.569305,-44.149345,-46.609245,-43.697124,-42.122116,-42.677612,-45.3552,-47.479767,-45.993065,-41.984917,-42.294773,-40.01371,-34.47468,-34.86367,-40.706985,-42.859085,-42.59724,-40.162807,-28.44526,-24.433935,-27.477257,-29.315197,-33.519966,-39.277603,-39.31356,-41.48223,-45.36625,-47.786488,-49.336582,-49.96069,-50.86261,-43.27485,-39.96625,-45.730762,-48.87003,-44.522537,-36.4046,-33.07688,-31.956007,-34.980263,-39.49925,-37.88777,-27.855865,-25.802608,-27.211147,-30.902645,-34.123737,-35.342934,-38.494843,-31.998919,-28.803185,-34.989666,-39.551193,-38.508625,-42.960075,-44.61849,-44.32188,-45.40927,-34.61404,-30.314476,-33.218002,-35.61431,-36.344982,-36.59431,-37.876057,-41.796356,-40.73044,-31.470093,-27.991228,-30.138533,-36.618008,-40.17151,-43.488194,-39.916462,-36.08795,-35.019085,-35.537086,-34.874855,-32.54819,-32.293556,-32.920097,-33.45285,-28.388496,-25.204487,-24.129189,-21.161503,-20.749865,-23.097105,-26.511017,-26.55326,-24.267967,-18.082968,-14.36413,-14.155437,-21.23707,-27.668133,-28.06719,-23.113758,-20.36905,-26.29507,-37.817272,-41.477493,-38.252956,-33.827805,-31.821108,-36.28161,-35.07611,-34.405144,-36.48705,-38.28147,-35.201805,-36.289097,-43.115852,-44.160122,-39.80085,-32.45955,-29.641487,-31.120571,-35.541393,-39.61402,-39.465004,-38.028008,-40.178635,-45.11398,-44.675346,-43.292393,-43.521225,-40.188286,-42.302284,-43.26819,-43.761906,-43.54652,-41.968216,-42.444595,-43.06658,-40.70751,-39.237103,-40.249405,-40.19522,-32.170643,-24.154564,-22.562143,-27.87045,-34.041763,-39.71108,-41.379387,-42.26,-39.912678,-41.379448,-45.075897,-50.251503,-48.346222,-44.276306,-43.756985,-42.699287,-41.400375,-39.767902,-36.141453,-33.94641,-26.125782,-27.328426,-37.847927,-41.921688,-40.88987,-33.71877,-27.194592,-24.933357,-26.981285,-30.506939,-28.23222,-28.12606,-29.725315,-32.569702,-38.704914,-43.40984,-43.05844,-37.8319,-29.713266,-30.37053,-38.82982,-42.57061,-42.490746,-41.906616,-36.25378,-32.276848,-39.26018,-45.064476,-38.57028,-32.436966,-28.26273,-28.138912,-31.91476,-36.435757,-38.6278,-36.575966,-33.781017,-34.55295,-37.599976,-38.10169,-41.075726,-45.161167,-42.64643,-42.58146,-47.64106,-39.01047,-34.79369,-37.1022,-37.81548,-38.649246,-39.887825,-43.1849,-44.91691,-41.911694,-32.46799,-28.189556,-28.029175,-30.450836,-35.902172,-40.79508,-42.606567,-43.567562,-46.463837,-47.780846,-42.883877,-42.302242,-47.794018,-49.968636,-37.61192,-26.840206,-25.129616,-22.586205,-21.104847,-21.273577,-21.29589,-24.142418,-25.948189,-25.438686,-24.35025,-15.802459,-12.405787,-10.537205,-8.962891,-6.2384677,-4.3311872,-3.475968,-2.4539423,-2.192019,-2.493055,-2.3378623,-2.7513196,-3.0638957,-2.4902554,-2.4210584,-3.2903118,-3.824115,-5.3340583,-5.9684944,-6.171637,-7.157263,-7.668521,-7.0599318,-7.916215,-11.55714,-13.574385,-10.652666,-12.0273285,-14.1446705,-14.176537,-13.423721,-14.333063,-14.010015,-14.294552,-14.151391,-13.948668,-15.115227,-16.219799,-16.863815,-16.456936,-16.549181,-17.206242,-17.157314,-17.349987,-17.486012,-18.053875,-18.816467,-18.68401,-19.293318,-18.536125,-17.907135,-18.161617,-18.860653,-19.553093,-18.057869,-19.316689,-27.534946,-31.10991,-20.153828,-13.597185,-13.15789,-16.158113,-23.26953,-32.163612,-31.77649,-32.529907,-29.151173,-28.999804,-34.151035,-40.243565,-37.748943,-36.60838,-33.38505,-26.280266,-25.14812,-29.116652,-34.467842,-37.37862,-36.840385,-37.17278,-38.162567,-40.542255,-41.818535,-39.877407,-37.61229,-36.823624,-40.284264,-40.978638,-39.980835,-40.463825,-44.10133,-45.22541,-44.704636,-46.132236,-46.39731,-45.159416,-43.790775,-35.243126,-28.869284,-28.45797,-33.246616,-35.517372,-38.093857
-38.25567,-39.619484,-43.805992,-46.841427,-45.03975,-36.18058,-35.07359,-44.716064,-52.198196,-51.264095,-51.53616,-45.45246,-36.232758,-32.403137,-32.864326,-36.92952,-28.097752,-23.38324,-22.203558,-23.731354,-23.603012,-21.15002,-20.345926,-16.725922,-8.118426,-3.846576,-2.7831922,-3.0944488,-6.1585703,-14.634342,-24.03059,-29.197762,-34.635845,-26.50003,-18.318699,-10.486498,-8.237859,-9.001798,-10.2604685,-13.967582,-24.789198,-33.929665,-25.428732,-18.712345,-13.941165,-12.466773,-12.384747,-13.2455635,-15.478333,-17.81921,-18.532974,-21.46466,-27.239962,-26.270494,-29.32866,-34.536133,-34.11009,-33.33253,-34.524483,-35.61367,-34.073326,-32.824677,-31.502087,-28.012611,-28.89704,-32.864586,-36.54221,-35.83264,-37.22616,-30.090254,-26.248999,-25.147799,-28.843029,-34.81174,-34.15237,-34.47871,-39.858402,-44.348976,-45.213768,-38.628307,-35.803967,-35.227608,-39.43129,-39.888626,-35.802513,-34.167377,-36.40471,-37.548557,-35.054092,-35.296143,-35.337727,-39.470413,-43.175205,-36.072258,-26.229816,-19.235905,-20.821945,-30.110668,-33.39994,-36.90159,-39.797672,-38.50041,-38.877266,-41.14392,-42.58155,-42.89028,-43.586926,-38.040287,-36.85654,-38.112957,-36.404263,-36.4964,-34.108612,-34.194088,-35.198853,-32.38015,-31.506853,-35.712975,-36.39263,-27.711641,-27.466194,-31.618946,-34.04025,-36.614044,-39.389988,-36.1326,-32.683598,-29.725132,-34.47268,-39.06162,-39.965942,-39.49014,-39.45421,-32.575928,-28.796783,-29.009949,-27.706163,-28.051151,-35.96501,-41.661583,-38.160263,-34.732113,-31.101303,-22.847134,-21.062473,-26.2342,-32.250717,-37.179474,-39.5782,-41.63343,-42.74003,-44.405396,-43.748,-41.58049,-44.571304,-42.867283,-42.963108,-41.615658,-40.109856,-44.69284,-44.7902,-38.30908,-36.64066,-38.558723,-40.244007,-40.36637,-42.212044,-37.012154,-26.005337,-22.154778,-23.823498,-27.12124,-31.15859,-37.0214,-39.49928,-39.427612,-41.863155,-41.196484,-40.038063,-37.51056,-33.98274,-34.55442,-33.979786,-30.277617,-31.53451,-38.29196,-40.385895,-36.35768,-36.356194,-32.862564,-31.929825,-34.77326,-31.506477,-24.486443,-20.788794,-21.709215,-27.952278,-29.492912,-34.18381,-39.31943,-39.91983,-43.26691,-39.869923,-38.46884,-38.64365,-31.513832,-28.466412,-31.810255,-35.901634,-34.548992,-31.980988,-31.173037,-34.455498,-35.37284,-30.602743,-29.585144,-34.194828,-33.73664,-24.851065,-21.713985,-24.348068,-28.53545,-31.822132,-33.81009,-37.434025,-37.174946,-34.786247,-33.330788,-32.67196,-36.527306,-36.530895,-36.608,-37.388176,-37.188343,-33.823963,-33.054585,-33.91662,-37.152054,-41.495567,-42.14598,-40.732822,-35.934036,-27.998936,-20.950333,-18.937195,-22.739107,-28.595182,-30.3772,-33.22961,-31.434393,-32.355682,-33.391453,-33.63969,-33.972317,-34.992123,-33.903812,-34.34418,-35.443836,-34.586655,-33.16851,-30.381966,-31.4171,-32.971497,-32.961975,-32.869377,-36.405388,-33.892838,-32.620064,-27.931795,-20.697805,-21.253628,-26.997105,-32.291714,-35.75128,-37.73729,-40.999397,-43.442276,-40.48122,-37.736973,-38.38977,-40.161583,-38.184467,-31.957767,-28.89571,-30.16284,-35.85512,-44.24997,-45.84304,-43.58295,-38.85459,-35.350807,-31.71424,-29.526402,-23.464756,-20.911488,-24.909454,-33.229523,-36.904068,-40.585003,-43.43091,-44.08752,-46.928635,-48.895584,-49.282757,-49.30267,-50.302345,-51.161873,-51.294346,-47.79492,-45.00084,-33.05877,-30.74046,-33.993267,-39.899048,-43.50742,-47.068726,-34.13959,-26.611732,-25.287188,-24.811049,-23.770954,-23.853035,-24.477833,-28.979128,-23.508894,-20.796734,-24.250534,-29.78195,-26.438457,-26.285637,-28.917133,-25.18833,-26.042536,-23.545567,-18.924706,-19.113153,-23.840038,-27.781458,-18.40356,-11.319647,-9.067564,-8.598137,-10.201415,-18.657999,-24.696692,-26.199389,-29.653988,-25.874325,-17.86924,-17.310854,-22.36675,-23.394741,-22.844185,-23.709969,-29.17912,-32.828594,-28.955019,-28.979515,-33.96143,-27.772314,-25.114208,-23.49409,-22.774338,-23.508242,-24.860073,-22.41513,-23.224737,-26.479408,-25.9767,-21.187374,-18.691021,-22.110928,-26.798174,-26.230072,-26.597157,-28.736887,-31.86507,-31.78688,-31.161955,-29.907013,-28.558582,-23.725231,-18.667591,-16.916471,-19.8979,-27.802782,-29.899902,-30.3812,-32.372284,-32.066254,-31.455957,-33.035065,-32.08941,-21.309177,-18.095606,-21.187992,-24.822437,-33.125603,-36.60962,-35.87538,-35.308346,-33.811737,-36.751102,-36.208412,-34.667625,-35.108597,-37.531364,-38.256325,-39.40799,-35.703503,-33.194584,-32.943,-34.56616,-35.44347,-38.904522,-38.469368,-38.11424,-33.275856,-28.378815,-26.310785,-30.760826,-34.270443,-37.91255,-38.833874,-40.15172,-39.683422,-39.61884,-38.876373,-39.39241,-39.610073,-38.167397,-38.84422,-41.477566,-41.24108,-39.297916,-39.217335,-40.01513,-40.072002,-39.991554,-41.370575,-41.560387,-42.222702,-36.518208,-25.536263,-19.879606,-21.829264,-27.639996,-32.34193,-37.562977,-40.096554,-40.889206,-41.14779,-41.34738,-43.90055,-45.177475,-37.561653,-34.76276,-33.062473,-33.823208,-33.297348,-32.94366,-34.53898,-35.447132,-38.41018,-40.785366,-35.128872,-32.79239,-28.373386,-24.932898,-26.110958,-31.678165,-33.135345,-35.448883,-34.46993,-36.783257,-36.9537,-39.04651,-35.96879,-32.975918,-32.59949,-29.896225,-31.169373,-34.016075,-38.404484,-39.02478,-35.998108,-34.929382,-37.147526,-40.52398,-40.33094,-39.61938,-31.849176,-25.720573,-25.698112,-24.44785,-27.518883,-34.25838,-41.58522,-41.3978,-44.808353,-47.031433,-40.69912,-34.732098,-34.96491,-37.93196,-41.505936,-42.957912,-46.033367,-44.781574,-29.973726,-25.62051,-30.362837,-37.288048,-36.734726,-36.368774,-40.07309,-34.92718,-25.927942,-20.474615,-19.965084,-24.84456,-31.892519,-32.87904,-31.603302,-28.014414,-25.600292,-23.768366,-22.857464,-23.543495,-29.030018,-31.03431,-27.837107,-32.818752,-37.844704,-34.45108,-24.489735,-21.642292,-21.821178,-23.564793,-24.832094,-22.738926,-22.316885,-17.159521,-15.551849,-21.746073,-28.643974,-31.467077,-34.47477,-33.48304,-35.584892,-36.629604,-37.094738,-38.91581,-34.22253,-32.724503,-33.157677,-30.424482,-32.197918,-34.71482,-30.062042,-27.476124,-31.500458,-36.733994,-41.62644,-45.4936,-45.50441,-33.736988,-22.387981,-19.528603,-22.590218,-27.904312,-29.503841,-30.04671,-37.654163,-42.36132,-43.608475,-40.268913,-37.045784,-37.34458,-39.911057,-42.32248,-43.854862,-42.40142,-38.84771,-34.158836,-32.409378,-35.52791,-36.25695,-33.870564,-32.81202,-32.657253,-35.23914,-23.717287,-20.105999,-23.437305,-27.505138,-30.907442,-33.020138,-37.06064,-38.551373,-38.646133,-36.10895,-39.065598,-41.027237,-36.767094,-34.077843,-32.51286,-34.689,-34.728497,-32.11909,-30.002647,-31.771757,-34.302177,-32.214703,-30.44664,-30.692474,-33.675377,-34.14814,-25.32298,-23.356848,-26.712086,-30.630123,-26.635092,-28.283016,-37.259773,-37.414997,-33.640594,-34.19238,-34.955265,-33.063255,-34.37305,-35.584167,-34.404438,-34.996544,-33.646606,-29.429008,-28.342302,-30.16758,-32.79491,-32.04967,-31.946346,-32.75014,-30.863102,-22.44902,-19.224545,-24.618763,-31.146372,-31.530857,-28.407108,-29.549429,-32.121655,-32.564957,-33.179543,-31.601574,-29.694664,-31.868765,-34.923035,-38.004295,-36.682266,-34.833687,-33.123928,-31.311726,-32.98254,-30.809038,-31.246374,-32.554543,-31.985884,-32.111046,-25.560627,-19.916552,-20.936363,-27.50395,-32.84928,-39.199814,-43.82286,-46.748993,-47.05687,-48.6229,-47.7795,-52.198196,-52.198196,-51.51333,-52.198196,-50.387444,-50.35734,-52.066666,-52.198196,-50.81541,-51.426888,-52.198196,-52.198196,-52.198196,-32.129547,-24.094236,-23.71337,-24.381693,-29.109486,-34.588448,-35.948387,-25.976236,-17.806374,-17.916939,-24.603378,-27.76186,-26.699917,-27.640026,-30.754784,-26.828787,-19.163307,-21.300003,-19.490265,-16.971323,-13.0408,-8.47124,-7.2741356,-6.5502872,-5.6912427,-6.555806,-7.588648,-8.108017,-13.477054,-22.454266,-23.226614,-22.219833,-24.566195,-20.813652,-19.586456,-21.14959,-24.04622,-29.272903,-31.409948,-35.12793,-36.431957,-21.430819,-15.380616,-20.00535,-29.636204,-31.98721,-30.37278,-31.86468,-34.77547,-36.7533,-38.501762,-37.398315,-20.808908,-13.969643,-13.955244,-19.326689,-23.564796,-23.886118,-25.29317,-30.14885,-35.805607,-36.825184,-33.95942,-36.11067,-37.369682,-35.442207,-38.17123,-40.66566,-41.298088,-36.570534,-32.02657,-32.06385,-33.46816,-37.51816,-29.900646,-28.603432,-32.752785,-30.498749,-24.999754,-25.803568,-33.585667,-38.22552,-42.50773,-44.50776,-45.031677,-47.306858,-49.07042,-49.264923,-50.19246,-51.78108,-52.198196,-52.198196,-51.418285,-47.845192,-47.297318,-52.198196,-48.473965,-31.807316,-20.617464,-20.992086,-32.730682,-33.129124,-21.176117,-18.95649,-25.558393,-30.733006,-32.236946,-33.863255,-38.35572,-40.38015,-42.575306,-39.773834,-37.781593,-38.967815,-37.21196,-36.90367,-38.859737,-35.53783,-30.30125,-32.4795,-35.910152,-32.34653,-25.501965,-24.887413,-27.874763,-32.271008,-28.985674,-23.51778,-23.535002,-30.72655,-37.431137,-40.649933,-40.719658,-42.93631,-45.788036,-45.612415,-44.15562,-45.750275,-47.52204,-45.58138,-45.19651,-45.613197,-45.91562,-43.22474,-44.845634,-46.309147,-42.734066,-44.746037,-44.917625,-44.339275,-33.278465,-24.044016,-20.540209,-24.56799,-32.967983,-36.570557,-38.516792,-38.894356,-39.887203,-40.19203,-42.182335,-41.659515,-43.26705,-45.28828,-43.205406,-43.55209,-44.806328,-44.057213,-44.252037,-37.6372,-34.659737,-36.51611,-40.04021,-40.933357,-39.959045,-40.77251,-39.540947,-34.14666,-27.15169,-24.488249,-28.102062,-33.12951,-33.63435,-36.06787,-37.65638,-39.398804,-41.704308,-43.263245,-42.495884,-43.094288,-42.49657,-43.8603,-47.06224,-48.89915,-46.116707,-43.229565,-40.880585,-37.3132,-39.06253,-40.265327,-35.913246,-32.77806,-28.237696,-22.185474,-22.565765,-26.989431,-32.57444,-36.067886,-38.004375,-40.88141,-41.203857,-36.433147,-36.53555,-39.777203,-40.072906,-40.43405,-44.267616,-46.270737,-46.158096,-28.173544,-20.082981,-19.780428,-21.425304,-23.77763,-26.87175,-27.332285,-30.245766,-28.607544,-22.305897,-22.233229,-26.85138,-31.799042,-33.443733,-33.34206,-32.84334,-34.26927,-39.385963,-42.108612,-43.380222,-42.291737,-42.710663,-43.260593,-41.304466,-37.963985,-35.017326,-34.211784,-35.500504,-36.247555,-37.715706,-41.40884,-36.04461,-34.50702,-28.309467,-22.086222,-20.175022,-23.851263,-31.210033,-35.073135,-41.028976,-43.06691,-43.468304,-47.734596,-45.586716,-43.5788,-45.00194,-47.65938,-50.394096,-51.0618,-43.314724,-42.12684,-35.460175,-30.841953,-31.075838,-35.3461,-42.35748,-43.13317,-40.848347,-29.679588,-24.651773,-21.867664,-24.59903,-30.780434,-35.239555,-36.765392,-39.182087,-43.441063,-45.948215,-47.326454,-49.10744,-49.85022,-43.64702,-40.770912,-46.539948,-48.812874,-42.65789,-37.19812,-33.876633,-33.386013,-35.453327,-39.182304,-33.0364,-20.031876,-18.853764,-22.497427,-28.780954,-33.902866,-36.25266,-36.132977,-31.524673,-29.870184,-36.76631,-39.46586,-37.40048,-38.593132,-38.989273,-40.13949,-41.535187,-33.71681,-29.888474,-30.727938,-33.539696,-37.984787,-40.640053,-41.55003,-40.55494,-37.422913,-25.415264,-23.11165,-29.67726,-36.16607,-38.96319,-41.932426,-38.642284,-35.012096,-34.838703,-35.21855,-36.640686,-32.355618,-30.45364,-31.75304,-31.527866,-25.11337,-24.771063,-30.689192,-27.573593,-15.110988,-9.26173,-9.305145,-10.260673,-13.780035,-17.667511,-15.839212,-13.834478,-17.184294,-20.786304,-19.795595,-16.750046,-18.15128,-25.977077,-33.29142,-33.707687,-33.210464,-32.955994,-30.17778,-31.93394,-33.29229,-31.409191,-32.696327,-37.16577,-37.465775,-38.2312,-41.967888,-40.439987,-38.156902,-28.741093,-24.934464,-28.053146,-34.830795,-35.85442,-39.333,-37.111385,-38.94324,-43.415302,-45.081238,-43.83368,-41.77155,-40.833046,-40.495228,-44.106377,-49.877556,-49.551956,-47.605515,-48.29847,-48.202576,-47.22222,-42.05835,-39.11901,-37.186924,-32.70833,-27.33343,-26.0015,-29.561588,-32.394825,-35.920517,-37.5769,-42.66848,-44.168953,-45.642,-49.092373,-48.61046,-45.27199,-39.837147,-40.995995,-43.33916,-45.80934,-35.07875,-30.970957,-32.31114,-32.267223,-32.546352,-37.745033,-43.824192,-43.401947,-35.960106,-26.471054,-22.059977,-22.621593,-28.363594,-35.579407,-40.57469,-38.939613,-42.7517,-44.106743,-44.39277,-44.95009,-42.512337,-35.497757,-33.203003,-36.454964,-41.998497,-43.783283,-44.62013,-32.779564,-29.10413,-31.148579,-27.238865,-25.037996,-23.538166,-21.877405,-22.629211,-28.74611,-33.676075,-36.42457,-37.32782,-33.855865,-34.124245,-41.55117,-43.78293,-46.411133,-44.3137,-37.765587,-34.340694,-37.763622,-36.029514,-32.301247,-34.38042,-35.457973,-38.671227,-41.956963,-46.090717,-47.905952,-38.074142,-23.087084,-19.41848,-22.440037,-25.898048,-29.585693,-34.357635,-38.905033,-36.646706,-38.669373,-42.501167,-38.96174,-39.789074,-47.175415,-51.489845,-38.36474,-26.1759,-21.014614,-23.11797,-24.875088,-22.576866,-13.55895,-10.126226,-10.331093,-10.44928,-12.940726,-18.125061,-19.415884,-19.833618,-21.228184,-23.482655,-25.196352,-27.080196,-27.076761,-23.516361,-20.120659,-19.622404,-20.940895,-23.101511,-25.86498,-28.565628,-27.036594,-27.59959,-27.611704,-29.405737,-30.39466,-27.182587,-27.136944,-28.618238,-26.945778,-25.319496,-22.664627,-24.54624,-28.894955,-27.871815,-27.519623,-27.977255,-29.677288,-31.41073,-29.999573,-29.050846,-30.102537,-28.913979,-26.965322,-26.310423,-24.641106,-23.778,-23.597372,-23.753506,-24.153427,-24.566877,-26.189625,-27.296463,-25.916807,-25.087337,-23.183565,-20.784597,-20.829256,-23.324144,-25.718224,-26.979998,-29.507025,-36.925465,-35.233063,-30.28774,-24.547377,-19.682592,-19.62803,-26.54144,-34.061043,-32.28225,-35.15122,-31.533405,-33.86956,-38.213726,-39.30036,-37.064163,-37.66026,-33.23867,-24.600046,-21.990383,-25.13644,-29.271374,-36.221573,-38.96774,-42.06621,-44.261696,-43.699604,-40.413597,-38.472134,-37.40872,-39.813797,-41.01499,-39.77453,-39.896236,-40.857025,-42.7538,-42.291126,-41.50228,-43.840637,-45.879005,-47.46033,-43.593513,-30.676731,-22.272774,-20.489244,-26.955742,-33.525948,-36.48027
-39.73759,-41.901264,-42.71494,-46.183186,-46.867645,-37.97263,-35.17405,-42.992954,-52.198196,-51.51822,-48.10193,-43.709282,-35.077744,-33.93723,-35.99904,-38.00357,-32.168976,-25.770103,-21.450064,-16.20768,-5.823407,-2.7708576,-6.3199453,-16.49665,-22.87886,-24.091532,-22.908714,-24.606752,-22.640549,-23.321035,-29.627918,-30.673964,-32.618454,-25.248096,-22.502785,-27.865343,-30.767918,-32.98073,-31.517675,-27.93439,-32.296474,-32.394955,-28.325521,-33.02757,-30.621456,-26.162811,-25.578539,-29.727938,-31.336386,-32.811718,-37.652164,-38.431057,-39.92786,-40.822624,-40.215816,-43.639713,-43.61231,-38.719257,-34.382698,-33.61219,-36.854706,-38.069748,-34.729225,-32.17871,-31.952557,-34.0175,-37.64359,-39.517067,-41.92375,-32.42598,-26.82909,-26.362968,-29.752758,-33.31364,-38.8637,-39.393772,-41.82049,-43.854607,-46.354008,-40.176918,-36.826775,-36.9053,-40.418247,-42.404236,-40.900074,-37.493504,-39.23143,-39.290276,-38.0659,-35.985435,-36.34063,-36.433556,-38.739697,-34.627003,-26.900034,-24.072382,-25.419418,-31.03085,-33.760597,-36.755524,-39.207897,-38.632805,-39.8176,-42.445335,-44.53358,-42.770058,-42.303867,-38.00905,-37.398502,-36.227543,-38.325382,-34.995857,-33.47918,-34.886326,-30.823603,-30.413284,-34.74884,-38.248585,-38.895344,-30.431004,-27.244165,-29.10064,-33.344494,-34.992012,-39.846195,-37.85031,-35.2347,-28.03299,-28.89694,-33.4672,-32.127327,-36.15015,-41.3338,-37.291405,-36.15597,-40.118694,-38.192707,-33.58446,-36.781532,-42.382362,-39.22955,-36.26404,-33.039,-24.679092,-22.986748,-26.147173,-30.212757,-33.236435,-35.771645,-38.250298,-41.751755,-43.30665,-44.647255,-45.36057,-45.701225,-38.26916,-36.63733,-40.017006,-44.16613,-46.564632,-43.697075,-37.275024,-36.737522,-36.549324,-37.052082,-39.659657,-45.10149,-37.535774,-28.20023,-27.192482,-28.07248,-28.766382,-29.88693,-34.35449,-41.07409,-44.379803,-43.13745,-40.987514,-38.68493,-36.97531,-35.839294,-38.946163,-41.262077,-41.83435,-37.762222,-40.330017,-40.958504,-34.545547,-35.98537,-40.92831,-39.161316,-38.504105,-30.569908,-25.155151,-24.977903,-25.962322,-29.83202,-30.874535,-33.635468,-37.432884,-41.870266,-42.754715,-40.529675,-38.371216,-40.323334,-31.698792,-26.554913,-25.959396,-28.135265,-32.1543,-32.977173,-30.47757,-32.748493,-34.654015,-31.904018,-32.375008,-38.601433,-41.7848,-32.308376,-29.613619,-30.032204,-30.291557,-33.984684,-37.280586,-39.20771,-37.683304,-36.384464,-35.90525,-36.15172,-38.716843,-40.72933,-41.43519,-41.02463,-38.185715,-33.81327,-34.352955,-38.17076,-42.33105,-43.89099,-43.876534,-42.832485,-37.251125,-30.780153,-24.597876,-23.365555,-26.542706,-29.380608,-33.20799,-33.05533,-33.111797,-36.33792,-37.40301,-35.988125,-35.173565,-36.468185,-35.0291,-35.973343,-35.312267,-31.567444,-32.208904,-32.090736,-29.54536,-28.797848,-30.987246,-31.964758,-32.00044,-34.98821,-40.952522,-33.48548,-27.534447,-27.427511,-30.05444,-33.53665,-37.68842,-39.20012,-41.422546,-42.2641,-38.91256,-39.704025,-41.98372,-43.384712,-44.524044,-36.153976,-27.675055,-28.089869,-34.270332,-42.83003,-45.739532,-45.005775,-42.759876,-40.00786,-35.241867,-29.901806,-25.423462,-24.674755,-29.014519,-34.146557,-37.195015,-41.53892,-43.466526,-45.488388,-48.547104,-49.72465,-50.021206,-51.359344,-50.74715,-50.03511,-49.834076,-48.1914,-41.89605,-33.397907,-32.757565,-35.958828,-41.050056,-41.438755,-43.33122,-36.63907,-29.27327,-23.773502,-19.896532,-20.200556,-20.755924,-21.156185,-26.396118,-27.761595,-20.043638,-19.533554,-22.308996,-20.390602,-23.655289,-21.400059,-13.440483,-14.108224,-22.396605,-33.354023,-30.213606,-28.370989,-21.626137,-15.197075,-18.28738,-24.021452,-26.219646,-24.165047,-26.098438,-24.522713,-24.184967,-26.63089,-26.060818,-20.32068,-15.941723,-16.249271,-14.862895,-14.917866,-20.524921,-21.956194,-18.336758,-18.854858,-25.087526,-35.471085,-29.844015,-25.633156,-26.620571,-28.647121,-29.751328,-30.35103,-28.936054,-23.23917,-19.798925,-20.11219,-20.238846,-20.277893,-24.96824,-26.087322,-26.85797,-29.046837,-30.825293,-32.21293,-33.915485,-31.771572,-31.329918,-29.812054,-25.02547,-18.275541,-14.640651,-14.859646,-18.23079,-21.219978,-21.361012,-21.490482,-21.392,-20.332268,-20.341055,-22.867561,-22.829826,-21.222532,-24.095844,-24.15798,-23.777058,-24.792536,-29.170225,-29.28415,-27.302624,-25.707413,-23.25487,-22.548672,-24.069035,-24.07691,-22.788809,-22.579947,-23.98861,-24.98262,-26.543968,-26.62854,-27.763874,-28.692043,-29.154945,-31.251505,-29.07579,-25.988398,-26.414587,-29.376854,-32.396263,-32.015614,-29.346157,-29.148777,-29.637192,-29.709845,-29.531534,-29.512306,-29.344425,-30.398544,-31.608278,-32.147297,-28.624725,-26.886707,-28.30141,-28.547596,-28.060055,-28.532831,-29.065434,-28.829348,-28.802132,-28.699799,-25.69032,-25.241432,-28.295948,-31.085653,-31.739218,-33.200386,-31.61583,-29.65472,-31.120617,-32.720596,-37.515034,-44.468895,-37.900974,-35.526127,-32.56678,-33.932617,-32.94031,-30.634653,-31.69291,-33.76714,-36.02388,-39.20942,-38.865227,-32.120274,-25.732634,-27.256186,-29.77421,-33.938023,-36.732784,-37.177994,-37.964783,-37.736588,-38.46698,-37.7349,-32.519478,-26.732492,-25.933098,-23.857342,-21.739323,-22.532818,-29.13741,-39.755943,-39.395576,-36.48761,-36.57456,-38.679543,-37.744553,-38.050404,-27.781925,-22.515144,-25.758532,-27.295187,-28.547539,-33.10071,-37.61927,-42.278946,-42.520195,-44.85147,-42.256832,-36.90316,-37.050957,-39.217735,-42.74117,-44.167538,-46.82772,-43.27722,-28.386349,-24.727242,-30.501173,-37.777107,-41.96104,-43.826405,-45.419502,-36.148693,-28.914616,-22.8517,-19.929857,-22.337856,-25.829556,-28.763935,-31.223072,-31.486227,-36.19683,-39.696465,-40.429157,-35.706642,-36.5653,-26.484966,-16.282846,-15.95889,-24.29204,-28.144749,-25.410831,-23.754284,-23.661034,-25.29354,-28.694557,-28.698353,-25.529106,-21.426296,-22.922798,-27.249546,-30.669117,-32.1132,-34.892136,-34.876247,-37.172184,-37.737144,-38.586315,-41.368786,-39.554348,-37.519867,-36.320244,-32.111298,-31.1566,-31.610096,-28.776634,-28.514019,-32.411892,-37.371044,-41.125374,-44.76086,-42.402493,-32.427437,-26.120247,-26.08749,-26.205029,-27.685015,-31.99318,-32.612198,-35.821667,-40.13699,-40.9337,-38.81519,-38.64804,-37.682068,-38.719925,-44.33289,-45.78083,-42.139175,-39.357246,-37.942883,-37.889328,-38.26241,-37.36013,-36.73178,-35.976215,-37.024944,-38.923096,-27.874851,-25.823322,-26.026304,-26.106396,-30.596533,-32.28535,-33.03354,-36.781742,-37.664272,-36.03208,-37.974228,-38.93001,-32.727493,-31.788498,-33.22289,-34.423126,-35.376095,-34.051,-32.819412,-34.777542,-35.166996,-34.15605,-36.532967,-36.817184,-34.04458,-33.82772,-26.378094,-24.524292,-26.166283,-30.211878,-31.739885,-34.38218,-38.23795,-39.007713,-38.643925,-36.823574,-36.09931,-35.724022,-35.22327,-35.47756,-37.29373,-37.07373,-34.010845,-32.942078,-33.22252,-34.585342,-33.604492,-34.078186,-35.362587,-35.686386,-28.31733,-22.049543,-22.33379,-25.938171,-30.758434,-33.732765,-33.325592,-32.97226,-31.464222,-31.173656,-31.736982,-32.44736,-33.479687,-34.304653,-33.114685,-34.565525,-35.747704,-35.18944,-28.518532,-26.986292,-30.976849,-35.578545,-34.06651,-30.590569,-29.064178,-32.596745,-24.68459,-21.070593,-23.028526,-28.489578,-32.85784,-36.967014,-41.335835,-45.16825,-46.760387,-48.90603,-48.124466,-49.189697,-51.232246,-51.27053,-52.198196,-51.03801,-49.073387,-50.790897,-51.95644,-51.111046,-51.79668,-52.198196,-52.198196,-51.958466,-31.83627,-24.70912,-25.608397,-27.602396,-32.1814,-34.430206,-34.988136,-26.204636,-15.944119,-12.730012,-17.056368,-21.736986,-22.247038,-21.57381,-25.696772,-30.90712,-23.434475,-25.06767,-21.89023,-18.736145,-21.406971,-26.347303,-29.387434,-28.926456,-28.742393,-29.128218,-30.543304,-24.941816,-20.746412,-22.419367,-21.916119,-19.858557,-23.699825,-23.852327,-26.569687,-29.713755,-27.877949,-27.155924,-30.417652,-35.637535,-39.890358,-30.697441,-22.57931,-23.717663,-30.630222,-37.94414,-33.082127,-33.604042,-35.40076,-34.35143,-37.535236,-31.679201,-14.045036,-9.95699,-11.482845,-15.722677,-19.527216,-19.45965,-21.248152,-26.08059,-33.480587,-36.580193,-35.734196,-37.987133,-36.675667,-36.106953,-38.203194,-38.92884,-38.078465,-35.129246,-32.701122,-33.102154,-33.6215,-37.66919,-33.37735,-32.250618,-35.600418,-29.163746,-26.208244,-28.632896,-32.963367,-37.747917,-43.85514,-44.72208,-48.467907,-50.1655,-49.476173,-49.849663,-49.644096,-50.007328,-52.198196,-50.71312,-51.11773,-47.455254,-44.46708,-49.11911,-49.449722,-34.30329,-28.476486,-21.233608,-17.542236,-22.099606,-21.271347,-21.226715,-26.2114,-30.213516,-31.751057,-29.301727,-33.703667,-38.975014,-38.937115,-30.392845,-31.194742,-36.867996,-30.01644,-29.901943,-34.716877,-36.032993,-29.771442,-30.90073,-35.07853,-38.491302,-40.3318,-42.798782,-43.669643,-37.68258,-29.426495,-26.629719,-28.386608,-33.0495,-38.61938,-41.108707,-44.35401,-46.267128,-46.116486,-46.51134,-46.645973,-44.80767,-45.050896,-45.06735,-46.889236,-47.81639,-46.347153,-42.754265,-45.12547,-46.390686,-43.581867,-44.415665,-45.508404,-44.28811,-29.711311,-23.126495,-23.6041,-29.381626,-33.218548,-34.55857,-38.38313,-38.771896,-41.19747,-41.65622,-42.843903,-43.403038,-46.070168,-45.97621,-43.322426,-43.444363,-45.834675,-44.761776,-43.60294,-35.170322,-31.331257,-34.230995,-37.954575,-39.705013,-39.55437,-42.68421,-42.80179,-34.530113,-29.306128,-31.132664,-31.558084,-32.03312,-37.048668,-37.57,-37.679756,-40.522537,-42.187393,-40.886116,-39.20299,-41.075245,-40.248306,-37.622658,-40.3261,-44.49311,-44.392323,-45.308605,-43.47702,-37.555065,-39.16672,-37.17267,-34.675278,-33.43564,-29.312801,-23.396431,-24.93797,-30.018894,-32.64043,-36.387875,-38.562428,-40.76333,-43.462963,-38.78853,-36.862732,-39.704174,-42.239227,-47.64013,-47.662296,-44.653694,-42.9924,-27.36744,-19.993809,-20.252245,-21.041378,-19.196106,-19.663599,-22.67108,-26.33546,-28.631313,-24.7797,-22.08282,-24.26979,-27.96949,-30.392761,-29.371227,-29.819708,-32.9944,-37.589504,-40.094532,-41.598724,-40.731014,-41.762566,-43.52395,-41.49571,-39.690365,-36.78578,-33.1595,-30.718834,-28.868618,-33.322163,-42.910812,-36.007698,-34.47289,-29.460926,-24.432495,-24.753103,-27.992289,-32.3099,-35.84557,-39.47924,-41.149883,-42.870373,-47.243454,-47.583538,-45.689987,-46.312683,-46.634274,-47.445885,-46.65148,-41.91794,-41.142586,-38.203773,-31.064768,-31.630583,-37.62753,-42.303604,-43.449825,-38.146587,-31.902332,-27.404747,-26.392914,-29.332113,-33.91764,-36.641125,-39.683464,-42.96329,-45.121284,-44.645382,-46.074646,-49.13581,-50.56467,-48.473328,-46.629585,-49.92042,-50.988495,-42.287376,-38.688766,-34.179665,-32.693474,-34.314102,-38.647602,-33.813583,-19.461832,-17.062801,-20.836012,-28.905918,-31.025677,-35.4636,-38.12487,-34.096222,-32.53772,-36.699047,-36.392513,-35.489635,-38.927887,-39.711555,-41.05103,-40.4678,-34.024296,-29.457169,-30.386732,-35.00789,-37.73914,-40.23603,-43.758793,-43.09501,-33.824486,-24.839237,-24.556896,-28.81383,-33.378212,-37.170696,-40.843395,-37.09741,-32.802387,-33.756184,-33.69941,-32.135918,-34.624775,-35.001072,-29.752653,-27.401049,-26.988853,-23.495367,-22.9542,-22.842083,-21.486279,-17.075785,-14.636002,-15.438694,-17.94453,-21.188097,-20.844257,-22.465973,-23.710835,-27.001848,-27.894526,-28.465477,-28.106724,-31.054348,-37.992905,-39.693634,-40.548225,-36.145767,-26.263227,-22.555126,-25.514694,-30.369616,-34.511097,-38.38476,-37.613953,-35.775837,-35.254036,-37.895424,-36.68027,-28.768688,-27.220512,-31.044008,-35.953197,-38.54568,-40.44453,-42.155174,-43.205414,-44.318954,-44.58877,-45.41609,-41.90471,-39.92882,-41.66169,-44.91301,-47.49182,-47.29943,-49.672554,-50.593742,-48.519325,-49.742886,-47.783905,-39.55847,-36.085514,-27.070799,-22.867136,-26.17711,-30.214346,-32.970623,-34.569916,-38.185265,-40.44045,-42.33542,-45.91062,-48.32583,-48.808426,-47.747986,-45.723564,-44.314724,-43.812202,-45.359554,-35.686016,-31.829386,-33.143356,-31.568716,-33.30696,-38.01369,-40.49702,-39.636665,-31.831247,-26.00812,-27.92906,-29.741468,-30.840303,-35.848564,-40.631447,-41.195885,-43.38533,-43.681335,-44.72316,-43.25693,-41.827263,-33.51589,-33.988052,-35.42706,-38.44296,-41.757385,-43.214817,-28.319698,-22.713736,-21.797375,-17.81655,-14.8727455,-14.198356,-15.657452,-20.327923,-25.54353,-28.360413,-31.516216,-35.578495,-34.72778,-33.173973,-35.434345,-38.851418,-44.881912,-41.67433,-36.816296,-36.758274,-42.048,-32.09482,-27.741707,-32.026592,-37.010365,-40.001453,-44.27656,-45.55328,-45.40425,-37.67935,-25.680973,-24.149548,-27.276686,-29.258907,-26.781015,-28.867615,-34.88764,-37.758488,-39.717297,-43.403927,-42.205753,-44.116207,-50.308205,-51.949837,-40.508503,-28.13566,-23.638176,-24.036926,-24.149055,-25.670336,-18.990435,-15.826546,-13.768583,-8.182744,-5.2946515,-4.5905924,-4.587874,-5.355818,-6.433237,-7.1030455,-8.291491,-10.876507,-13.316527,-18.008015,-21.696018,-22.756363,-24.250204,-28.254728,-28.516836,-27.544262,-25.643187,-25.774368,-27.76772,-29.761295,-30.938923,-29.916523,-29.18066,-30.653397,-30.295223,-27.161411,-25.865278,-28.971813,-31.558945,-32.115112,-33.837425,-34.582184,-34.996536,-35.07521,-34.951,-33.14636,-34.255753,-35.188404,-36.297634,-38.788666,-38.56235,-37.925793,-36.775555,-34.747826,-34.438442,-36.26539,-38.39278,-35.953876,-37.150455,-35.341778,-29.225481,-26.323673,-28.60928,-32.977432,-33.79842,-34.6683,-34.157433,-38.63042,-36.02175,-28.93492,-31.322966,-36.68854,-31.172398,-31.997185,-32.191395,-27.825308,-27.697994,-27.940746,-32.55584,-36.043697,-42.468834,-36.490623,-33.66554,-34.891006,-30.377855,-29.827412,-33.33695,-33.659275,-36.34328,-40.200214,-42.952774,-44.359432,-42.575836,-42.828503,-45.15282,-45.333218,-43.316956,-40.79502,-38.387405,-38.71024,-45.759956,-46.71207,-46.001694,-46.842598,-48.121872,-49.436016,-49.48116,-42.41528,-26.483028,-23.629986,-26.069405,-29.225979,-33.45093,-34.74742
-39.506184,-42.208717,-45.23395,-46.04773,-46.25949,-37.927956,-34.884598,-42.722393,-51.415977,-49.2514,-47.416843,-44.471146,-40.0373,-37.506363,-37.40969,-34.993492,-32.889927,-34.0437,-32.366287,-18.097277,-4.6355,2.2842507,4.5448604,1.6715358,-4.4047384,-7.2907596,-10.086412,-10.906054,-11.418312,-16.844418,-24.744204,-24.913103,-25.77681,-19.151684,-12.272419,-12.277979,-15.316128,-15.755395,-14.882236,-15.23005,-22.935658,-28.289188,-20.010986,-16.554836,-15.23068,-15.005915,-16.516703,-17.141043,-18.600346,-22.193163,-26.501457,-31.39399,-36.956615,-38.03185,-36.972202,-36.33021,-37.635914,-37.010338,-35.635902,-33.98375,-35.600445,-39.550926,-35.62996,-34.034798,-35.558235,-35.5489,-36.31846,-37.513874,-40.5811,-27.91716,-23.25838,-24.2307,-28.26494,-33.70105,-40.280117,-42.1209,-42.541004,-42.437763,-43.12577,-38.04543,-37.370533,-39.84551,-44.743896,-46.75411,-41.95832,-37.59584,-37.293373,-36.077583,-36.549675,-39.547874,-36.671227,-34.329433,-35.092865,-29.561138,-21.080124,-21.496674,-25.22034,-25.36316,-28.797628,-34.372402,-38.03116,-38.64779,-40.100533,-38.93519,-39.55511,-41.45173,-41.79157,-37.64035,-37.47229,-38.310417,-36.508324,-31.643866,-32.170696,-32.301735,-27.314495,-27.01899,-32.096874,-36.008522,-36.532883,-25.486715,-24.617207,-27.550295,-27.721207,-30.62049,-33.3614,-33.334587,-35.583164,-28.200558,-28.32782,-31.451962,-31.6696,-36.87615,-42.77508,-37.753033,-34.7019,-37.449947,-38.903133,-35.99514,-39.72004,-43.19966,-38.76902,-34.86892,-29.315956,-21.853287,-23.31212,-26.216358,-27.041656,-28.223171,-28.981186,-31.768034,-35.900658,-34.04945,-33.85032,-39.431484,-46.03716,-37.685574,-34.863773,-38.98401,-42.504086,-44.985218,-41.180458,-37.476105,-37.007988,-33.978577,-35.82559,-39.346706,-43.688026,-37.59538,-27.058146,-24.602373,-26.802923,-30.9587,-34.723286,-38.92467,-39.3749,-40.400425,-43.3005,-42.20715,-38.818882,-38.092606,-33.88378,-31.669426,-32.856907,-33.099922,-37.69773,-44.561596,-38.960274,-34.312298,-36.175903,-40.284695,-39.08526,-38.4501,-29.129356,-21.63745,-20.69971,-24.215096,-29.02856,-31.63108,-33.474037,-37.389267,-38.27328,-36.1501,-37.919197,-37.99839,-39.284866,-32.891792,-27.57922,-26.163918,-25.85353,-27.854864,-29.91028,-28.329887,-29.07809,-32.625744,-36.41311,-37.182495,-37.600975,-37.559193,-30.632494,-26.430006,-26.182484,-27.15773,-32.94817,-35.934994,-39.33006,-39.99498,-37.834465,-38.25995,-38.891148,-41.5395,-41.58978,-41.210052,-39.83089,-37.815514,-32.1172,-33.620384,-38.938957,-44.424393,-46.003937,-42.76641,-40.06908,-35.839333,-27.403612,-19.912914,-20.015135,-24.394512,-26.535776,-30.229004,-32.10978,-29.975914,-31.959822,-38.790314,-42.796627,-38.965,-39.022655,-37.25065,-35.79826,-37.023285,-33.299515,-32.554672,-31.50915,-29.174593,-29.666452,-32.77646,-32.945427,-33.337852,-34.61188,-37.85824,-32.517582,-28.433487,-28.614746,-31.22522,-35.678104,-37.869762,-38.36817,-42.311447,-43.183136,-39.17884,-38.76886,-41.94534,-46.810104,-44.03429,-33.282475,-27.382338,-29.052044,-36.683544,-43.814205,-44.376987,-43.29452,-39.79165,-33.402237,-32.283062,-27.211956,-22.394114,-22.77499,-27.047115,-33.03747,-34.84407,-39.742195,-40.090317,-43.47888,-45.500008,-46.144226,-48.479134,-50.575256,-52.198196,-52.198196,-50.72847,-47.433186,-43.303383,-33.90901,-31.942905,-34.367737,-38.02525,-41.84688,-42.280277,-36.342514,-31.096718,-27.42524,-20.125568,-18.378616,-18.319176,-20.880455,-29.395191,-29.28789,-27.112043,-27.215885,-26.369867,-24.836685,-28.062326,-25.667568,-19.099394,-12.900843,-12.403238,-17.22999,-19.186735,-24.019403,-21.909904,-11.64576,-12.107402,-19.927101,-25.237635,-18.961008,-21.802887,-25.325153,-25.32818,-26.56193,-22.021723,-21.690989,-25.154428,-29.618061,-28.707144,-25.63535,-22.669395,-21.714142,-21.33524,-21.999935,-26.757671,-33.048775,-27.69079,-25.037134,-26.429409,-23.103218,-22.699587,-23.570135,-22.406555,-22.930573,-22.61848,-20.158188,-20.058167,-22.530214,-26.408155,-25.22713,-26.83619,-28.416643,-29.61212,-31.008207,-33.448406,-30.205687,-30.266497,-29.667213,-25.524055,-28.93049,-34.1099,-30.54387,-28.163767,-25.94767,-24.38927,-23.771399,-24.015825,-23.769472,-24.375742,-26.786922,-22.445183,-21.932816,-25.095295,-27.216286,-26.63071,-26.67426,-29.757006,-31.650566,-29.731874,-26.804773,-24.727703,-24.143864,-25.499966,-25.528313,-24.799217,-24.764076,-25.870049,-26.564617,-27.963978,-27.946083,-29.252748,-29.626957,-29.696396,-32.14391,-30.807514,-26.352745,-25.90914,-28.027575,-30.941355,-32.616047,-31.293892,-30.848671,-30.41875,-30.331306,-30.447903,-30.401194,-30.368967,-31.793268,-32.643173,-32.75171,-29.641747,-28.234077,-29.986828,-30.792694,-30.208782,-30.111408,-30.274115,-29.772703,-29.76468,-26.38998,-19.358688,-20.551989,-26.678196,-29.894659,-30.847027,-31.07974,-31.446907,-31.811876,-33.9249,-36.524265,-39.334873,-41.11992,-34.307556,-33.872723,-31.986559,-29.001915,-28.387619,-28.17366,-28.182732,-31.765892,-34.862732,-38.02265,-37.216293,-32.849014,-25.538733,-25.322433,-29.30423,-30.239428,-34.29071,-36.345085,-36.89676,-36.566128,-37.99948,-41.5616,-38.080627,-33.71264,-34.25899,-34.630783,-35.368484,-36.82099,-40.639324,-42.130104,-39.258595,-37.212185,-35.69905,-36.56804,-40.466953,-39.075386,-26.0001,-20.990656,-23.210361,-22.80184,-25.57053,-30.050867,-35.096046,-39.121906,-39.82316,-42.20714,-45.558933,-46.55311,-50.07543,-52.146717,-50.027348,-49.296524,-52.198196,-48.696423,-29.75107,-25.90342,-28.750774,-32.458763,-37.714607,-39.424976,-42.0101,-34.2641,-25.30134,-22.764158,-25.123156,-30.550673,-32.654243,-34.94396,-34.450092,-31.820148,-31.828384,-29.570477,-27.141117,-27.085358,-31.508835,-29.591404,-18.85303,-17.161308,-21.231525,-21.506824,-25.108746,-35.777412,-32.30943,-25.862722,-25.16655,-32.106747,-24.918478,-17.960749,-18.53072,-22.358551,-25.499762,-28.68135,-32.53615,-32.64773,-35.161118,-39.755898,-38.346413,-36.647675,-38.85446,-41.72982,-37.79941,-36.87773,-38.661987,-39.0994,-30.883047,-28.24311,-31.499464,-36.6484,-41.489372,-44.569794,-45.375587,-32.547188,-23.750278,-20.755318,-20.519505,-22.9342,-28.644547,-32.475315,-37.258766,-40.06505,-41.38037,-42.35764,-42.540974,-37.417202,-38.726074,-43.636242,-42.591476,-37.397804,-36.25853,-36.632175,-36.50308,-41.196423,-41.202106,-43.47446,-42.26183,-40.917686,-35.345955,-21.78523,-17.990072,-19.121893,-22.137308,-27.155453,-28.260883,-28.239431,-27.873028,-26.986279,-28.784647,-31.804527,-37.78314,-30.647287,-27.96804,-32.115932,-34.33073,-34.281837,-29.382473,-28.04514,-28.295994,-30.567492,-32.80778,-33.895706,-35.015923,-37.2603,-30.545805,-21.427124,-21.365545,-26.011839,-31.435944,-30.63446,-29.912355,-34.988342,-35.22731,-33.16574,-33.725567,-34.992783,-33.631348,-34.69552,-35.906395,-37.739384,-37.19406,-31.397575,-26.318281,-25.518274,-27.870705,-26.778173,-27.268776,-30.042027,-29.041166,-25.164185,-20.373985,-20.349997,-21.32036,-25.887417,-25.37508,-25.95907,-28.949394,-30.914488,-31.168985,-32.560486,-33.77803,-32.30912,-31.32967,-30.925869,-32.299553,-34.71983,-35.00335,-29.432991,-28.6205,-29.72069,-31.254301,-31.122305,-30.554108,-30.085117,-31.865093,-22.99038,-18.53343,-19.494505,-22.010538,-27.233337,-32.52758,-37.273876,-39.438725,-42.573296,-47.234276,-46.439053,-47.371613,-50.01159,-48.88449,-48.348343,-48.856224,-48.27987,-49.934864,-52.198196,-52.198196,-52.0996,-52.198196,-52.198196,-52.198196,-28.102497,-20.17828,-19.518969,-21.641605,-26.832798,-32.56163,-31.486996,-25.40508,-24.590702,-25.180853,-23.716045,-23.294409,-23.943161,-25.270782,-29.767982,-36.40817,-35.75505,-37.69748,-19.691555,-12.187826,-10.521268,-10.873787,-15.376875,-23.396101,-28.352287,-28.594553,-30.075191,-27.893866,-24.22659,-24.129126,-25.238796,-20.394981,-17.955606,-17.085747,-17.573717,-23.661827,-22.649704,-26.169525,-30.5425,-32.533714,-28.743435,-28.004591,-23.591972,-24.380262,-31.900349,-35.527775,-35.787357,-39.364864,-40.364895,-41.171757,-41.404667,-34.3531,-22.90473,-21.365685,-26.049706,-29.223269,-30.938408,-28.732126,-29.939232,-36.799446,-40.24599,-41.99419,-39.733047,-36.693035,-36.061226,-38.29648,-41.194492,-41.870213,-42.550514,-34.072445,-32.206413,-32.26529,-32.721752,-36.891438,-41.55559,-46.44153,-41.059944,-28.462566,-26.190613,-26.984333,-29.851954,-33.05901,-36.701603,-41.70416,-43.37388,-47.034637,-48.770042,-49.424763,-52.198196,-51.856007,-52.198196,-52.198196,-52.198196,-47.28901,-43.64847,-49.437527,-52.198196,-35.284878,-29.242039,-21.676886,-14.40504,-14.195545,-16.43992,-16.51518,-17.094635,-24.769596,-27.05905,-16.653223,-12.5963125,-13.561178,-16.988506,-19.015543,-24.956991,-32.96335,-25.02361,-21.620665,-22.161715,-22.812803,-22.925661,-27.66227,-31.928558,-34.046272,-38.776783,-40.20605,-41.209618,-40.651985,-30.172604,-25.618029,-27.240143,-30.206894,-30.845736,-31.062986,-29.7906,-29.33538,-31.76203,-34.251247,-37.21153,-40.14331,-38.64387,-38.343124,-33.982903,-31.59996,-33.098763,-33.567677,-34.454647,-33.48777,-32.588924,-33.155693,-36.4342,-36.692215,-32.28582,-24.321754,-22.15479,-26.196152,-30.793541,-32.864567,-33.44677,-36.06167,-39.59264,-42.45995,-42.867424,-42.382492,-40.355965,-39.509777,-39.3903,-38.44329,-38.58499,-37.42612,-35.045288,-35.415394,-34.42278,-35.290867,-37.22143,-38.630646,-42.358543,-43.2674,-40.259407,-31.934053,-25.45809,-24.981113,-28.857708,-32.693714,-34.866905,-35.64315,-30.904217,-25.838196,-26.290808,-31.188593,-36.215363,-41.549652,-40.04444,-35.871243,-34.798843,-37.873318,-38.108665,-37.73144,-44.217075,-43.624096,-44.923824,-46.42141,-44.249634,-31.828278,-22.029428,-19.682697,-21.880138,-27.384243,-30.496738,-33.336212,-36.226192,-40.80945,-42.95635,-37.95347,-37.312584,-40.85018,-37.731697,-38.976856,-41.43004,-40.66834,-42.718803,-34.00417,-26.688484,-24.926128,-26.889856,-31.065086,-34.73501,-37.433437,-37.420288,-25.206219,-21.688702,-25.11719,-30.007236,-32.297806,-34.71418,-35.30108,-35.017097,-35.75357,-39.167038,-38.05141,-38.880733,-39.929577,-41.59797,-44.163433,-37.549786,-37.20735,-40.114826,-41.114254,-38.342663,-33.947292,-36.963436,-40.903175,-35.62715,-32.45952,-24.288567,-18.643337,-19.898106,-26.596989,-29.613686,-32.937416,-35.91875,-37.967613,-42.154507,-43.615585,-46.303978,-45.996857,-46.534504,-45.94462,-44.760925,-46.718178,-40.654522,-39.956833,-36.699944,-33.32504,-34.786926,-37.90088,-41.018036,-42.253914,-38.561493,-29.779812,-24.737719,-25.080383,-29.08368,-31.693058,-35.186638,-38.44413,-40.67068,-44.335827,-44.648308,-44.69084,-46.461315,-52.0435,-47.25592,-44.301453,-47.86302,-49.75406,-41.756916,-36.35612,-34.69576,-35.08685,-38.036465,-41.386047,-34.1884,-23.623043,-21.984837,-23.312267,-26.702274,-26.840233,-32.03637,-37.672134,-34.35508,-30.624475,-30.393024,-30.428715,-33.78529,-38.35877,-37.08691,-36.0141,-35.065033,-34.40953,-33.22512,-35.302433,-35.587658,-36.21979,-37.065727,-37.71064,-40.174404,-34.761185,-26.489904,-26.084316,-28.03706,-32.937244,-36.412155,-39.9399,-43.06353,-37.74819,-35.47046,-35.575947,-33.65207,-29.47338,-27.879599,-32.638363,-33.347893,-28.413624,-26.899857,-27.67585,-27.058657,-20.32146,-17.08961,-22.072533,-25.71564,-22.476961,-19.405243,-17.238771,-16.89601,-23.698294,-30.413866,-29.50087,-27.291262,-24.46419,-30.035189,-42.944992,-45.177685,-43.610554,-37.556843,-30.732368,-26.214432,-28.247234,-31.769865,-33.257797,-38.074753,-36.818165,-34.23262,-32.15466,-33.979897,-36.17211,-32.576668,-29.318214,-30.98719,-34.80052,-36.30814,-38.35462,-41.064064,-42.15291,-42.830524,-45.86254,-45.49805,-45.692726,-44.154068,-40.99663,-39.409492,-39.96077,-42.26908,-43.862724,-44.00396,-44.50611,-42.84794,-40.73948,-37.461823,-36.605232,-23.78962,-21.235004,-25.21915,-29.148767,-32.522923,-33.71954,-36.84682,-38.210823,-41.727783,-44.57586,-45.46621,-47.21708,-45.24014,-42.10468,-43.948692,-45.092274,-45.334927,-33.89904,-30.391571,-31.262764,-29.49514,-31.59378,-35.095947,-37.31273,-38.636604,-32.934444,-26.107862,-25.660736,-27.937859,-31.429245,-33.486664,-37.2344,-39.847935,-43.462986,-45.616573,-46.93492,-43.25759,-39.5284,-30.798214,-32.661983,-39.406902,-42.38478,-43.94123,-44.69407,-36.16699,-32.353226,-38.086845,-40.676994,-34.76705,-24.495617,-21.798447,-23.3018,-28.168121,-33.01891,-34.149635,-36.868626,-27.45871,-21.548922,-21.724907,-24.997787,-30.980131,-39.1744,-38.273766,-38.8972,-42.944107,-35.23617,-30.39113,-30.330027,-31.343258,-36.051365,-42.366745,-42.877335,-44.53309,-37.173008,-24.722998,-23.149672,-25.561903,-28.237316,-31.88511,-36.150356,-39.527027,-44.192833,-43.80096,-43.79724,-39.28756,-40.748096,-50.419914,-52.198196,-41.135612,-30.595654,-26.575144,-27.340832,-23.114223,-21.269497,-25.034004,-29.375,-29.208204,-26.87599,-19.542995,-14.95165,-11.083669,-8.686726,-8.217295,-7.355847,-6.126567,-6.170754,-5.3928328,-5.1276183,-6.322789,-6.877162,-7.2669086,-7.2328367,-7.1414175,-7.3280134,-7.894396,-8.407974,-9.00835,-9.521282,-10.444103,-12.2945795,-13.835503,-14.454491,-14.990973,-14.605152,-14.014797,-14.943534,-16.61795,-16.111095,-16.563702,-16.93423,-15.120155,-15.308003,-18.02954,-17.664244,-16.863924,-17.560963,-17.635265,-18.371864,-19.55769,-19.298174,-18.896467,-18.63223,-18.70271,-18.63206,-18.847754,-18.348099,-19.234465,-20.403069,-20.66917,-18.903618,-18.525806,-19.435041,-20.144756,-17.968208,-19.598503,-28.299019,-34.99451,-26.05398,-21.850857,-22.743395,-26.199497,-31.042068,-36.817993,-31.455574,-24.765137,-20.987091,-22.09476,-27.805593,-40.01398,-35.695442,-28.166983,-26.52177,-26.231647,-27.434227,-30.532421,-30.969437,-31.064049,-33.44353,-39.731083,-37.451923,-38.83851,-43.861027,-46.68602,-46.361397,-41.509407,-38.80148,-38.252876,-37.438133,-44.708294,-47.0046,-47.511986,-48.92807,-49.275898,-47.849926,-47.326195,-41.000725,-24.48494,-20.458672,-20.187527,-22.23404,-28.269657,-30.719748
-42.646057,-43.39566,-46.691925,-46.88868,-46.47918,-39.36148,-37.70852,-45.263638,-50.000587,-50.531662,-50.998024,-45.76735,-37.79905,-38.032722,-41.54509,-38.37246,-34.800297,-29.854786,-29.13744,-25.65215,-20.470982,-17.224749,-7.847197,-5.506449,-3.961074,-2.7370021,-3.1368718,-4.34691,-6.7073593,-13.550152,-27.851046,-28.833382,-27.397312,-24.9144,-14.432946,-9.5595665,-8.73451,-9.662121,-10.335171,-11.7885,-20.972054,-29.426138,-19.905428,-14.160443,-10.539541,-9.349119,-10.754481,-11.365886,-13.036561,-15.402878,-17.20456,-21.83522,-29.92466,-32.920406,-33.558216,-30.741222,-32.00459,-34.51426,-33.116844,-33.890137,-37.979763,-36.86629,-29.639374,-29.522535,-35.50203,-36.308712,-35.228764,-34.43483,-37.45831,-26.413012,-23.147503,-26.124584,-30.550674,-35.274845,-38.256516,-41.26912,-42.203957,-43.28485,-45.03899,-36.829296,-36.214153,-42.580887,-45.81123,-45.52285,-41.02944,-38.359352,-39.987373,-39.157978,-40.16272,-38.9124,-37.638412,-40.097282,-40.8536,-31.334255,-21.825432,-20.91204,-25.610367,-27.885473,-30.677029,-33.646484,-37.944992,-38.740482,-39.759937,-41.31906,-42.7413,-42.54338,-42.22821,-39.24992,-37.938496,-39.792336,-38.669605,-32.359966,-32.060005,-35.481926,-35.07472,-35.914524,-36.57044,-40.203396,-39.461056,-26.495205,-23.178074,-25.641554,-28.91047,-32.467125,-33.121925,-33.492203,-35.287567,-34.20065,-35.959126,-42.44233,-41.033325,-39.596706,-41.881004,-32.70103,-28.652073,-27.874367,-31.10916,-33.52082,-40.519615,-42.54028,-38.8538,-37.29511,-29.109041,-21.821363,-22.737068,-26.407227,-28.56797,-33.149372,-34.25094,-37.247654,-40.16209,-41.227398,-40.200478,-43.647835,-46.089935,-39.784313,-38.96946,-40.130444,-40.248856,-43.770103,-40.577705,-37.203045,-39.91934,-38.80709,-38.54509,-41.539413,-42.95084,-33.967278,-22.537394,-21.323874,-26.262815,-29.876186,-32.06804,-35.037254,-40.045822,-41.20558,-42.550423,-44.46808,-42.03792,-38.497627,-36.18822,-35.32325,-34.221348,-35.240784,-39.50669,-43.58688,-40.581673,-36.128204,-35.13926,-32.715374,-30.783714,-30.990368,-29.132975,-19.549063,-19.245403,-26.161133,-30.75799,-32.153698,-34.31379,-39.20109,-39.51002,-40.802734,-41.663803,-39.025978,-40.19753,-35.738815,-31.440395,-33.616425,-37.102615,-37.915905,-32.28849,-31.60053,-35.861546,-37.431393,-35.897884,-35.478073,-39.675556,-39.017277,-30.6682,-26.554358,-28.23043,-33.13241,-37.695885,-37.078568,-39.242607,-41.534683,-38.605858,-37.41513,-37.204445,-38.900696,-39.54926,-41.643562,-41.580757,-37.057423,-31.450655,-32.14113,-37.37042,-43.682205,-45.38513,-42.804367,-43.358604,-37.881245,-27.380808,-19.422941,-20.458925,-26.348555,-30.100548,-35.11982,-33.04123,-30.65166,-32.691303,-38.225502,-42.76421,-39.740417,-40.286694,-40.23629,-37.54886,-36.19603,-34.6049,-36.226532,-32.415783,-30.858631,-33.79061,-35.094196,-34.694412,-36.008053,-36.13837,-36.471382,-25.405544,-24.039394,-28.994635,-31.48339,-34.471962,-38.831932,-39.261513,-43.468647,-45.20905,-40.821857,-40.61043,-42.37155,-46.18408,-42.776066,-37.40059,-32.596237,-32.713066,-39.974598,-45.72426,-45.110928,-41.257202,-39.22965,-34.808506,-32.10998,-25.907272,-20.224857,-22.226196,-26.917362,-32.13016,-34.43837,-39.75429,-40.703587,-43.394997,-44.807297,-45.45169,-48.841797,-49.047783,-50.536762,-50.87394,-49.675064,-48.105614,-41.04324,-30.21812,-29.415756,-29.162163,-29.123009,-30.9884,-34.547913,-33.22067,-26.48371,-24.012886,-20.671919,-22.464127,-27.529797,-27.75888,-29.719341,-21.61154,-17.572899,-21.955317,-30.837345,-29.532711,-30.446903,-31.351088,-27.842892,-23.95519,-19.832693,-18.872248,-18.919157,-24.135712,-27.063406,-14.362076,-9.943575,-10.12199,-10.683165,-10.623898,-16.454538,-19.405119,-23.11129,-25.929108,-23.257511,-19.24381,-18.309425,-20.703773,-20.062551,-20.581625,-23.7555,-28.970568,-27.845947,-26.01391,-27.940462,-35.28772,-28.405075,-23.905529,-24.468204,-24.540306,-27.03806,-28.284966,-24.071499,-23.29502,-25.335365,-24.599924,-21.072594,-20.678387,-22.743681,-28.124641,-28.956013,-27.589836,-29.558199,-33.921474,-34.227425,-32.903324,-30.31255,-24.570856,-21.166784,-17.425573,-16.827778,-19.333529,-22.951,-26.444622,-30.1984,-34.455112,-33.16621,-32.37438,-30.807486,-26.541796,-20.77361,-20.456667,-24.664196,-30.071943,-30.912804,-30.289738,-31.208485,-31.85384,-32.11598,-34.70025,-33.945625,-35.56951,-37.624535,-37.255974,-36.556454,-35.400215,-34.424282,-33.565796,-36.272057,-37.65263,-39.961376,-42.266506,-40.621742,-39.241665,-35.043236,-28.48872,-27.853697,-29.884909,-31.743473,-33.22377,-34.77819,-39.137104,-41.999596,-39.90868,-39.996357,-40.72104,-41.639637,-41.352768,-38.196,-39.63524,-42.13022,-40.461735,-39.249146,-40.10233,-41.922592,-41.482563,-42.506042,-41.581726,-40.44906,-27.832256,-20.387634,-21.211315,-23.967817,-28.733078,-31.52908,-32.52567,-36.854675,-38.96892,-38.12551,-37.18634,-39.130924,-39.327873,-33.595203,-33.227074,-32.169415,-34.347828,-32.10492,-31.221104,-34.785587,-38.432373,-38.68832,-41.368645,-39.058884,-34.464355,-29.247688,-27.967228,-28.078182,-27.68232,-33.237797,-34.836826,-36.85491,-38.539337,-39.362827,-39.480988,-39.396343,-37.88917,-37.53122,-35.536243,-37.09003,-39.440807,-40.508533,-39.2365,-37.58919,-33.858555,-34.71629,-36.4119,-39.00421,-38.355736,-27.622164,-20.55262,-22.35559,-24.747103,-26.871326,-29.918716,-35.430065,-41.076096,-42.382847,-44.56826,-45.64222,-46.055603,-49.740444,-51.317657,-51.238766,-50.438347,-51.498676,-42.6615,-30.741941,-26.114193,-26.353376,-30.6035,-31.327856,-33.630524,-38.56588,-32.025177,-21.203331,-19.961824,-24.419538,-30.413166,-33.751617,-36.378067,-32.715576,-29.940794,-26.246307,-23.61118,-22.129194,-22.903328,-29.3158,-31.29036,-29.601131,-34.569557,-41.516876,-36.80445,-34.887424,-39.852333,-33.88024,-25.594223,-22.643559,-26.001034,-24.058777,-18.896292,-19.206238,-23.260057,-28.701323,-32.148663,-35.502693,-36.00382,-38.650406,-41.61798,-41.210175,-39.71742,-38.976723,-38.635487,-36.761013,-30.57906,-31.52663,-36.078686,-30.403574,-29.639456,-31.203575,-34.081005,-38.461746,-41.690567,-43.155552,-32.36142,-24.87738,-22.45743,-23.634773,-27.005579,-31.024662,-34.102898,-37.3906,-40.20234,-44.33515,-43.91394,-41.336006,-37.869255,-39.06851,-40.900978,-44.2289,-46.075253,-42.07916,-38.29687,-35.65773,-38.12558,-36.938747,-35.504845,-34.866833,-36.301163,-34.607204,-22.461815,-20.71274,-22.966946,-26.357254,-30.085718,-29.779812,-35.015297,-36.878536,-33.890728,-35.80398,-37.278503,-37.97963,-31.47926,-30.77078,-33.56306,-32.90953,-31.847723,-27.439941,-26.888958,-29.134293,-30.475231,-32.817757,-35.752567,-37.39911,-39.0848,-32.20905,-22.31982,-21.667107,-26.273481,-28.540977,-29.431965,-33.224888,-37.30831,-37.142212,-36.693962,-36.50634,-36.616676,-36.80413,-39.163967,-39.38728,-39.48798,-38.102528,-31.828386,-30.63383,-31.12025,-33.40862,-32.593643,-30.969925,-32.156902,-34.15197,-25.853352,-19.540403,-20.333948,-22.828415,-26.230331,-26.457,-28.884151,-30.623034,-28.817875,-29.479763,-32.70334,-32.80277,-31.79469,-31.150246,-31.514198,-34.791534,-35.50983,-36.074432,-35.08174,-30.499119,-30.465622,-32.60461,-32.52105,-31.132786,-31.966791,-30.404034,-23.339264,-19.96246,-22.155512,-28.045122,-33.864685,-36.678307,-41.212944,-41.849815,-43.391148,-47.334732,-47.98647,-50.808548,-51.438007,-51.65028,-49.95466,-49.329144,-51.790855,-51.825222,-51.260033,-52.198196,-52.198196,-52.198196,-52.198196,-52.198196,-23.106653,-15.962911,-17.549488,-21.275368,-24.160812,-28.675777,-30.91357,-22.340443,-15.482618,-15.294548,-22.406113,-24.576605,-22.824724,-24.676752,-29.513176,-35.67319,-37.42797,-37.824173,-21.191402,-12.9841385,-8.175585,-5.5572124,-6.2320857,-8.383679,-9.920269,-12.278937,-15.356293,-15.306764,-18.912842,-25.47734,-24.05967,-23.327156,-24.556055,-20.629604,-19.924246,-22.780052,-26.453732,-31.10088,-33.29875,-36.445,-31.960028,-30.795729,-25.573875,-25.801561,-32.051895,-34.98275,-36.368645,-35.406296,-35.949352,-39.889915,-40.46639,-35.535465,-22.26976,-19.905252,-24.292307,-24.801815,-27.540146,-31.201237,-34.499084,-38.616623,-39.104294,-39.92495,-37.993225,-38.79406,-38.863445,-39.835712,-42.867184,-45.181618,-42.57658,-32.938637,-30.826283,-31.129171,-34.147224,-37.400326,-40.881905,-46.3522,-41.58512,-29.546755,-26.313988,-27.528723,-30.013952,-35.340076,-36.667274,-40.81421,-46.96498,-47.289055,-45.51024,-47.440933,-50.74806,-48.226105,-44.573933,-43.8899,-45.714436,-47.076916,-45.68811,-50.033592,-49.25972,-34.00429,-25.527767,-28.088457,-32.900684,-23.91195,-20.058155,-18.83569,-20.34708,-27.720984,-32.096077,-23.502567,-18.801085,-18.688656,-21.086443,-23.43882,-29.787624,-31.549292,-29.861252,-30.55049,-31.550724,-30.489006,-29.665512,-31.494823,-32.006,-33.298317,-35.129364,-38.12568,-41.945576,-38.63071,-25.542473,-23.184032,-29.279007,-32.581932,-33.470226,-33.89901,-33.42038,-33.24185,-35.757225,-38.14112,-40.42938,-43.084713,-40.85179,-39.4542,-34.98304,-32.880737,-34.24241,-34.950413,-36.22344,-35.514393,-35.482834,-36.950397,-39.60858,-38.878494,-28.295395,-20.458748,-20.302334,-25.214388,-29.563015,-33.62452,-35.67175,-36.62722,-40.56804,-40.531593,-41.821236,-41.52459,-41.200405,-40.333878,-41.721535,-39.865612,-39.97056,-39.295643,-36.94618,-32.38483,-30.252123,-34.12654,-37.7031,-39.33228,-42.67899,-42.82972,-42.26341,-35.629646,-29.283121,-25.290403,-28.165436,-33.217587,-36.57878,-39.451225,-37.04973,-31.745636,-31.292744,-36.888737,-39.93364,-41.55184,-42.420788,-44.188118,-45.25988,-46.400414,-45.70273,-42.928246,-41.786194,-40.17528,-44.311134,-47.475075,-43.47258,-28.565197,-18.175379,-18.56487,-24.28076,-27.74305,-29.430237,-32.393906,-35.45128,-38.268677,-40.594063,-41.766235,-40.21129,-41.56824,-40.807663,-40.906635,-41.221176,-40.010597,-41.243202,-32.945694,-25.418913,-23.165655,-25.040897,-30.251543,-37.63598,-40.5566,-38.99609,-26.478218,-21.404331,-25.048206,-31.936247,-33.822926,-35.745476,-36.281624,-33.612736,-35.869507,-40.27942,-41.827507,-43.60366,-42.052635,-39.879528,-41.674545,-39.74405,-39.851917,-42.32319,-41.668762,-41.560387,-40.77575,-41.420494,-39.5053,-36.344048,-34.514893,-20.878744,-17.021032,-19.993818,-26.183527,-29.234482,-31.80523,-35.302624,-39.293533,-42.009216,-42.769234,-43.13332,-42.168022,-41.269245,-41.790855,-44.327713,-43.661304,-38.051315,-40.203224,-34.790966,-32.59424,-36.998528,-38.335022,-39.634087,-43.29372,-39.62463,-30.796627,-25.90535,-26.659182,-29.014627,-31.80586,-38.46805,-41.706955,-41.963192,-45.1572,-45.046394,-45.45794,-47.425377,-50.873856,-49.80032,-47.169968,-50.686592,-51.8741,-45.208725,-37.110165,-33.423428,-32.749847,-36.47065,-40.76104,-36.163525,-24.083302,-22.303555,-26.197893,-26.789436,-30.593605,-32.71768,-35.926037,-36.209137,-33.098263,-36.141113,-38.062428,-38.91529,-43.1716,-42.64901,-39.821766,-41.267357,-34.77353,-31.328259,-34.097435,-35.684937,-36.224586,-39.33028,-40.583538,-43.44239,-37.00394,-30.185316,-29.077532,-32.658142,-37.93602,-39.85795,-42.562897,-41.45905,-35.940548,-34.385395,-34.155197,-35.305454,-33.25682,-30.402525,-29.259659,-29.028996,-29.142242,-27.167494,-27.98489,-26.211197,-16.079363,-9.7989235,-10.697236,-14.318834,-16.622303,-17.167671,-17.477915,-16.22535,-18.834246,-20.081987,-20.25956,-20.469093,-22.604828,-31.183064,-35.801243,-34.463512,-37.619137,-34.20871,-33.380447,-36.050835,-34.98243,-35.14109,-34.45992,-34.55937,-38.28362,-41.127953,-42.64734,-44.59796,-37.40335,-26.073753,-26.251907,-31.87876,-33.58214,-35.501793,-37.437244,-36.24234,-40.03174,-44.180656,-46.295982,-44.962288,-44.501923,-41.681114,-43.151344,-42.77083,-45.043816,-49.814766,-48.69716,-47.205856,-46.671227,-47.31382,-42.634487,-39.358162,-36.276604,-21.052359,-18.354923,-22.79476,-25.972973,-29.929375,-31.97054,-35.63894,-38.370983,-44.329643,-43.198242,-43.98937,-47.357277,-45.5768,-40.87606,-41.131737,-43.550762,-43.24614,-30.919659,-28.317894,-30.087698,-20.570887,-17.746721,-21.225277,-24.076096,-24.233446,-24.616566,-21.059244,-21.98999,-24.880953,-30.860756,-33.96671,-35.894794,-40.213943,-44.605576,-44.892063,-45.44676,-45.373764,-38.03662,-24.181335,-21.419685,-25.98646,-29.722649,-28.72234,-31.262638,-33.466793,-34.662025,-35.362003,-39.104294,-37.702126,-23.968409,-20.10508,-20.566555,-24.881975,-29.80204,-34.979317,-36.942184,-26.732035,-20.732365,-20.741447,-23.87117,-29.91334,-37.95484,-36.702477,-38.007996,-42.010838,-37.857224,-31.256062,-31.231897,-33.217815,-34.287178,-34.594418,-37.42543,-40.701466,-35.67456,-22.15319,-19.843376,-23.281391,-28.505924,-33.03801,-35.48518,-39.00833,-43.12294,-44.44185,-45.85189,-43.812775,-44.14959,-49.118996,-49.896812,-40.362835,-27.656458,-22.899311,-23.164246,-27.410465,-25.948456,-18.55899,-16.979218,-18.969482,-18.725754,-17.7026,-16.493189,-18.776602,-21.76282,-23.617304,-25.21285,-26.341095,-26.033686,-27.003557,-19.8651,-15.913077,-14.8319,-14.591503,-14.733109,-15.487865,-15.808947,-16.218197,-15.737764,-15.639883,-17.12639,-18.540722,-20.297108,-22.296673,-22.823074,-21.430637,-19.301357,-18.584778,-19.90838,-21.542871,-21.023685,-20.731945,-21.025429,-20.282692,-20.962349,-22.80206,-22.154495,-21.790154,-21.617092,-20.64886,-20.976223,-21.324383,-20.524117,-19.943876,-19.71864,-20.010342,-20.031187,-20.832264,-20.699074,-20.839771,-20.839949,-19.447205,-18.925077,-18.575933,-19.137104,-21.182081,-20.279106,-22.490513,-31.946468,-40.237373,-29.6876,-20.742771,-18.26366,-18.524153,-25.081282,-36.62621,-33.9133,-30.972788,-32.626953,-31.63987,-33.70564,-41.402878,-36.59334,-36.556435,-31.173164,-23.984161,-26.586884,-32.812428,-35.45368,-35.190773,-38.110912,-42.38102,-43.806374,-42.499115,-42.412144,-42.682846,-42.309654,-42.686153,-43.769146,-39.675495,-37.878826,-42.14533,-44.622856,-43.37133,-41.68714,-42.780907,-40.998287,-42.25544,-41.03895,-27.37485,-22.5484,-20.962936,-22.109423,-26.960686,-28.019112
-44.790577,-46.62776,-47.57893,-48.917053,-47.879276,-38.700718,-36.39176,-43.812416,-51.64425,-50.753075,-50.151764,-46.34026,-40.009056,-39.959255,-42.80979,-38.010094,-31.715033,-27.615322,-23.911112,-21.628891,-17.795275,-16.778263,-20.894787,-23.996038,-24.280033,-25.244862,-25.749619,-25.4498,-25.258823,-28.044048,-39.853065,-43.937553,-40.730206,-31.531961,-28.832762,-30.379332,-32.537876,-33.556385,-32.747536,-32.80763,-38.32509,-36.792755,-32.91899,-32.31133,-27.762001,-24.62941,-24.588974,-28.128826,-34.267273,-36.217255,-36.736977,-39.265816,-39.907616,-39.04754,-40.086292,-37.609222,-37.13891,-39.638416,-36.7041,-38.58606,-40.098305,-37.677452,-34.94869,-36.63224,-41.345093,-38.22354,-38.83469,-39.144024,-39.468235,-29.857626,-25.657084,-27.949564,-32.057594,-34.016563,-38.01434,-43.112103,-48.745304,-47.631927,-47.26152,-41.235126,-39.37768,-41.8161,-45.13426,-43.56545,-44.090557,-40.759514,-40.009686,-41.0879,-40.829536,-39.35232,-39.128574,-41.22078,-45.805298,-29.785172,-22.378384,-23.783281,-28.952477,-32.248913,-34.955296,-38.05454,-42.965702,-41.71604,-42.265373,-46.75493,-46.87133,-43.31656,-43.116917,-40.49598,-40.80375,-42.12626,-40.172493,-34.779163,-35.99223,-37.64193,-36.713047,-37.323483,-39.20033,-43.39239,-40.13302,-31.845478,-29.079779,-32.006706,-35.237564,-38.06691,-43.089127,-42.607227,-38.21294,-34.17726,-36.704712,-43.96068,-42.088543,-40.63443,-44.38241,-37.742256,-37.33458,-39.434288,-40.87741,-42.32609,-45.343937,-45.874863,-40.23054,-36.412132,-27.784275,-22.770859,-26.265497,-30.104427,-34.992996,-36.123146,-37.343155,-41.324215,-45.06845,-45.63781,-46.651245,-48.44141,-48.694145,-40.252148,-39.384,-42.23469,-44.574017,-48.236126,-40.021267,-36.9565,-42.1333,-39.788345,-39.679523,-41.827957,-44.242626,-38.02064,-29.468616,-28.923532,-29.990833,-34.701588,-36.903072,-37.93233,-43.33063,-46.593178,-45.75768,-41.78406,-39.454338,-41.824196,-40.333538,-39.197544,-41.42631,-40.907555,-43.489365,-47.314346,-40.794872,-36.414875,-37.1269,-37.512825,-36.354694,-37.65538,-33.85741,-24.512497,-24.512423,-29.34737,-34.076866,-37.006912,-40.01335,-40.54327,-41.71547,-41.746178,-39.42432,-39.404922,-38.796806,-34.227753,-28.177094,-24.183626,-25.222902,-28.294886,-32.451717,-33.820473,-33.623444,-33.77209,-36.00735,-38.10681,-41.09227,-39.700397,-30.54694,-28.580704,-30.647446,-34.731033,-38.672356,-40.530838,-41.914497,-41.6073,-40.57309,-39.871113,-40.580437,-42.29856,-46.309017,-46.1266,-45.06804,-38.260258,-31.82386,-31.804335,-38.07347,-43.820763,-44.25894,-44.40841,-45.39738,-39.4086,-31.520498,-24.62823,-23.703459,-25.32288,-32.729626,-34.417786,-35.242897,-34.63425,-35.42044,-40.9151,-44.48257,-42.007034,-40.334534,-38.627792,-38.06704,-36.876015,-34.199055,-36.33389,-33.84869,-27.941502,-29.462698,-34.29801,-34.134876,-34.650505,-37.47666,-38.89297,-29.679739,-28.255186,-31.493103,-33.076492,-38.879097,-43.86688,-46.469833,-49.702995,-45.554016,-38.785553,-39.82766,-45.01795,-48.27678,-45.88615,-41.61899,-36.485638,-36.21325,-43.93765,-48.775986,-45.19558,-36.121094,-33.971066,-33.152184,-33.118816,-31.781704,-24.26428,-24.485128,-28.460232,-33.818516,-36.230827,-40.057224,-43.395725,-44.54998,-47.54061,-48.429836,-50.23104,-50.9348,-51.60398,-52.198196,-51.55863,-52.198196,-45.32021,-36.57639,-34.662434,-32.69093,-32.623657,-34.543697,-37.687656,-35.209084,-26.502403,-23.068304,-18.955214,-17.570583,-19.963749,-22.386883,-27.880772,-24.2646,-19.432411,-18.037647,-19.574219,-20.711082,-26.892754,-22.527828,-14.573393,-15.415403,-23.78744,-34.33049,-32.546967,-32.22608,-25.385483,-17.865986,-17.556286,-16.533295,-16.443003,-19.881466,-25.403687,-23.916185,-26.882069,-28.366287,-28.317307,-22.487814,-19.643356,-18.891762,-17.044355,-17.99985,-21.837635,-19.75776,-17.944218,-18.97343,-24.925083,-35.452362,-26.555302,-22.781235,-24.770164,-22.924938,-21.085457,-21.124971,-23.514217,-25.737537,-22.381384,-20.041874,-18.461367,-21.19741,-24.499285,-26.804504,-29.62,-29.550333,-30.270592,-34.650913,-34.43322,-30.777317,-28.42406,-25.934647,-25.31593,-23.845139,-21.926277,-21.417252,-20.387087,-19.099281,-20.420444,-24.405445,-24.083994,-23.251575,-23.82005,-25.357254,-22.498123,-24.330778,-26.13821,-26.851265,-25.26479,-23.408688,-24.46514,-24.896984,-24.137745,-22.78364,-22.702213,-25.051353,-26.382902,-23.613583,-22.125729,-22.47571,-24.210909,-25.386354,-28.184383,-31.576622,-35.836033,-37.179863,-35.00682,-31.5913,-29.07891,-27.235218,-29.152746,-33.045925,-33.8987,-29.799934,-28.159716,-29.822216,-30.14161,-27.865952,-27.550003,-28.723505,-30.485584,-33.63443,-34.798264,-30.662043,-28.199568,-27.341537,-27.820484,-30.669498,-31.184032,-29.309683,-29.141006,-31.187702,-32.436207,-31.16993,-25.832146,-25.403212,-26.291882,-27.023354,-28.274195,-27.614853,-26.85137,-29.007763,-31.7027,-32.80708,-36.712406,-40.61287,-36.627514,-37.21077,-34.400536,-31.964157,-30.242325,-28.02451,-27.84424,-30.031385,-37.10255,-40.84874,-38.869724,-33.80915,-29.97248,-30.781143,-35.815796,-37.138,-38.48964,-41.036915,-37.844574,-38.72222,-41.951195,-43.950386,-42.84744,-42.864784,-40.78609,-38.435585,-37.19917,-38.53265,-40.756706,-40.74663,-38.61057,-33.075855,-34.359695,-38.021122,-39.879982,-40.55056,-28.089043,-21.404799,-24.168415,-31.284248,-34.49796,-38.216805,-40.955982,-43.659634,-46.339207,-46.823456,-48.304802,-51.231247,-52.198196,-52.198196,-52.198196,-51.694584,-51.695065,-41.69998,-32.38829,-27.814104,-29.175482,-35.514687,-34.02595,-35.752575,-40.31509,-30.223625,-23.3788,-21.907135,-23.116776,-29.64041,-34.429066,-34.07511,-35.211174,-34.588562,-34.85333,-35.706078,-39.17283,-39.457813,-41.212345,-30.093678,-26.257206,-32.552544,-42.476135,-38.513176,-35.83711,-39.799217,-37.821457,-36.2343,-37.56646,-34.818226,-25.00723,-21.904957,-24.623543,-27.190859,-32.83635,-35.409615,-35.090477,-36.46035,-39.904465,-43.761883,-45.564285,-45.7077,-38.12123,-36.07371,-36.456028,-32.0021,-33.84559,-35.98104,-31.988361,-31.78874,-32.160877,-34.51832,-39.6784,-43.421608,-44.131317,-28.694134,-22.453802,-25.198374,-30.0282,-34.123753,-35.60919,-37.3528,-41.013508,-42.930656,-44.108814,-42.06878,-40.435646,-38.171978,-37.35496,-41.455482,-43.456993,-43.04684,-43.82664,-41.412926,-38.583324,-39.293804,-38.607685,-38.25235,-39.412,-42.82833,-37.52666,-26.646185,-25.19944,-27.163582,-29.184612,-33.908783,-33.852936,-30.029985,-28.778584,-30.441177,-32.66748,-35.598988,-39.87507,-33.99775,-30.59416,-33.398308,-35.309578,-34.858253,-31.539845,-32.21764,-37.32242,-35.63702,-33.319008,-33.78514,-34.720306,-36.83715,-36.233837,-27.17566,-27.502262,-31.655811,-30.655243,-32.636974,-38.147434,-40.79645,-40.126743,-37.05127,-35.430695,-36.863506,-34.982372,-35.35575,-38.960846,-40.56393,-39.16066,-34.758385,-30.094263,-28.645535,-28.325567,-27.47993,-26.577095,-26.662174,-27.350708,-26.596678,-22.202513,-24.840067,-29.12447,-29.830956,-27.037224,-26.83434,-31.08187,-31.985332,-34.54291,-34.85006,-33.96295,-33.797546,-35.448727,-35.466534,-35.797676,-36.502758,-37.412273,-37.339436,-34.03686,-30.244682,-32.161858,-33.15336,-30.942574,-28.319494,-27.717306,-26.216148,-22.78177,-26.227627,-31.858704,-36.323364,-41.334652,-46.92765,-45.625378,-47.251698,-48.134117,-50.37516,-51.672577,-52.198196,-52.198196,-52.198196,-51.518227,-52.198196,-52.198196,-52.032448,-52.198196,-52.198196,-52.198196,-52.198196,-52.198196,-29.294342,-23.560814,-23.989677,-25.133686,-28.514015,-33.153645,-31.152473,-26.198532,-17.510124,-13.918531,-17.916481,-21.760233,-19.741308,-19.705503,-26.172964,-38.038696,-38.427223,-34.860687,-26.00276,-23.0558,-23.000872,-25.37858,-26.190887,-19.224476,-16.081196,-15.669489,-16.675499,-16.504547,-20.522228,-29.330746,-25.273397,-22.755373,-25.268997,-26.639668,-29.31725,-29.308525,-29.69367,-28.675909,-30.162624,-36.76628,-41.208076,-31.787735,-22.76746,-20.642578,-24.114548,-31.047157,-35.512623,-34.666138,-35.14448,-38.11766,-39.67236,-37.26632,-25.893375,-24.85748,-29.430374,-30.649965,-33.017353,-38.169285,-38.624184,-37.566856,-39.150135,-42.03919,-43.154907,-40.50436,-39.415096,-39.757256,-41.19713,-41.634678,-43.860077,-33.847878,-31.880798,-31.652336,-37.063087,-44.65252,-44.364983,-46.05771,-43.09483,-32.83004,-29.996145,-31.553934,-33.91545,-37.236977,-40.441597,-44.990097,-48.024616,-49.159817,-48.60125,-50.893288,-51.869316,-49.514812,-46.141953,-46.099953,-47.47297,-46.20217,-43.609886,-49.59417,-49.960358,-36.978443,-26.940641,-23.72714,-28.13841,-32.587708,-29.529879,-30.609924,-32.10255,-32.98498,-34.872894,-34.878166,-39.583878,-40.2911,-39.979263,-37.737503,-35.163303,-34.115013,-33.25223,-36.089424,-41.19729,-39.148552,-35.21397,-37.17862,-37.706112,-34.984184,-31.425608,-33.89861,-39.277008,-38.809734,-31.071293,-30.70745,-35.851864,-39.08316,-43.445656,-42.509888,-41.323494,-43.548065,-43.659077,-44.872673,-45.88063,-46.647903,-47.386215,-45.914406,-47.021103,-45.04352,-46.894188,-47.753872,-46.577797,-45.22465,-42.92225,-44.98354,-46.451298,-45.048553,-30.990482,-23.955338,-26.17564,-30.403248,-32.31714,-37.267803,-42.01412,-42.82293,-42.431824,-43.496178,-43.873413,-43.30728,-42.987778,-44.96102,-46.236515,-46.59677,-46.397057,-45.58147,-44.14972,-37.278156,-35.177544,-39.43597,-43.231422,-43.63938,-46.108635,-47.596165,-44.78721,-39.89821,-31.553194,-29.677727,-34.13161,-38.575504,-39.20775,-40.976913,-41.010994,-40.91187,-42.73367,-41.904785,-39.395473,-42.879623,-46.127758,-46.751827,-46.402695,-48.202625,-48.614944,-46.894257,-45.51992,-43.18885,-44.373493,-42.122147,-40.680202,-30.96724,-22.801643,-24.186937,-30.561312,-32.20821,-34.165855,-38.497746,-42.53984,-45.16705,-47.001705,-44.10643,-40.592033,-41.128307,-45.304874,-46.21393,-44.41547,-46.5679,-44.309174,-34.10712,-31.115868,-33.87473,-36.98175,-40.62019,-41.493473,-42.020565,-40.892914,-31.376846,-27.107811,-29.401281,-35.27512,-37.34662,-37.727364,-38.972023,-38.64419,-39.850353,-44.242764,-45.44011,-44.467224,-42.130836,-42.047287,-43.96141,-43.440056,-40.31509,-37.157597,-34.361942,-34.038784,-35.06019,-38.43613,-39.972603,-36.527985,-36.875435,-27.173706,-24.443245,-27.645912,-32.305,-34.31054,-38.165394,-41.639668,-42.87456,-45.605972,-48.594017,-46.996822,-44.162704,-43.002342,-44.986153,-49.062916,-47.01403,-42.212936,-44.306946,-37.500225,-36.001884,-42.56524,-45.924805,-46.98051,-44.73178,-42.189056,-35.58192,-28.885708,-29.062307,-34.253773,-38.03978,-41.953575,-46.990234,-46.98546,-47.7863,-49.261406,-48.13199,-47.8525,-50.018616,-51.694717,-50.393456,-50.364113,-48.249344,-44.12207,-38.06358,-34.198433,-32.092537,-34.087795,-38.484734,-34.093178,-23.615108,-23.194504,-28.679783,-34.223816,-36.18392,-39.451008,-39.737514,-34.52904,-33.04325,-39.48365,-41.039528,-41.077904,-45.530334,-45.852844,-48.176342,-48.98789,-38.25004,-34.925518,-38.344505,-40.619324,-41.99099,-44.58244,-44.58587,-44.335724,-37.54062,-30.296824,-30.748371,-35.705406,-38.6995,-42.81517,-45.93904,-37.539494,-33.69745,-35.3453,-35.247086,-36.031242,-34.863857,-34.611794,-35.984245,-32.945488,-31.355282,-28.695261,-30.129124,-24.899654,-25.177856,-24.611485,-23.455828,-25.170685,-21.29816,-20.919325,-24.503452,-25.888027,-26.265667,-27.242727,-28.796589,-30.544703,-29.536709,-33.174416,-41.452263,-41.653553,-44.751133,-36.823864,-33.914818,-37.71021,-37.41136,-37.895256,-41.77221,-42.836605,-42.3516,-41.986538,-46.67077,-47.889862,-39.90754,-31.506632,-31.088612,-33.61991,-36.414715,-39.511017,-39.885094,-39.273193,-43.108864,-44.73027,-43.86578,-45.24183,-45.664177,-44.540443,-44.217964,-46.242638,-47.750286,-50.00246,-50.72625,-51.63509,-51.75221,-50.15617,-49.362297,-43.24364,-37.300323,-25.171453,-23.04719,-26.809105,-30.919619,-33.87483,-35.742344,-38.658875,-43.940674,-47.506523,-48.755936,-49.13195,-49.5494,-47.88697,-43.49256,-44.22762,-46.18035,-46.427097,-34.595375,-31.811653,-33.74765,-26.939785,-23.675592,-27.01419,-31.4779,-32.576828,-30.160215,-25.247747,-25.852345,-30.3557,-36.557014,-40.37726,-42.50246,-44.702675,-45.540596,-45.031105,-41.312866,-41.63052,-41.39305,-30.718851,-28.368011,-31.97587,-36.318474,-35.122665,-36.734547,-38.74029,-39.95923,-39.0768,-41.159447,-38.8297,-29.484957,-27.661554,-28.959034,-31.7716,-34.8185,-36.84014,-37.678024,-39.607544,-40.30165,-44.36706,-47.7107,-49.747314,-45.850273,-40.534023,-42.366085,-51.10506,-40.2775,-34.01289,-35.862576,-38.18418,-38.16101,-38.61655,-41.81044,-44.359623,-42.463097,-30.949516,-29.657127,-33.14526,-36.859497,-37.869312,-42.601585,-45.403305,-45.05596,-48.275826,-50.468758,-45.56707,-44.579243,-51.77242,-52.198196,-40.649284,-28.766405,-25.051128,-24.30267,-21.392946,-22.372694,-23.571934,-21.644533,-20.82727,-14.876758,-10.208072,-8.063918,-7.4626026,-7.7026405,-8.664463,-9.4462805,-11.865048,-13.050576,-14.87856,-20.206861,-23.140755,-23.274075,-24.1559,-26.822407,-29.350836,-28.851639,-29.276278,-30.433874,-32.15801,-32.230595,-32.090805,-32.303127,-33.058773,-33.76215,-31.803852,-28.218674,-29.672035,-33.529804,-33.44304,-33.16582,-34.278713,-36.167046,-36.825542,-36.082157,-34.867096,-35.240105,-35.831047,-38.55733,-38.734833,-38.551983,-39.874245,-39.657898,-37.70568,-36.53148,-36.41506,-36.714027,-38.52577,-39.008163,-39.46806,-34.548615,-28.29623,-28.802946,-31.566782,-34.758865,-37.88298,-38.263138,-36.51339,-38.850372,-37.036823,-32.8394,-36.298454,-35.860504,-31.926434,-34.31948,-38.335754,-33.717464,-33.586113,-36.911667,-36.824875,-38.34131,-45.44866,-42.92212,-42.843887,-38.20154,-32.14055,-33.691082,-38.064735,-38.967476,-40.26804,-44.42905,-48.04069,-47.949272,-42.83249,-42.394375,-43.949986,-42.886433,-44.737743,-44.440254,-41.558853,-41.501904,-46.64152,-46.491066,-45.15316,-45.176376,-46.10174,-45.28282,-47.276894,-44.490753,-27.749949,-24.887524,-27.847319,-32.90291,-35.942146,-36.746334
-42.05978,-45.714817,-49.893852,-50.715557,-50.85527,-41.58544,-39.848892,-48.551994,-52.198196,-49.824036,-47.51661,-44.897697,-37.582096,-38.57281,-41.857372,-37.462334,-33.776295,-34.950127,-30.754168,-23.145409,-10.52246,-3.556159,-2.0142322,-5.3922462,-12.480618,-19.415457,-24.493637,-24.806902,-22.0428,-24.161177,-32.153336,-34.251514,-38.56936,-25.825714,-18.696795,-21.17542,-28.648968,-29.71092,-27.095377,-24.582115,-31.00536,-33.073982,-27.752142,-26.37751,-27.873241,-28.547852,-27.639462,-30.305841,-33.648697,-36.552784,-39.01603,-40.979767,-41.23213,-39.091724,-41.921406,-43.829617,-43.624405,-42.146103,-40.37181,-38.632626,-38.992313,-42.34867,-38.178085,-40.04202,-38.70927,-36.830097,-38.26304,-41.204395,-43.979797,-34.88557,-30.83036,-32.129086,-35.6342,-36.449978,-39.92393,-44.364418,-49.295506,-49.914574,-47.824715,-41.622246,-40.959007,-44.35485,-47.483185,-44.422337,-44.687046,-42.55816,-41.326923,-40.67366,-43.089928,-41.901203,-41.94391,-41.40675,-39.446014,-32.831482,-26.254814,-27.034126,-31.47835,-35.010418,-40.090286,-43.092617,-43.715538,-44.187695,-45.28202,-45.40992,-44.93145,-45.096478,-46.85756,-42.959908,-41.47602,-42.641273,-39.161156,-37.203064,-40.214752,-40.669746,-32.78601,-29.29498,-34.251087,-42.401283,-42.294926,-34.9614,-32.458427,-34.433647,-34.231388,-35.99355,-42.490486,-42.80273,-39.145676,-33.788227,-35.6087,-43.865044,-43.281143,-42.703316,-46.150127,-42.192364,-41.27591,-43.44306,-44.489666,-43.5392,-47.328243,-49.45259,-42.456604,-37.080326,-29.702013,-24.567123,-27.306797,-32.88783,-35.22247,-37.389885,-38.525932,-40.031868,-41.45328,-41.04087,-43.075813,-48.222424,-51.021362,-44.72877,-43.05387,-45.50228,-46.903576,-48.312916,-42.62217,-38.6754,-41.11721,-40.776413,-40.62005,-43.99115,-46.392914,-44.37107,-30.885384,-27.079828,-30.376558,-34.341293,-39.11389,-41.761566,-42.889038,-44.721497,-46.135517,-45.017365,-42.970505,-41.19139,-39.868496,-39.72511,-40.822807,-40.042797,-42.88588,-47.425632,-41.56364,-35.793785,-35.978065,-40.535297,-40.291336,-39.97617,-31.865034,-25.524817,-28.193438,-31.752098,-33.466,-38.189342,-40.57333,-42.118816,-40.878563,-38.170696,-37.224216,-38.50542,-40.84013,-34.620583,-32.48444,-34.595253,-33.505035,-33.046898,-36.088108,-35.54332,-35.074913,-36.83621,-38.372223,-39.9233,-40.64768,-39.52009,-33.708183,-28.421936,-29.36061,-33.970764,-38.51394,-41.03928,-44.018715,-43.95027,-42.37596,-41.704025,-42.609642,-43.82078,-44.441483,-44.71697,-47.75665,-41.91922,-36.357445,-35.78945,-40.41555,-43.252186,-44.318817,-46.28331,-46.73604,-40.292633,-31.68954,-26.375679,-24.825535,-27.52617,-32.800987,-38.07957,-39.081917,-35.45414,-35.585842,-42.892933,-45.513786,-44.411964,-41.702763,-40.898422,-41.15155,-38.812843,-38.910755,-40.365757,-39.36661,-36.785206,-38.183273,-36.70031,-35.477978,-38.460163,-38.91938,-40.270542,-32.45082,-28.614426,-31.154936,-33.503956,-37.03893,-42.148228,-46.223965,-48.77749,-47.006386,-41.95086,-41.235603,-43.403175,-45.599384,-44.980907,-40.662575,-34.606205,-33.66465,-42.22239,-50.419254,-49.097446,-47.408863,-43.774254,-36.4114,-34.236736,-33.360123,-26.723106,-26.652086,-30.848652,-35.53633,-39.715992,-42.264614,-45.768158,-47.25241,-49.90818,-50.789814,-50.995644,-51.488796,-51.747368,-51.60462,-51.349033,-51.263958,-43.51467,-36.106754,-36.617928,-39.544334,-45.428673,-46.449413,-46.15658,-37.316277,-27.714655,-25.506618,-26.548145,-22.461607,-23.349567,-25.623789,-31.42599,-23.562187,-21.166367,-26.6452,-30.092255,-29.941727,-35.231483,-30.710384,-21.342638,-14.579397,-14.104476,-19.5841,-22.277725,-27.020245,-24.477652,-15.355299,-16.916842,-25.412937,-30.403187,-25.226482,-26.838001,-26.926815,-26.309107,-28.728165,-26.830914,-26.040375,-26.846407,-30.080717,-31.214273,-30.617985,-25.67542,-26.168938,-32.446857,-30.946342,-31.813885,-34.1437,-27.649567,-27.445543,-24.86284,-20.862595,-21.175297,-23.357046,-23.821697,-24.46665,-28.030947,-25.500336,-23.209686,-24.799614,-28.500776,-28.703794,-28.933243,-29.616192,-31.433256,-36.1747,-35.2752,-30.517239,-28.963398,-27.869553,-24.69595,-22.697414,-23.738577,-26.894688,-32.000595,-35.606712,-37.78769,-37.363148,-34.82505,-35.266994,-37.43391,-27.496986,-23.338873,-26.629885,-27.967907,-31.00714,-34.79747,-36.74895,-35.864902,-36.690666,-36.83114,-36.140823,-37.257008,-36.189625,-37.34682,-37.47904,-37.824905,-37.402718,-35.66995,-36.815247,-38.012432,-38.57118,-40.89736,-41.6064,-40.541748,-37.979485,-36.731194,-33.943092,-34.180237,-34.907326,-35.473293,-39.789127,-41.160683,-39.735558,-39.392254,-40.086613,-39.1684,-38.82379,-41.168903,-44.35737,-44.37523,-40.990913,-38.670578,-39.28724,-39.30733,-40.547806,-44.17883,-42.471165,-39.16182,-40.958332,-42.723206,-30.045227,-23.673584,-26.118803,-30.399084,-34.638683,-37.195824,-38.177734,-37.959553,-40.457466,-42.763283,-40.519463,-40.576252,-41.250053,-36.50459,-38.064888,-39.11736,-37.012897,-34.400917,-33.719593,-35.950825,-39.397614,-40.480415,-42.887123,-41.908737,-37.25707,-31.436192,-31.409426,-33.164677,-37.099003,-41.898235,-41.35388,-40.338028,-42.603912,-43.35867,-41.573982,-41.27321,-40.928665,-38.98621,-36.463543,-37.051083,-39.424484,-42.14402,-41.43812,-38.822857,-35.713936,-36.114338,-41.175694,-43.63605,-44.240128,-30.377499,-22.359407,-22.6041,-30.082827,-34.250084,-36.46526,-39.148373,-43.72323,-50.361244,-50.359352,-48.49514,-48.517097,-51.970627,-51.426662,-50.510273,-51.91324,-52.198196,-43.14785,-32.899315,-30.4291,-37.60807,-45.230415,-44.817078,-44.70343,-46.491432,-33.25614,-26.48586,-25.55358,-27.502476,-31.608278,-36.201187,-38.558556,-37.44536,-34.923077,-36.52961,-39.590538,-39.289783,-36.872353,-38.68488,-31.26067,-20.902729,-20.34941,-25.846699,-27.744415,-29.622545,-38.5756,-33.28898,-32.538456,-35.505814,-37.9766,-27.624376,-23.206617,-25.54945,-31.34742,-35.07362,-36.098923,-36.77874,-37.302826,-37.542187,-39.056133,-42.20917,-40.01686,-38.245525,-40.019722,-38.839104,-34.25247,-35.867023,-40.196022,-34.49278,-33.88768,-38.297527,-41.72078,-45.03782,-45.431423,-45.214596,-30.700777,-24.020897,-26.149443,-31.302258,-30.683998,-33.485054,-38.016705,-43.530975,-44.0017,-45.256004,-41.933674,-41.274887,-40.89735,-40.06081,-43.09023,-45.6718,-45.34437,-45.449135,-43.11631,-38.764282,-40.28504,-42.462963,-40.37938,-39.92296,-42.71009,-40.42189,-27.783014,-24.63152,-27.780231,-34.011692,-36.288975,-37.318108,-35.70714,-32.813942,-33.034695,-36.149937,-39.837086,-42.511963,-35.32778,-32.504356,-34.535713,-39.17145,-36.714912,-33.37405,-36.16328,-40.03398,-37.871193,-39.453205,-39.353073,-38.969715,-40.508656,-35.288883,-25.054113,-24.312965,-30.50167,-34.39966,-31.755909,-33.307423,-41.8372,-42.66691,-39.271107,-37.99114,-37.46285,-37.932278,-38.609478,-39.568443,-40.588043,-39.979626,-34.761635,-32.406837,-33.80217,-34.695858,-34.02057,-33.05638,-32.26353,-34.271477,-29.539532,-22.91397,-22.665188,-27.367405,-32.021515,-32.059666,-33.618652,-33.477543,-32.45233,-35.879272,-36.957253,-35.11289,-35.38574,-36.449825,-35.17049,-35.526443,-39.233532,-39.525978,-37.31944,-35.673214,-36.112274,-36.552208,-35.096085,-31.09983,-30.379782,-28.89275,-26.818516,-24.32327,-26.672035,-30.650986,-35.09513,-42.05729,-47.801346,-47.44997,-49.163204,-50.880146,-51.66472,-52.198196,-52.198196,-52.198196,-52.198196,-52.198196,-52.198196,-52.198196,-52.198196,-52.198196,-52.198196,-52.198196,-52.198196,-52.198196,-30.852554,-22.905638,-21.789267,-25.563454,-32.713604,-35.820824,-32.67363,-21.371088,-19.943111,-26.28419,-29.09239,-27.810774,-27.018072,-28.247948,-32.77211,-37.14734,-29.342287,-29.332838,-20.64066,-14.035932,-15.6103115,-22.565794,-29.810978,-26.963417,-26.058092,-29.740673,-34.974506,-29.252487,-25.620876,-27.067486,-27.60826,-20.60848,-18.169868,-19.316837,-20.067022,-25.123135,-29.216515,-31.667797,-34.216118,-36.934452,-34.493145,-25.778105,-19.459332,-18.03853,-20.284664,-26.970442,-34.364697,-36.69864,-39.18256,-40.164536,-41.72561,-40.34315,-24.309036,-21.832687,-26.23547,-29.11908,-32.788002,-33.021313,-34.690483,-40.57479,-45.42218,-44.980923,-44.9423,-45.18429,-43.69609,-42.73602,-43.289047,-41.949154,-43.285374,-39.991535,-37.346264,-36.63729,-41.431564,-46.927193,-40.77851,-39.423607,-41.123737,-29.867756,-26.330402,-29.750727,-36.521534,-40.60108,-44.012062,-47.5135,-49.752296,-51.87263,-50.854702,-52.198196,-51.38122,-52.198196,-52.198196,-52.198196,-52.198196,-48.176872,-44.256805,-50.28202,-51.517376,-38.05196,-30.924255,-20.664276,-16.064156,-18.104532,-23.513868,-24.275688,-25.076584,-31.251183,-32.15352,-29.068592,-34.70321,-38.910923,-38.434822,-32.97519,-33.80477,-39.90744,-36.43859,-37.17774,-40.68344,-38.83409,-34.510517,-37.85266,-43.615536,-39.080845,-34.29358,-36.74701,-41.30372,-41.726116,-31.887114,-28.00065,-31.343481,-37.915585,-39.664425,-43.536472,-45.521816,-43.13472,-43.665207,-45.523987,-46.895264,-45.63705,-45.782684,-45.90353,-48.482113,-48.430466,-48.050728,-45.52639,-46.452156,-47.08738,-45.88625,-49.11625,-48.982407,-49.38454,-34.422535,-26.524975,-25.680637,-27.554523,-31.969442,-38.686874,-41.592754,-42.204327,-43.63914,-42.3388,-45.23815,-45.91959,-43.43834,-44.23506,-46.389977,-47.093845,-46.547478,-47.3259,-49.984818,-38.697563,-33.723923,-36.250946,-40.470165,-40.885387,-45.047115,-47.58896,-45.456764,-37.836487,-28.77232,-26.257526,-29.447975,-36.54857,-39.343994,-40.42404,-41.72548,-43.198097,-45.081295,-42.359627,-38.875874,-44.185963,-46.72294,-44.34374,-41.394302,-43.171906,-44.234272,-43.23513,-46.887417,-44.349564,-43.88198,-43.517002,-45.487022,-34.608116,-23.998932,-23.94738,-30.539686,-33.239483,-35.727417,-37.544697,-39.456085,-46.652508,-48.542824,-46.284122,-42.14389,-44.298004,-42.549557,-43.726784,-46.90445,-46.094055,-44.937557,-36.364296,-32.366074,-31.326979,-33.178352,-37.21834,-39.55424,-39.49877,-38.775322,-26.586035,-23.121227,-27.331547,-30.378288,-33.805958,-34.7358,-36.600548,-39.332237,-39.96904,-40.177402,-38.999554,-39.67965,-41.741577,-42.84433,-43.27649,-41.76403,-42.174374,-41.814785,-40.41031,-40.200504,-36.774757,-39.031506,-41.274483,-37.135624,-37.513947,-28.74533,-24.491207,-26.392803,-31.438053,-35.82561,-37.35254,-37.83318,-41.021976,-45.501057,-49.74976,-49.70962,-48.186905,-49.46094,-50.45027,-52.198196,-52.198196,-49.718456,-46.2912,-39.002247,-34.603317,-37.10312,-42.442726,-45.807117,-44.917595,-41.628662,-28.69313,-22.411348,-25.4725,-33.310066,-37.110863,-38.896286,-41.430492,-46.42199,-47.61394,-47.654846,-48.267216,-49.20891,-50.899117,-50.667362,-50.05781,-51.054268,-50.931725,-47.203148,-41.067528,-37.89562,-36.469597,-37.82666,-41.691605,-35.151947,-23.483963,-20.161142,-23.343382,-28.283638,-29.795586,-34.015602,-38.87941,-37.912617,-38.232464,-39.678234,-38.379055,-39.377552,-47.27172,-47.24045,-46.555767,-47.001816,-41.82464,-37.527462,-38.61212,-40.23076,-42.125237,-41.56366,-42.927917,-43.852596,-37.013615,-29.646221,-30.370161,-35.495506,-39.554886,-43.969555,-45.5207,-40.03469,-35.69794,-37.308475,-37.04005,-38.657692,-36.853374,-33.33266,-34.43181,-35.549843,-31.185959,-29.68191,-33.528374,-30.781895,-20.512125,-15.571838,-17.467424,-21.144444,-23.38628,-23.839758,-20.359043,-19.406431,-26.061495,-30.335283,-30.537125,-29.242277,-27.11796,-31.85647,-42.516064,-45.06058,-44.463715,-38.968437,-30.950817,-29.78238,-34.515797,-38.077065,-39.98798,-43.786625,-39.369614,-37.97215,-40.49975,-41.78569,-38.99101,-31.494022,-29.630224,-32.370308,-36.05519,-40.258045,-43.442444,-44.69516,-45.49788,-47.640587,-47.61084,-49.141888,-46.619568,-43.752335,-44.131565,-43.994328,-46.146095,-48.499397,-48.097397,-46.82596,-47.566875,-50.00298,-50.797432,-46.38867,-42.877144,-30.196918,-27.066763,-29.23441,-33.5846,-37.01986,-38.086292,-38.814636,-38.878937,-44.85411,-47.914146,-48.557938,-50.68363,-48.78164,-44.87419,-46.03073,-48.536472,-49.572124,-41.436504,-36.959774,-37.65941,-32.04786,-34.015064,-44.63572,-44.79171,-43.368217,-35.761368,-27.723274,-26.374088,-28.163378,-33.305374,-38.38039,-38.426815,-40.82861,-40.341816,-40.05252,-42.551685,-45.396618,-43.888954,-34.60169,-35.620434,-42.22413,-44.32781,-43.765587,-44.97783,-43.131977,-40.02745,-45.455193,-47.677757,-42.63294,-31.29884,-28.300896,-30.673695,-32.692894,-35.92543,-37.84616,-39.15194,-40.397964,-39.614216,-42.71109,-49.34558,-48.4311,-46.12125,-44.413685,-45.096897,-50.550083,-39.566257,-32.803272,-34.578556,-42.190434,-44.072384,-45.25581,-47.452568,-49.99348,-47.425255,-31.77604,-26.282824,-28.02853,-34.235474,-37.819168,-42.802677,-45.52839,-47.142124,-48.97509,-47.659744,-47.234768,-47.864517,-52.198196,-52.198196,-41.82956,-29.620796,-27.300594,-29.305798,-21.021877,-17.906855,-22.572851,-28.629978,-29.674616,-29.747765,-26.673218,-19.301321,-13.747517,-10.96998,-10.43137,-9.770266,-9.518346,-8.022828,-6.6931577,-6.1974125,-6.0157166,-6.866324,-6.8946214,-7.271502,-7.5512924,-8.17761,-8.59365,-8.708438,-9.056095,-9.1285925,-9.6004925,-10.3251915,-11.309609,-11.862713,-12.421997,-13.950792,-16.259497,-15.135154,-14.387807,-15.392484,-17.721437,-18.515837,-17.112118,-17.139076,-17.236588,-18.052128,-17.554356,-17.980299,-20.2743,-21.523758,-22.324512,-21.76859,-21.46285,-21.436054,-21.920067,-22.193321,-22.221645,-22.444313,-22.726795,-23.1391,-23.137205,-21.874165,-21.293941,-22.39058,-22.172626,-20.71187,-23.678955,-31.918833,-35.16169,-31.216694,-31.695965,-34.727398,-35.672256,-36.72808,-36.74957,-31.100163,-29.877087,-30.325851,-30.393452,-34.90764,-44.667454,-41.630966,-39.005577,-37.12635,-30.768995,-29.18475,-34.820545,-36.359127,-37.879665,-43.43975,-44.00478,-42.865425,-45.450893,-47.41581,-46.697426,-46.278435,-43.49243,-42.676716,-40.976196,-42.53041,-47.9907,-49.781975,-49.91634,-51.176956,-50.03199,-48.834534,-48.929626,-47.30098,-33.88124,-27.604368,-27.707825,-33.026222,-39.077145,-37.034744
-43.476772,-47.5087,-50.68546,-51.62986,-52.198196,-43.655136,-41.126976,-48.46798,-52.198196,-52.198196,-52.198196,-46.220192,-38.13371,-38.976944,-43.32071,-37.943264,-30.915508,-26.102528,-27.938442,-30.893463,-24.281494,-12.445131,-6.2877297,-6.3707027,-5.9056716,-5.679114,-6.880626,-8.699997,-10.133093,-15.534629,-27.334919,-32.402115,-34.759525,-26.48548,-15.93289,-11.586254,-10.822588,-11.71599,-12.1592,-13.879171,-24.056978,-33.871773,-23.281322,-16.536518,-13.563323,-13.448953,-14.349824,-14.870924,-16.359226,-18.59599,-21.540136,-26.036709,-29.040054,-32.14112,-33.646812,-34.960686,-36.464287,-41.277996,-42.04992,-39.810432,-39.30814,-41.118164,-37.71275,-37.511345,-37.690895,-36.78372,-38.21235,-41.40856,-43.26983,-33.849686,-31.478134,-33.346825,-37.216885,-40.17832,-44.329826,-45.918545,-46.6037,-48.741158,-48.743103,-42.462265,-42.353554,-47.284332,-50.41285,-47.41092,-44.847473,-41.873684,-43.846264,-44.52289,-44.848156,-43.366074,-43.311104,-43.431038,-45.586834,-33.64288,-25.157154,-25.361504,-29.667542,-37.072906,-40.566956,-43.036697,-43.76871,-43.026382,-44.56639,-47.63787,-47.72856,-47.83621,-50.06777,-45.378933,-43.626366,-44.45716,-42.703857,-38.80352,-38.826134,-41.89951,-38.48709,-33.630558,-33.728863,-41.274414,-45.916653,-38.04066,-35.927174,-35.27229,-33.47447,-37.860268,-42.454075,-42.140823,-39.811943,-34.207005,-35.647713,-42.887337,-42.7509,-43.305454,-46.418533,-39.31375,-35.822433,-36.370586,-40.723534,-42.24487,-46.5832,-50.27859,-49.73173,-43.39531,-32.361526,-27.29351,-30.110802,-34.2047,-35.859245,-40.25795,-43.16234,-43.458805,-45.94005,-46.652916,-47.924965,-49.049946,-50.47268,-47.596283,-46.658344,-49.294563,-48.877823,-49.755283,-42.63536,-35.62831,-37.458344,-40.822975,-41.939507,-46.72931,-49.34492,-40.87909,-27.795128,-26.362915,-31.753464,-36.21396,-40.509445,-44.89573,-45.7845,-47.877563,-49.37829,-44.967934,-41.473083,-41.732224,-42.95558,-46.15078,-44.990685,-44.520893,-47.065678,-48.94908,-42.935112,-38.59736,-37.880108,-38.339073,-38.9713,-40.303734,-31.008532,-23.634336,-25.808199,-32.158714,-34.480213,-37.883392,-41.203835,-43.11251,-44.48709,-44.499443,-43.617493,-43.166256,-43.814598,-36.496387,-30.22873,-30.028946,-33.325294,-34.06104,-32.432053,-35.346962,-41.312492,-41.851646,-43.130154,-44.154778,-45.390373,-39.042164,-28.699848,-27.348469,-32.519604,-35.986526,-38.7255,-41.304493,-44.476265,-46.054234,-43.175583,-41.103348,-42.94578,-44.584904,-45.531765,-46.040077,-48.662663,-45.20958,-40.64267,-39.753677,-42.849022,-48.302998,-49.174324,-49.56637,-46.70013,-40.505356,-29.413303,-23.235851,-25.766056,-33.148228,-35.48424,-39.941788,-40.170876,-38.586086,-39.908813,-45.11127,-45.763687,-44.976837,-44.06754,-43.112873,-41.709385,-40.825096,-39.51944,-39.626583,-37.2732,-35.039974,-37.403103,-38.898247,-37.152924,-39.141167,-42.68959,-41.976013,-31.433619,-30.214483,-33.111885,-35.096287,-39.19002,-44.923977,-47.046795,-49.522606,-46.003136,-41.609177,-43.119713,-44.955734,-47.61459,-44.82982,-40.915627,-34.723747,-35.36877,-45.68782,-50.459755,-47.264442,-39.96042,-39.851173,-37.197624,-35.557037,-31.054596,-25.558853,-28.221006,-34.227375,-36.130264,-40.276894,-43.176617,-46.85452,-47.549015,-49.424034,-52.198196,-52.033543,-51.83677,-52.198196,-52.198196,-50.30967,-49.4445,-47.713276,-41.388966,-39.431606,-40.94952,-46.29421,-48.307854,-47.03682,-36.8343,-27.078428,-23.43393,-21.450314,-22.116926,-25.058918,-26.012556,-30.316933,-21.572155,-16.438349,-18.225435,-22.58635,-26.122522,-33.027454,-30.532413,-24.981377,-23.64587,-21.589567,-21.344011,-21.50418,-26.83599,-28.105549,-15.090457,-10.455932,-10.577821,-11.838666,-11.819478,-18.291737,-27.952717,-29.35638,-30.30361,-29.517496,-26.305082,-20.361803,-17.831581,-16.721483,-19.126022,-25.458067,-24.123283,-21.625177,-22.340033,-27.996456,-35.30352,-31.086245,-29.13506,-29.723282,-28.596336,-25.639551,-25.938946,-28.597378,-29.137249,-29.478863,-23.589115,-21.407406,-22.368229,-28.672731,-32.915882,-33.60558,-33.44361,-34.38896,-38.05081,-37.129128,-32.27395,-30.926453,-29.068193,-26.72882,-22.974188,-21.59108,-20.674683,-20.430199,-21.62647,-25.182934,-31.153841,-34.448303,-32.65346,-30.953281,-28.185696,-24.277534,-26.196255,-28.963688,-29.427334,-28.972628,-28.37474,-28.555086,-29.216032,-31.551262,-32.637383,-31.71083,-34.00822,-38.53183,-35.012146,-32.22767,-32.318703,-32.938065,-34.60563,-38.530354,-37.581345,-35.531605,-36.80513,-39.97077,-38.42665,-37.31182,-31.790464,-32.811886,-36.38026,-36.716743,-35.039906,-34.152985,-35.48389,-34.857475,-34.296127,-34.58184,-34.54187,-34.75299,-35.84008,-36.578278,-35.21148,-33.334038,-32.37082,-34.221348,-37.21874,-36.68084,-35.367645,-34.54779,-35.500813,-38.503273,-33.958656,-28.728687,-29.803532,-29.342335,-30.463074,-33.134468,-33.728355,-32.977932,-33.184784,-36.92391,-41.217503,-44.68299,-44.880898,-37.554955,-37.620785,-37.05068,-35.130974,-36.06099,-36.762363,-39.66401,-37.633045,-38.68982,-44.388638,-43.50966,-35.961754,-28.487673,-30.38069,-35.125103,-36.756737,-38.020153,-39.92515,-41.008205,-43.67168,-46.23906,-45.60597,-44.167282,-39.520084,-37.44116,-37.161522,-39.21235,-42.7746,-45.348724,-44.145294,-40.10073,-37.831722,-37.62603,-40.926743,-45.444168,-44.749992,-34.5335,-25.308245,-25.068123,-31.963593,-37.88552,-40.27098,-43.54784,-47.240227,-49.687515,-51.809814,-50.851234,-51.20015,-52.12576,-52.198196,-52.198196,-52.198196,-52.198196,-44.07938,-34.1658,-32.692623,-35.72814,-40.81074,-42.55464,-44.11257,-47.721706,-31.327122,-22.659214,-22.674984,-29.72681,-33.501373,-38.375298,-39.99171,-37.665718,-34.38059,-31.053677,-30.39252,-27.930185,-28.24178,-34.76007,-32.91353,-24.428797,-21.770346,-21.558506,-22.284096,-26.208675,-38.84346,-35.301117,-29.740944,-29.245441,-34.544083,-30.62669,-25.94797,-27.744377,-33.415955,-35.41613,-39.06858,-41.00697,-39.641586,-40.458088,-43.18558,-45.62084,-44.11221,-39.61069,-38.91958,-41.240788,-36.121098,-35.236214,-36.453815,-34.71229,-34.232246,-36.474564,-37.98446,-44.117794,-50.787334,-47.289093,-30.64346,-23.508425,-25.196468,-28.745022,-31.825449,-35.959465,-39.159386,-38.79277,-41.81366,-45.562157,-42.575844,-42.094658,-41.412315,-40.897903,-44.413258,-48.172783,-47.523888,-44.43821,-42.739365,-41.00536,-42.003242,-39.771942,-38.290836,-38.44117,-40.58027,-40.73683,-27.320145,-24.058992,-29.07312,-35.587154,-39.014427,-39.380203,-37.189774,-37.917255,-40.850277,-42.123802,-41.893074,-44.767414,-38.36457,-36.321274,-36.54488,-35.588478,-35.625294,-33.05118,-34.67673,-41.44754,-40.822796,-38.77754,-37.47052,-36.849007,-39.814976,-34.93582,-26.702024,-28.079147,-30.552675,-30.070946,-31.963556,-38.71636,-41.689396,-41.681664,-41.010757,-41.56937,-42.618412,-38.517105,-38.674095,-40.529724,-42.226353,-43.46724,-38.052265,-34.49104,-34.624237,-34.860275,-33.42893,-32.614906,-31.777447,-33.40134,-32.38185,-25.96317,-27.16507,-30.799076,-34.06334,-32.50314,-32.853905,-35.966343,-36.717022,-39.63636,-40.657497,-39.99077,-38.46369,-38.940323,-39.20345,-37.92416,-40.07193,-40.120514,-37.787598,-36.391273,-37.489338,-37.88789,-36.041,-32.6076,-32.81031,-32.159073,-29.713442,-26.844904,-28.789234,-32.101353,-38.95547,-44.479755,-45.88405,-48.13269,-50.65222,-50.91921,-52.198196,-52.198196,-52.198196,-52.198196,-52.198196,-52.198196,-52.198196,-52.198196,-52.198196,-52.198196,-52.198196,-52.198196,-52.198196,-52.198196,-32.953712,-24.983034,-25.574808,-30.084135,-35.56595,-38.623737,-34.09025,-25.09748,-16.204693,-15.736241,-22.811348,-27.859728,-26.815117,-26.22839,-30.110476,-35.36581,-28.138992,-28.555897,-17.62764,-9.750215,-7.4981537,-6.728198,-8.150259,-9.08458,-10.247928,-12.817697,-14.934471,-15.831405,-20.269773,-26.917633,-26.455679,-25.145273,-25.783695,-17.683159,-15.871678,-19.505108,-26.750988,-36.852905,-37.23889,-37.991947,-37.749527,-28.130066,-23.409498,-28.179604,-34.29567,-37.139244,-37.998497,-37.472042,-39.190468,-41.58615,-41.867367,-39.959427,-27.886965,-25.877907,-30.235538,-33.227135,-37.664463,-40.99117,-38.59784,-41.10749,-46.1184,-45.537205,-44.949394,-45.509438,-45.54049,-44.022068,-47.394844,-46.881348,-47.257824,-39.91411,-37.226223,-39.39455,-42.378864,-47.881813,-40.848164,-38.409588,-39.31104,-28.775455,-28.028675,-32.616524,-37.645237,-43.39094,-43.987366,-48.110394,-48.892036,-50.14893,-49.72513,-50.436207,-50.426098,-52.198196,-52.198196,-52.198196,-52.198196,-48.901062,-42.94142,-47.896618,-52.198196,-39.113674,-31.423738,-28.474728,-20.322752,-17.08918,-16.340721,-16.32259,-18.902933,-28.202118,-30.182365,-20.741713,-17.24775,-17.957306,-21.597176,-25.06987,-30.769726,-38.986446,-29.092825,-25.471077,-26.27045,-26.519627,-27.651741,-33.96702,-41.556454,-43.626724,-44.44029,-45.350143,-45.57596,-44.268566,-35.590416,-32.1031,-34.1129,-35.635757,-35.162586,-37.747482,-38.98171,-38.65617,-40.133137,-40.95799,-43.98584,-43.267845,-42.625977,-44.281822,-46.278625,-46.108288,-44.669834,-43.591095,-43.73593,-43.18117,-41.960106,-43.390663,-43.698162,-45.924915,-35.492188,-27.832935,-27.485397,-28.859768,-34.124577,-40.778046,-43.306736,-43.926907,-43.8868,-44.863434,-46.055573,-46.13581,-44.359398,-45.997772,-47.876183,-49.073196,-49.8737,-48.26935,-49.38645,-45.20258,-40.23681,-40.435944,-44.20842,-44.987946,-46.132507,-47.340412,-45.458443,-35.128838,-29.460403,-29.680508,-33.50247,-37.4342,-36.225086,-40.300426,-36.75645,-32.63334,-32.192684,-35.822075,-39.366703,-44.794197,-46.55963,-45.769463,-42.10543,-41.20791,-42.49661,-43.36531,-45.53006,-42.253986,-44.756466,-44.55194,-45.5085,-37.558327,-27.490612,-26.27033,-29.153172,-34.587845,-37.800102,-41.60186,-44.093422,-48.16031,-48.236965,-49.60923,-47.507324,-46.802505,-42.5512,-43.30067,-46.195225,-46.6217,-46.35782,-37.81346,-33.95514,-34.2124,-36.541355,-38.24106,-39.612347,-41.536327,-42.14497,-29.459764,-25.085814,-27.877445,-33.003902,-36.67008,-37.80563,-38.902916,-39.549576,-40.673275,-40.157112,-39.388683,-41.63507,-45.939007,-44.825253,-44.33667,-43.571068,-43.961098,-44.508377,-42.532467,-43.219868,-43.468357,-45.365013,-44.741203,-39.89455,-38.091995,-29.799618,-25.38698,-28.56734,-33.723873,-38.765976,-41.617973,-40.126015,-43.210102,-47.38096,-50.001377,-49.34294,-48.52233,-49.71041,-50.316017,-52.198196,-52.198196,-49.262203,-47.320705,-42.73446,-38.778862,-41.566105,-46.75568,-50.603374,-49.864403,-44.874973,-32.39874,-27.538824,-29.433615,-33.001354,-38.474945,-41.90554,-43.756134,-45.49643,-46.391953,-47.116806,-50.9116,-52.198196,-52.198196,-49.976646,-47.34378,-49.23077,-51.63315,-48.21802,-43.892193,-39.23289,-37.42825,-38.74571,-42.286186,-38.06702,-28.73268,-27.798862,-31.333029,-31.13694,-30.97001,-35.473106,-42.411266,-39.4739,-36.170856,-34.016315,-35.420288,-41.56446,-46.469368,-43.415413,-42.04541,-42.008205,-39.330437,-35.7602,-38.55998,-42.347675,-44.685383,-44.998974,-45.214314,-42.373436,-35.934708,-28.442163,-28.612553,-34.41848,-39.611496,-42.916626,-46.42064,-41.62535,-39.65817,-41.939842,-43.248085,-43.151035,-42.6837,-38.53739,-37.17021,-35.605118,-35.164406,-31.749075,-32.69072,-27.289343,-21.61025,-15.89939,-16.271496,-20.002579,-23.243425,-25.360987,-23.321953,-22.322405,-24.728989,-24.198582,-24.762218,-26.272505,-28.197643,-33.345085,-42.72258,-43.21291,-43.09629,-41.219917,-30.73964,-27.522377,-32.434265,-37.597633,-40.775093,-43.81047,-40.519188,-39.91656,-38.449226,-38.697998,-38.077705,-31.907154,-30.725525,-33.737415,-37.16536,-39.70877,-41.352505,-44.38921,-46.345543,-49.158154,-49.26664,-48.22376,-46.80532,-45.27998,-46.846664,-47.80002,-49.636463,-51.86898,-52.198196,-52.118828,-50.901802,-51.146477,-51.623383,-47.634468,-43.506374,-28.472918,-25.88372,-30.799831,-36.6121,-36.078484,-39.49352,-41.95111,-43.37746,-47.38282,-49.37123,-51.20644,-51.578285,-51.59797,-51.4772,-50.581173,-50.20487,-50.904507,-42.63575,-38.627705,-38.29981,-30.666819,-32.540962,-43.584526,-46.4506,-44.523655,-33.986084,-26.807178,-25.841234,-29.554176,-35.64863,-43.24221,-42.04738,-42.887474,-41.81891,-41.64251,-44.369926,-48.457016,-44.463123,-34.457737,-35.76799,-42.780796,-43.928947,-43.72956,-43.510647,-35.451256,-31.9637,-38.808224,-45.56964,-42.724586,-32.532322,-27.391397,-29.223454,-33.393967,-37.638336,-39.704376,-40.370296,-40.600113,-41.707443,-47.23152,-52.198196,-50.615597,-50.538982,-46.944866,-45.074753,-48.3359,-43.970467,-36.70626,-37.01797,-43.64917,-47.035904,-47.987625,-49.72061,-49.395447,-45.9232,-33.120552,-28.115204,-30.29324,-37.22854,-40.800827,-45.775528,-47.89187,-49.39575,-50.11534,-50.070835,-44.85214,-45.674385,-52.123417,-52.198196,-40.847816,-31.77822,-29.191797,-28.449533,-28.167849,-27.005959,-25.609451,-25.186255,-24.863861,-18.50808,-15.643938,-15.360255,-17.462103,-22.40803,-26.38222,-28.146927,-28.284348,-28.914665,-26.666185,-19.388365,-15.44709,-14.497457,-14.225294,-14.530412,-15.513997,-16.161201,-16.492245,-15.705953,-15.356541,-16.31636,-17.440182,-18.298023,-19.62242,-19.951782,-19.066023,-18.988493,-20.522787,-19.94734,-19.420872,-20.244293,-21.63762,-22.256245,-21.962011,-22.272934,-22.228987,-22.709627,-22.61538,-22.18187,-23.0784,-23.950962,-23.932802,-22.996964,-22.479954,-22.42647,-22.987421,-23.452063,-24.206533,-24.583967,-24.015118,-23.935946,-23.906687,-22.44835,-21.600912,-22.339937,-23.001873,-22.807182,-26.535475,-35.283314,-37.114975,-32.738403,-24.726212,-21.399067,-21.909513,-28.425259,-38.639297,-35.175735,-33.51612,-29.980085,-28.333046,-32.899963,-46.10298,-39.485394,-33.205826,-32.739536,-30.129517,-31.237286,-36.994747,-39.3296,-41.3706,-45.0381,-43.854275,-41.696198,-44.958176,-45.46692,-43.859676,-44.93792,-44.259697,-46.18076,-43.222507,-42.852062,-45.850826,-46.621048,-44.39381,-45.587914,-49.59513,-47.76889,-49.88694,-47.67275,-33.470634,-28.643307,-29.450912,-34.988438,-41.368294,-41.427788
-45.620262,-50.16067,-52.198196,-52.198196,-52.198196,-43.867195,-38.776917,-44.51513,-52.198196,-52.198196,-52.198196,-45.281166,-36.53232,-37.67591,-42.632133,-34.768185,-30.295677,-25.565819,-23.455006,-23.76914,-19.1524,-18.76656,-22.908258,-26.679047,-23.415604,-17.223003,-15.051042,-16.793386,-21.212215,-27.417372,-39.27214,-44.232807,-39.99062,-32.07003,-30.457716,-24.6984,-19.678564,-21.362942,-25.353231,-26.400509,-34.54903,-38.342545,-34.42317,-31.928963,-25.824524,-22.95376,-23.189014,-24.387777,-26.594166,-27.379648,-27.902964,-31.82645,-36.276115,-36.46797,-37.317566,-41.220497,-42.860416,-42.42623,-40.68607,-42.249405,-42.157066,-40.745087,-36.511036,-37.23557,-41.680927,-41.066116,-42.413567,-45.493286,-44.12554,-30.904793,-29.334743,-34.417843,-36.87567,-38.578537,-43.879604,-47.75994,-48.288593,-50.26969,-51.693497,-46.560165,-45.807682,-47.996735,-49.36163,-49.550278,-48.171,-45.735596,-46.82135,-46.232914,-43.97126,-43.692432,-42.994747,-43.18041,-47.859314,-35.761868,-24.097254,-23.33884,-27.910763,-34.040695,-40.031376,-40.627357,-42.577606,-44.768326,-46.998077,-48.174877,-52.198196,-52.198196,-51.654736,-48.41577,-45.644997,-45.581543,-45.855705,-39.512318,-38.905495,-41.32971,-40.85537,-41.653324,-42.174263,-45.604317,-42.020718,-37.06058,-34.13187,-35.40339,-38.03502,-42.595947,-44.424515,-43.538162,-41.372406,-37.743793,-39.870934,-45.696987,-45.109272,-43.774155,-45.135857,-38.975292,-39.2659,-41.307064,-44.801056,-45.05275,-48.954426,-48.92257,-45.74881,-41.36386,-36.651924,-29.285053,-28.273685,-31.321981,-34.76911,-38.579796,-43.573383,-47.00388,-49.0667,-49.2175,-49.89428,-51.156445,-49.253178,-46.50991,-46.294483,-45.72471,-48.436646,-52.198196,-42.47766,-34.792095,-34.67711,-39.193886,-42.32113,-44.521095,-48.548237,-38.832653,-27.264727,-26.912546,-32.774483,-37.698223,-41.841225,-45.694828,-47.041393,-48.45697,-47.235596,-46.42266,-45.240402,-43.283997,-42.47151,-44.766808,-42.853554,-42.15166,-44.486637,-48.61315,-43.868958,-39.42297,-40.120537,-40.858147,-41.165947,-40.915977,-29.80503,-21.832535,-24.108902,-31.663084,-33.704803,-36.412086,-41.432632,-42.086395,-43.046833,-42.758095,-39.9427,-38.644924,-42.744133,-36.772034,-34.20467,-34.442005,-35.755726,-33.884007,-31.773052,-34.86881,-40.904243,-42.97024,-45.673946,-46.628242,-46.301544,-35.77806,-26.227097,-27.355354,-33.41205,-36.449043,-39.59795,-43.358208,-45.48718,-45.817513,-44.23694,-41.985718,-43.06379,-46.471573,-42.614597,-43.826233,-48.797985,-46.536728,-42.509808,-39.932316,-43.061214,-48.956047,-51.150898,-49.570103,-46.73853,-41.300045,-30.623325,-23.870316,-26.35561,-34.48875,-36.92569,-40.729298,-41.284107,-37.29708,-38.79781,-43.579067,-46.60911,-45.669945,-43.307716,-42.87313,-45.466263,-44.31669,-42.905277,-42.783203,-37.283024,-34.297905,-36.14312,-37.80902,-38.224712,-43.44226,-45.87042,-42.406883,-30.55392,-27.502342,-30.48547,-35.46401,-41.208008,-45.54163,-47.101265,-48.21591,-45.685135,-42.53677,-44.115376,-47.600807,-49.69181,-47.952347,-44.46872,-39.67134,-37.34133,-41.589615,-50.60128,-48.730263,-41.56098,-40.178066,-36.76543,-35.646896,-33.799446,-27.096083,-26.92626,-31.341969,-37.207565,-40.811405,-45.216732,-49.445576,-51.19861,-51.964775,-52.198196,-52.198196,-52.198196,-52.198196,-52.198196,-52.198196,-52.198196,-47.82751,-39.276577,-37.72837,-40.790997,-42.7157,-42.94519,-41.274902,-38.14594,-29.300041,-26.143337,-22.084772,-19.789907,-21.836397,-23.87615,-31.260233,-28.196697,-24.148952,-20.703218,-20.871204,-23.651506,-30.878292,-24.361286,-16.318773,-16.22894,-22.939903,-33.98722,-35.800087,-35.94889,-30.759182,-22.232021,-15.385691,-12.095418,-12.278581,-14.899036,-24.2338,-29.321854,-28.332428,-30.3723,-29.998398,-29.918427,-26.829777,-22.50664,-20.803316,-22.668179,-25.048367,-23.428926,-23.863352,-25.011843,-29.941492,-35.811203,-30.500841,-28.550838,-26.000853,-23.884897,-23.609793,-25.50454,-28.249247,-31.893726,-31.47994,-23.220509,-21.39736,-25.127287,-29.745224,-32.91212,-34.835884,-35.28397,-34.526493,-38.89332,-38.405926,-32.8593,-31.72462,-32.08832,-30.612833,-29.033047,-30.962095,-33.23484,-28.323723,-25.796417,-27.816202,-33.025482,-36.606506,-35.849308,-35.090553,-31.442549,-25.425999,-26.191484,-29.228333,-31.63591,-31.397131,-31.198864,-32.163063,-32.47521,-34.21387,-34.163097,-33.13335,-35.213036,-39.94093,-36.406864,-33.511864,-34.110516,-34.41509,-35.292362,-38.941277,-38.302177,-36.83396,-37.288338,-39.685844,-39.15513,-36.839565,-33.34241,-35.055412,-37.317078,-38.712105,-37.0774,-35.36429,-36.021824,-35.556698,-35.72505,-35.506252,-35.22879,-35.717625,-36.857666,-37.278282,-35.365086,-33.660934,-33.212982,-35.336334,-38.9249,-38.180347,-36.51645,-35.35351,-36.35548,-39.141754,-34.997402,-26.85778,-27.587454,-28.939245,-30.232197,-33.14656,-33.9566,-33.50432,-34.06436,-38.67848,-42.151226,-43.074326,-48.15018,-42.497986,-39.587677,-36.464733,-37.80278,-38.031082,-38.985294,-42.352844,-43.71402,-44.001804,-46.30194,-43.352657,-38.766167,-31.861565,-30.829235,-35.029114,-38.86737,-39.997105,-40.14139,-40.090683,-42.961197,-45.98972,-45.33071,-45.76235,-41.66924,-40.109573,-39.62792,-42.86764,-44.569134,-44.448288,-44.042812,-43.759834,-40.13863,-39.630478,-41.635025,-42.989075,-42.58018,-34.361874,-23.972273,-24.132462,-30.94231,-36.366238,-40.421886,-42.444122,-46.6633,-48.693314,-51.772877,-51.095825,-51.526825,-52.198196,-52.198196,-52.198196,-52.198196,-52.198196,-43.294865,-26.41552,-20.458286,-22.24638,-24.635172,-24.249527,-25.977318,-26.846436,-24.72063,-22.733398,-24.269457,-29.978699,-33.128933,-35.529095,-37.597137,-39.990982,-39.02585,-36.762558,-37.291645,-38.822678,-39.320522,-42.005352,-35.809044,-32.683537,-36.722023,-41.842598,-39.232822,-36.99731,-37.58636,-38.42256,-37.174683,-37.806656,-36.956184,-28.830336,-23.965794,-27.223095,-33.07977,-36.497257,-38.688892,-41.28401,-39.80905,-42.05143,-45.74672,-47.111168,-46.59388,-39.5381,-38.4117,-42.163788,-38.742516,-39.296066,-38.455536,-32.156418,-32.107094,-36.893826,-39.907536,-45.357132,-51.80853,-50.674767,-34.208252,-25.580147,-25.519983,-28.510578,-33.47885,-35.92101,-38.10578,-39.7187,-44.337658,-44.898277,-43.719925,-43.42331,-43.424828,-44.728184,-50.064045,-50.517635,-48.54732,-45.263443,-44.17781,-41.34117,-41.1923,-43.63997,-45.11471,-47.460587,-48.527557,-39.336708,-28.808311,-27.715397,-33.589394,-39.344307,-41.019295,-41.951923,-40.86603,-40.340508,-41.50245,-42.538914,-44.91752,-50.153507,-42.622276,-37.87249,-39.27144,-40.558323,-41.1949,-36.185375,-36.957493,-43.508125,-40.86284,-41.143612,-41.333076,-41.172234,-43.462757,-35.962185,-25.776325,-26.924683,-34.226746,-35.62017,-37.02125,-41.566395,-45.85009,-45.366077,-41.6865,-42.310898,-44.978718,-41.163258,-41.99324,-44.58113,-43.989643,-42.88692,-39.78789,-36.13515,-35.717976,-35.522324,-35.43965,-36.00491,-36.020275,-37.86687,-32.109123,-24.68325,-26.826317,-31.52958,-34.916973,-35.07422,-34.198727,-33.356365,-34.616787,-38.942513,-39.676373,-37.883495,-38.99283,-39.225468,-40.587925,-41.842262,-43.406216,-41.01744,-37.90464,-38.147346,-37.75403,-39.169243,-37.992756,-35.12716,-36.754723,-32.992218,-29.747908,-25.943338,-27.602833,-35.1615,-41.978218,-47.814873,-49.638233,-48.89157,-49.348186,-52.101955,-52.198196,-52.198196,-52.198196,-52.198196,-52.198196,-52.198196,-52.198196,-52.198196,-52.198196,-52.198196,-52.198196,-52.198196,-52.198196,-52.198196,-35.493744,-26.647291,-27.458117,-31.074001,-35.669273,-39.258194,-33.923767,-26.574966,-24.664991,-22.034737,-23.316328,-24.07507,-24.060555,-24.916594,-30.251467,-37.42137,-38.608055,-39.49115,-25.502129,-21.725348,-21.99902,-17.346949,-14.278574,-11.984706,-11.083474,-10.932546,-10.989099,-12.010826,-17.652008,-26.966848,-27.319157,-25.521648,-27.744905,-28.305712,-27.380363,-28.68004,-31.210648,-32.40733,-33.23759,-37.6794,-40.163464,-33.421177,-27.782133,-28.960083,-35.10045,-42.047497,-41.527946,-41.87915,-43.915665,-45.47033,-45.296597,-39.833973,-25.118162,-23.844213,-30.611822,-35.46497,-40.503582,-39.17594,-39.67605,-43.0047,-45.99299,-46.233406,-47.722862,-46.647766,-45.970264,-44.89046,-46.018562,-48.985157,-51.006283,-40.661285,-35.6784,-35.87348,-41.53177,-49.141174,-49.429573,-52.198196,-42.61745,-28.80677,-27.627563,-34.80882,-40.62769,-43.324223,-44.652725,-46.292107,-48.934555,-50.633186,-51.477848,-50.986256,-52.176468,-52.198196,-52.198196,-52.198196,-52.198196,-47.78666,-41.94491,-46.875706,-52.198196,-38.738346,-25.921349,-23.90894,-31.148607,-26.592949,-22.647884,-27.95355,-33.524506,-37.497322,-36.660667,-29.822653,-24.677076,-24.01002,-26.746157,-30.466692,-38.876312,-42.016968,-32.334362,-27.767447,-26.519402,-25.428646,-27.342663,-35.231262,-42.13991,-44.39468,-46.05234,-47.535194,-47.378883,-42.837006,-32.364647,-30.351936,-33.82434,-33.670086,-32.367558,-34.113773,-35.8176,-36.192238,-37.912464,-39.20239,-40.631233,-39.154083,-37.21988,-38.263706,-39.172016,-40.767292,-41.29239,-39.84455,-39.385506,-39.277042,-39.02117,-40.93786,-42.172676,-42.72065,-32.371372,-26.433983,-28.917063,-32.41816,-35.655075,-37.014893,-36.551918,-40.758976,-43.120308,-44.489296,-46.545452,-44.85337,-44.281433,-46.71644,-46.151596,-46.442642,-49.9782,-48.73518,-48.144947,-40.796356,-37.798965,-40.87522,-41.773605,-43.41499,-43.92518,-46.300804,-45.331173,-35.74945,-28.80666,-28.423355,-35.558582,-38.03676,-39.014805,-40.10454,-42.250313,-39.972412,-38.977413,-43.55303,-46.68028,-49.430664,-48.820488,-47.9722,-49.29833,-50.914196,-50.326088,-46.15698,-47.528267,-45.691547,-48.184963,-46.72657,-45.6603,-36.013313,-26.47461,-27.492966,-33.83771,-37.884914,-40.50277,-41.605064,-43.939972,-47.185207,-50.255836,-48.510303,-47.51236,-48.34379,-47.29652,-48.074944,-49.634216,-49.06822,-48.243862,-36.25355,-32.838394,-34.83039,-36.8503,-36.009083,-38.76752,-43.22444,-41.525963,-28.79041,-26.525805,-30.598736,-33.989567,-38.061928,-40.424927,-41.801548,-40.841362,-43.65165,-44.36709,-46.720448,-47.17019,-46.42645,-45.733467,-49.494576,-47.75637,-45.717716,-41.041904,-38.475204,-37.432053,-37.294106,-41.675457,-46.17443,-42.584892,-41.511414,-29.617043,-25.78597,-28.606138,-33.278587,-39.325302,-44.179375,-46.56273,-47.31147,-49.92455,-50.25816,-50.597286,-49.20254,-50.861774,-51.260445,-52.198196,-52.198196,-50.57347,-49.802315,-42.627304,-38.80155,-42.40052,-48.349167,-51.115143,-50.11869,-45.045773,-32.22806,-27.923058,-28.540575,-29.974648,-36.39911,-41.63743,-44.249615,-46.65837,-47.439804,-47.524895,-51.322956,-52.198196,-52.198196,-51.577206,-49.267086,-52.198196,-52.198196,-52.198196,-45.074863,-39.09617,-37.2831,-36.479637,-41.110817,-39.556526,-27.426655,-26.099056,-31.418118,-35.797497,-39.078663,-41.994995,-44.819862,-41.35008,-37.432808,-40.619225,-43.819157,-45.60647,-46.304146,-43.47513,-42.223286,-42.61362,-39.55648,-35.99896,-38.92775,-42.780518,-44.1559,-45.196068,-46.03281,-44.937103,-34.368614,-26.845758,-28.167988,-35.10219,-38.049625,-41.653496,-43.286644,-43.9398,-41.002354,-40.8795,-42.94509,-44.286705,-43.321953,-39.319206,-38.1334,-39.405815,-35.873604,-33.624462,-35.303074,-31.46538,-27.154331,-24.570713,-27.834661,-30.757706,-29.456432,-26.83939,-26.01447,-28.443003,-33.796097,-34.592873,-36.82831,-36.51888,-32.49066,-35.659176,-47.358765,-50.17677,-46.485844,-42.26269,-40.915947,-40.429108,-35.14415,-35.35231,-39.81708,-42.84245,-43.602924,-44.35879,-46.283913,-47.761345,-40.657043,-32.23785,-32.55388,-36.85371,-41.542427,-42.562412,-44.874424,-49.468884,-49.4335,-49.63608,-48.829227,-48.764454,-47.2142,-44.87577,-47.741394,-51.578003,-51.474266,-52.198196,-52.198196,-52.198196,-52.198196,-52.198196,-52.198196,-48.91397,-44.579987,-29.798752,-27.385485,-31.516771,-35.86712,-38.567596,-40.375324,-42.71614,-46.879715,-49.281544,-52.077084,-50.937828,-51.174965,-52.14366,-50.43193,-49.92544,-48.97976,-49.824516,-41.011086,-37.941555,-38.956825,-33.681583,-36.03614,-44.84323,-51.03359,-45.513058,-32.76916,-26.416798,-27.876062,-35.485004,-41.758965,-45.675453,-45.644653,-45.66547,-49.587196,-51.009056,-50.242916,-49.63475,-45.83898,-37.183094,-38.009632,-43.28087,-45.35047,-46.497803,-47.55171,-29.292576,-22.415846,-22.573578,-24.497023,-29.165905,-30.615982,-27.200466,-29.05621,-34.748997,-39.597355,-43.17512,-40.441357,-39.098373,-37.091843,-41.210323,-44.564396,-47.216816,-46.66708,-46.18065,-48.918068,-52.198196,-43.78033,-36.15279,-37.049374,-42.661636,-49.085754,-50.889015,-49.88748,-50.243412,-43.04455,-30.820559,-28.448185,-31.01631,-38.133957,-40.989246,-44.2,-45.27535,-47.654526,-51.02873,-51.127678,-47.11994,-48.32463,-52.198196,-52.198196,-44.52576,-33.970448,-31.986532,-29.285719,-24.694565,-24.994268,-28.985344,-31.150743,-27.842009,-17.820087,-12.243832,-9.509762,-8.049065,-6.923427,-7.3043013,-7.8948917,-9.474217,-11.074373,-11.821948,-12.862415,-14.837575,-16.340551,-17.817915,-18.363985,-17.987518,-18.176367,-18.153793,-20.302896,-22.640755,-21.307072,-20.38353,-21.059277,-21.61428,-22.638634,-25.526598,-24.89098,-25.668995,-30.572254,-31.621723,-33.429096,-37.593964,-37.15874,-34.843914,-34.127964,-35.961365,-37.164303,-35.868305,-38.26159,-42.171967,-41.815834,-42.34115,-45.047363,-44.349636,-40.60264,-39.17652,-40.015213,-39.89718,-40.473553,-41.27995,-35.978554,-29.327124,-29.76714,-34.600674,-37.067192,-39.087833,-40.010193,-40.363316,-43.306313,-40.948467,-36.588448,-37.754578,-31.061623,-28.788383,-35.325462,-36.147446,-33.536415,-38.360638,-41.450073,-42.54249,-44.850357,-50.32858,-43.74458,-41.38645,-38.89732,-31.484661,-31.833855,-37.512493,-41.247936,-45.366364,-48.17554,-51.494385,-52.198196,-49.975334,-45.442642,-41.90845,-43.273003,-45.330204,-44.25878,-40.98987,-40.527008,-46.306465,-47.08837,-44.187042,-45.175377,-49.12758,-48.397366,-50.75122,-50.386623,-35.017685,-28.980976,-31.111877,-37.614677,-41.35946,-39.93882
-44.585938,-48.40371,-52.198196,-52.198196,-52.198196,-39.824806,-36.16622,-43.75148,-52.198196,-52.198196,-52.198196,-45.14565,-36.185806,-37.60103,-42.37126,-38.60505,-32.541367,-30.778347,-29.7229,-24.870031,-12.296754,-5.213993,-3.9338617,-7.5120826,-13.274678,-21.109138,-29.075317,-26.923859,-21.662237,-22.937328,-33.478817,-36.626846,-38.057438,-28.10308,-21.742823,-23.39945,-30.78304,-31.614216,-29.096907,-27.125662,-33.491272,-39.132874,-33.059418,-30.615467,-32.058125,-30.616693,-28.590443,-31.277094,-36.111187,-38.08332,-38.16594,-40.204216,-43.23522,-40.79243,-44.395542,-45.964848,-47.03259,-45.342026,-42.61216,-40.104355,-40.26962,-43.490635,-37.35603,-38.450985,-43.193855,-40.69316,-42.11054,-43.86904,-44.117493,-33.340054,-31.769073,-35.848442,-39.37412,-40.17776,-43.474403,-48.43845,-51.36913,-52.198196,-52.198196,-48.75071,-45.54223,-46.368366,-48.49971,-49.492767,-49.829323,-45.70152,-46.190857,-46.592133,-45.438404,-42.499702,-38.8337,-39.8342,-44.883312,-36.6972,-25.975117,-25.56526,-32.28016,-38.27358,-41.2044,-43.67109,-46.542183,-44.099457,-45.712234,-46.014233,-45.42595,-48.956238,-50.15577,-44.222637,-42.895702,-44.38672,-42.395077,-36.156395,-37.539833,-41.18747,-40.29313,-35.37932,-37.231316,-43.389362,-43.024384,-36.39174,-34.11872,-33.941406,-36.909584,-42.2913,-45.437702,-43.950554,-39.664112,-35.509422,-39.364044,-45.71236,-44.35162,-44.18816,-46.926266,-43.448013,-42.834747,-46.33011,-46.848637,-44.755066,-47.023754,-48.44029,-46.528862,-40.57206,-36.052814,-28.776398,-28.563955,-31.626226,-33.41899,-37.315765,-44.14637,-46.212112,-47.411613,-47.744564,-46.864086,-49.14881,-51.449413,-45.08957,-43.644142,-45.974174,-47.80786,-49.808487,-37.626503,-32.7246,-36.794373,-40.346085,-43.687366,-48.942413,-49.19655,-44.589844,-31.60526,-29.330433,-33.12374,-36.47685,-41.575466,-43.667377,-46.429424,-46.785477,-47.831036,-49.25041,-46.851524,-43.105984,-42.181175,-44.28112,-46.822266,-48.32199,-46.00399,-47.17909,-46.35489,-41.85527,-41.423435,-44.082077,-45.275543,-46.07614,-37.673225,-28.055994,-26.230314,-30.256649,-34.84842,-38.93796,-43.102016,-46.12198,-46.26612,-43.425957,-41.419716,-40.51116,-42.616806,-33.959766,-31.402758,-35.71326,-40.635063,-37.506763,-33.515797,-35.535477,-40.21599,-41.67453,-43.403362,-46.542953,-46.15467,-40.117546,-29.19416,-29.615475,-34.51773,-36.720562,-40.802124,-43.986336,-46.11801,-46.9812,-45.697803,-43.893208,-43.16448,-46.779972,-45.090633,-45.925705,-49.571907,-47.282566,-41.745487,-39.214058,-42.985577,-47.678295,-48.7741,-49.57231,-48.375668,-44.992302,-34.32255,-26.73341,-27.017311,-33.13679,-39.365433,-40.673645,-40.53841,-39.04141,-40.13154,-43.11965,-46.590134,-45.32805,-43.2053,-43.824116,-44.832134,-43.83698,-40.65573,-40.582966,-40.34124,-35.8062,-36.88457,-37.735687,-37.786766,-42.19601,-45.28595,-44.363213,-32.041306,-30.1707,-35.673347,-39.60621,-43.396553,-46.637787,-47.538208,-50.625656,-46.95234,-42.06832,-43.68631,-48.299088,-52.083797,-49.283386,-45.693935,-40.3298,-38.173546,-43.117302,-52.198196,-52.162514,-47.699562,-44.00621,-39.926495,-39.13715,-37.174137,-30.83823,-30.462482,-34.375195,-39.58834,-41.992687,-47.28369,-50.734093,-50.967922,-51.591354,-52.198196,-52.198196,-52.198196,-52.198196,-52.198196,-52.198196,-52.198196,-42.65755,-33.782383,-33.348507,-36.069332,-39.00023,-42.70268,-44.336704,-38.54922,-31.299685,-26.161375,-24.739332,-27.510672,-31.239996,-31.84685,-34.653515,-22.968977,-19.140045,-23.821064,-32.957645,-34.7697,-36.733154,-30.369644,-25.832306,-18.00215,-15.477723,-19.0237,-21.886791,-27.236345,-28.089027,-18.572504,-18.648012,-25.647802,-30.67299,-27.705372,-30.113972,-29.761274,-28.670727,-32.990562,-32.417343,-30.287754,-26.84971,-25.159073,-24.108541,-26.093416,-31.107218,-29.74752,-27.333937,-27.555603,-31.440298,-38.111286,-30.923471,-29.670237,-30.733559,-32.000034,-30.709633,-30.671835,-33.518112,-33.102062,-30.985664,-29.164948,-26.115065,-25.417782,-29.323217,-33.58851,-37.39489,-38.147892,-40.034447,-41.574825,-40.747967,-36.69184,-34.463593,-33.640675,-28.932478,-24.722996,-22.748375,-21.960802,-23.813822,-28.873466,-32.029778,-33.608364,-32.982124,-31.498241,-32.710796,-32.82544,-28.562632,-28.138622,-32.88379,-33.98757,-34.021065,-35.15516,-36.794514,-37.388226,-37.602905,-37.316647,-38.22835,-39.897827,-40.082684,-38.931366,-39.085968,-38.05289,-35.09056,-33.547558,-37.621273,-42.122616,-42.763466,-43.183807,-42.60183,-42.084854,-35.132874,-30.414354,-31.745274,-35.73363,-38.814888,-38.764633,-37.086494,-38.47337,-39.552807,-39.17283,-39.907673,-39.316887,-39.243877,-40.3124,-39.652813,-38.48532,-38.352474,-37.772133,-38.01406,-39.08883,-39.206036,-38.821865,-38.75172,-39.362343,-39.714222,-35.403713,-28.464615,-28.219683,-31.680534,-34.83291,-36.91551,-37.594055,-38.124847,-37.56353,-39.411346,-41.210495,-41.76697,-48.750687,-44.233814,-42.943993,-41.290115,-38.693573,-36.044422,-36.932434,-38.943573,-40.44664,-42.864082,-48.01354,-43.90748,-40.17652,-35.8251,-34.359768,-35.313072,-36.677605,-38.961536,-39.556805,-40.684372,-43.566097,-46.031944,-47.348194,-47.03638,-45.00962,-42.551247,-40.335815,-43.4728,-46.522827,-47.22676,-47.829136,-43.610817,-39.443333,-40.027676,-44.721558,-45.64659,-44.5082,-34.96304,-26.934357,-27.948248,-33.002636,-37.453335,-41.205162,-45.330376,-48.12792,-50.350212,-52.198196,-51.84433,-50.909836,-52.198196,-51.39662,-52.198196,-52.198196,-52.198196,-48.57393,-29.735981,-24.436718,-27.377453,-31.023245,-30.690056,-31.8593,-32.002483,-28.932226,-25.896976,-27.93806,-33.594757,-36.21816,-37.67179,-39.567383,-39.646313,-38.560364,-39.619125,-42.998775,-43.643364,-40.356823,-41.324768,-36.584877,-31.238337,-33.987434,-41.483173,-38.67865,-35.538757,-36.048843,-36.195354,-35.804153,-37.67617,-40.146072,-31.704481,-27.202126,-30.210869,-34.72343,-38.55557,-39.57294,-39.79567,-40.040817,-39.979263,-41.735252,-43.130394,-40.12549,-37.69239,-40.325035,-40.868076,-37.076866,-38.165485,-38.467686,-34.16971,-36.187084,-40.27792,-43.148445,-46.50453,-50.387062,-50.63182,-33.96031,-26.457834,-27.293224,-32.686317,-35.561768,-37.79318,-41.017563,-46.025665,-48.52547,-48.078255,-45.578648,-43.19948,-44.79368,-46.09015,-49.44857,-51.89186,-48.446102,-46.222073,-44.119324,-42.831783,-42.991848,-43.44097,-41.515736,-41.57904,-44.992504,-42.278217,-31.264214,-29.759739,-33.886982,-39.055336,-43.344017,-41.885178,-39.095795,-41.68631,-44.1437,-43.455666,-47.091766,-50.41456,-39.972134,-36.96753,-36.673393,-36.761753,-39.86925,-36.06031,-34.728043,-38.648193,-39.766617,-40.731483,-41.603043,-44.04071,-46.535057,-36.71178,-27.266048,-28.35778,-31.701975,-32.660095,-33.66306,-38.747604,-44.03248,-45.216656,-43.32007,-42.94255,-42.67093,-44.40123,-46.235764,-45.848103,-45.721375,-45.680653,-42.584362,-39.759747,-38.680557,-37.170013,-37.40047,-38.37703,-38.16121,-38.77709,-32.385605,-25.080717,-27.179163,-32.68197,-34.575203,-35.030876,-36.306168,-38.49385,-38.7915,-41.41799,-43.514114,-42.61792,-42.953445,-41.944,-41.078854,-41.53641,-43.31119,-42.154327,-38.337196,-36.949593,-37.13671,-39.11512,-38.745647,-37.077183,-36.894527,-35.792534,-31.1046,-28.219109,-30.694754,-36.69967,-42.73539,-45.917183,-48.073227,-49.929665,-51.060417,-52.198196,-52.198196,-52.198196,-52.198196,-52.198196,-52.198196,-52.198196,-52.198196,-52.198196,-52.198196,-52.198196,-52.198196,-52.198196,-52.198196,-52.198196,-35.961586,-28.680683,-29.074825,-31.483412,-37.170685,-39.943398,-34.03607,-25.970848,-21.691647,-23.158943,-29.819332,-29.316574,-31.421535,-29.799736,-31.038961,-38.22849,-41.19165,-40.718445,-21.423376,-13.97705,-15.157919,-22.39747,-30.999956,-32.63518,-32.95529,-36.554195,-36.543392,-30.8429,-29.009716,-31.31282,-31.780647,-25.587044,-22.549324,-21.791918,-21.71949,-24.215675,-27.139507,-32.10675,-35.444374,-39.597176,-40.26448,-33.82335,-28.266323,-28.15907,-32.908306,-40.333946,-40.020565,-39.032703,-41.89225,-46.613594,-46.411533,-43.315903,-30.233152,-26.562452,-30.126274,-36.211018,-40.705727,-42.119488,-41.95164,-44.826767,-47.44379,-48.94361,-48.41978,-46.949654,-44.710537,-45.342213,-48.6245,-50.499405,-48.555218,-37.88471,-35.884663,-37.509743,-40.64628,-47.90464,-49.491753,-52.198196,-42.614395,-29.449903,-28.360622,-35.597645,-39.712738,-42.199917,-43.80864,-48.407207,-49.20465,-51.16063,-51.922768,-52.198196,-52.198196,-52.198196,-52.198196,-52.198196,-52.198196,-49.749256,-45.021027,-49.997566,-52.198196,-40.799828,-28.719805,-21.578201,-20.399267,-23.552738,-24.85273,-28.515978,-32.639786,-36.36104,-37.3692,-37.067596,-42.81272,-42.02392,-43.313984,-44.016304,-41.003765,-40.795357,-38.744972,-39.7549,-42.945457,-40.70667,-37.232132,-40.053463,-45.9932,-43.768166,-39.662907,-41.637573,-43.36158,-41.534122,-32.722366,-30.36139,-35.067852,-42.959137,-45.36329,-46.15328,-46.415726,-46.996227,-48.698433,-48.90324,-48.083107,-49.43554,-51.905006,-50.444187,-50.414852,-50.060963,-49.59011,-51.440434,-49.610413,-49.081375,-48.11473,-48.308846,-46.51246,-47.600273,-35.919754,-29.383848,-30.897114,-35.788574,-37.591507,-41.917274,-45.636715,-47.14501,-46.78765,-46.021782,-47.56454,-45.75492,-43.416298,-46.352825,-51.75427,-49.286236,-48.41969,-50.220245,-48.62793,-39.39946,-36.50475,-41.642242,-46.181038,-49.53136,-46.871773,-47.431694,-49.257587,-36.45532,-30.16669,-31.594067,-36.291824,-37.696815,-38.3656,-39.64177,-44.316486,-46.86281,-47.192192,-48.880535,-47.135235,-47.46286,-48.53598,-46.177544,-44.83517,-48.966526,-48.131622,-45.528263,-47.59155,-44.255898,-46.488632,-47.35926,-49.002995,-39.90093,-30.639965,-30.677757,-34.90596,-38.191692,-39.882088,-40.371876,-42.958183,-47.040943,-49.291847,-47.698025,-45.179157,-46.50002,-44.37259,-44.617344,-46.3676,-45.4258,-46.085514,-33.75966,-29.712456,-31.016712,-33.513596,-32.939262,-34.93672,-38.33461,-40.550213,-31.385391,-26.795555,-29.345629,-33.77338,-38.175014,-39.365974,-41.717354,-42.886845,-46.1565,-47.933823,-48.810295,-47.854935,-46.133007,-45.29568,-48.928368,-43.874985,-41.792416,-42.554127,-40.96969,-41.603043,-39.4665,-42.46945,-46.653515,-41.187115,-39.44947,-28.636135,-26.183083,-30.027103,-34.998203,-39.449203,-42.104855,-44.975643,-46.64727,-48.854103,-49.956783,-50.696598,-51.248566,-51.541557,-51.63712,-52.198196,-51.30501,-49.6421,-48.956993,-40.077267,-35.637924,-38.4975,-45.178978,-51.447983,-48.818665,-42.866203,-35.473587,-30.35367,-29.54932,-31.865541,-37.67572,-42.520897,-45.865143,-49.549328,-50.237312,-51.929394,-52.198196,-52.198196,-52.198196,-51.29383,-50.855255,-52.198196,-52.198196,-52.198196,-46.36764,-41.195503,-39.90535,-41.3645,-45.81396,-40.580193,-28.087738,-25.92251,-27.956705,-30.376627,-35.934494,-41.25863,-45.540775,-41.039932,-38.523376,-43.46851,-44.48723,-44.023266,-46.739613,-46.764683,-46.33566,-47.780376,-39.608265,-36.200794,-39.37005,-40.91261,-40.457634,-44.51195,-46.879536,-47.76011,-37.457363,-30.685816,-31.574133,-35.33753,-40.519947,-43.01451,-45.000645,-42.91993,-39.927673,-41.2392,-42.110256,-42.107925,-42.095093,-40.95984,-38.571312,-37.874397,-35.996616,-34.019737,-34.50313,-30.362093,-23.207808,-16.947737,-18.066816,-22.843204,-25.524635,-28.520758,-24.205338,-24.2119,-28.10083,-29.904362,-33.07057,-33.370506,-33.19809,-37.79168,-46.74274,-51.09322,-46.982197,-43.818012,-40.301384,-40.04557,-34.032524,-34.047623,-38.260956,-41.91462,-42.589817,-43.591656,-45.550484,-48.45692,-44.074844,-36.802277,-35.185272,-36.02903,-40.1133,-45.002205,-47.145256,-47.479443,-48.443306,-50.18165,-49.97621,-51.887897,-48.50953,-46.57145,-48.73157,-47.94786,-45.70833,-46.988873,-52.198196,-50.89498,-48.81492,-49.92604,-50.765793,-48.406998,-45.94131,-33.154484,-28.633757,-31.030369,-35.334015,-39.43736,-42.873817,-44.70738,-46.632263,-48.73374,-48.335537,-48.06388,-49.513107,-52.198196,-49.246895,-48.84236,-47.344536,-45.822906,-44.67651,-41.48615,-40.402084,-34.48959,-36.111984,-41.418884,-43.171577,-43.125267,-32.383247,-28.174726,-31.154917,-36.54499,-41.404625,-42.823257,-45.295605,-46.538994,-50.592873,-52.198196,-52.198196,-51.493294,-45.512115,-36.492294,-36.87654,-42.287704,-45.65513,-45.922523,-45.449646,-37.746704,-31.981012,-31.727636,-32.110104,-36.42041,-36.539055,-33.80101,-34.206802,-38.917873,-43.98733,-43.470097,-42.717052,-35.447056,-31.241083,-33.313065,-35.73604,-37.89251,-39.903366,-40.714993,-42.456245,-51.14252,-42.631233,-36.197975,-36.99685,-40.44758,-44.135624,-46.149574,-47.155594,-49.96328,-41.907955,-29.84673,-28.853561,-32.53774,-37.062447,-40.997105,-44.413956,-45.93971,-48.251286,-52.198196,-52.198196,-48.730015,-48.903526,-52.198196,-52.198196,-43.72242,-33.876232,-29.621521,-28.036077,-28.093803,-27.894348,-27.1833,-23.90751,-22.752245,-24.82565,-29.502975,-26.259514,-20.339157,-15.089326,-13.49041,-12.070389,-10.947155,-10.352031,-8.894704,-7.732336,-7.5288053,-7.3759804,-7.461011,-7.4365034,-7.580578,-7.7667184,-8.108122,-8.506293,-9.018454,-9.46169,-9.797216,-10.6242895,-11.765726,-12.598367,-13.575607,-14.993616,-16.899683,-16.33599,-15.296855,-16.73403,-19.049911,-18.587975,-17.311981,-17.317204,-18.646172,-18.968662,-18.637207,-19.593565,-21.253355,-22.799139,-23.1816,-21.580963,-21.748672,-22.453157,-21.581877,-21.19455,-21.48,-21.949581,-21.99478,-22.465714,-22.481861,-21.354246,-22.720034,-24.023102,-23.907349,-22.289944,-24.699383,-34.308605,-39.16644,-33.902374,-34.42579,-37.987133,-36.01665,-37.530407,-37.174023,-31.457272,-31.600777,-33.653625,-36.512135,-41.566616,-50.151543,-46.315056,-45.2388,-38.274082,-31.591492,-31.69366,-36.461605,-41.25766,-44.581142,-45.58017,-47.65806,-48.616936,-46.76889,-47.01966,-43.133553,-46.046562,-45.161358,-44.11951,-41.449333,-41.61979,-49.793007,-52.198196,-52.198196,-52.198196,-52.198196,-51.40568,-49.951736,-50.445305,-36.19514,-31.837254,-33.443546,-36.696182,-39.225037,-38.463654
-41.26683,-45.47279,-50.825943,-52.198196,-52.198196,-41.967896,-39.219673,-47.763443,-52.198196,-52.198196,-52.198196,-45.396164,-36.241394,-37.300205,-43.331596,-36.310745,-28.049015,-23.879421,-26.619415,-29.978603,-24.965107,-14.177514,-8.304923,-7.4404516,-5.421586,-5.0866737,-5.9084277,-7.088838,-9.386551,-16.164593,-30.11174,-27.876324,-30.029198,-26.101038,-17.446955,-12.875893,-12.030387,-11.879253,-13.184117,-17.212055,-28.462915,-35.485855,-27.77522,-20.558167,-16.44684,-15.838705,-16.256691,-17.104876,-19.265305,-21.335636,-24.483988,-28.542936,-32.96434,-34.97287,-38.154766,-42.935844,-41.410645,-43.586426,-44.24581,-41.41892,-42.37805,-47.300903,-42.048702,-40.01317,-43.03654,-42.88265,-42.796158,-44.492718,-47.997566,-36.6742,-31.368965,-32.805283,-37.90605,-40.704414,-44.3832,-47.61599,-49.965065,-51.99762,-52.198196,-46.837242,-46.07284,-48.209034,-50.16211,-48.430134,-47.26513,-45.70677,-46.54667,-46.96108,-46.751747,-43.97736,-43.32253,-45.213238,-46.57319,-33.15986,-24.029352,-25.731209,-32.911655,-38.993134,-42.03472,-43.60729,-47.080082,-46.889977,-49.83545,-49.809563,-49.51181,-51.743828,-52.100006,-49.035053,-46.810913,-44.37672,-43.784454,-37.277206,-37.948986,-43.119488,-41.93216,-36.897755,-35.995235,-42.810097,-44.60189,-34.30366,-30.980387,-31.166784,-35.60132,-41.437954,-43.915325,-45.67909,-43.83185,-38.573067,-40.63135,-44.729332,-44.54087,-46.167393,-49.171318,-44.767944,-42.457626,-42.7478,-40.96263,-43.407753,-48.04686,-50.300346,-48.57212,-43.204136,-37.73409,-31.158888,-31.778324,-33.96849,-39.011158,-42.89863,-44.917267,-48.801193,-49.606247,-50.915314,-50.311363,-50.87607,-49.695953,-49.682125,-50.878235,-49.047142,-48.79802,-51.478542,-43.83173,-38.56402,-41.06667,-44.789932,-45.854565,-48.361774,-49.473778,-37.241753,-25.570065,-25.810387,-34.680817,-38.64036,-42.065353,-43.17288,-46.712856,-49.661026,-48.976646,-48.28554,-46.979362,-43.27777,-41.835823,-42.2241,-44.80921,-47.94121,-48.556522,-50.09056,-46.163292,-42.117157,-40.48845,-39.251976,-41.36052,-44.797855,-33.266888,-25.52601,-26.946775,-31.077343,-35.230335,-38.999287,-40.974518,-43.98571,-47.928715,-48.077526,-41.982407,-41.184425,-44.87327,-40.429977,-35.14865,-36.824802,-40.114365,-36.920517,-32.011395,-34.352615,-36.09917,-39.3871,-44.41886,-45.84446,-45.393833,-37.660034,-27.033764,-26.517143,-33.285526,-36.804565,-40.64801,-45.10748,-46.413006,-45.843956,-45.37059,-44.50804,-43.355408,-44.905888,-46.534714,-49.610428,-50.81119,-44.800915,-40.438,-39.640347,-44.540092,-49.897728,-49.85183,-50.2566,-47.123077,-43.8273,-30.79121,-23.196222,-26.251934,-34.976673,-39.153324,-39.559013,-40.95983,-37.62092,-37.681477,-44.033287,-49.43674,-48.942238,-45.743202,-44.24847,-43.36025,-43.780464,-41.17959,-41.527676,-37.696564,-35.755367,-38.601685,-37.556175,-37.365475,-43.030968,-45.758816,-43.46614,-32.30457,-30.280388,-33.43553,-37.832523,-40.696815,-44.017067,-46.92189,-50.580692,-48.009907,-45.914734,-48.47301,-48.232643,-49.193592,-50.08036,-45.88971,-41.935165,-42.740284,-46.496395,-51.474033,-50.305862,-46.68661,-45.351006,-42.34779,-41.6811,-33.020855,-25.719025,-28.663046,-34.379128,-39.493214,-41.287224,-44.80381,-47.360844,-48.760918,-52.198196,-52.198196,-52.198196,-52.198196,-52.198196,-52.198196,-52.198196,-50.851498,-46.594273,-37.930367,-39.063076,-42.241955,-44.711094,-49.571686,-50.326344,-41.68992,-32.94965,-27.991447,-21.820288,-21.724062,-23.005322,-24.280348,-32.318913,-27.618458,-21.771841,-20.326145,-23.02411,-27.167141,-32.380596,-28.97932,-22.12158,-22.737362,-27.74112,-25.065392,-24.22919,-29.200705,-30.048103,-16.431017,-12.239919,-12.664869,-12.891438,-12.68282,-19.697727,-30.7033,-29.435371,-31.826103,-30.721909,-31.225391,-26.164623,-22.150785,-20.95165,-22.97356,-26.573921,-24.50701,-24.563705,-26.137749,-31.16127,-41.349255,-34.77934,-32.117645,-28.934507,-27.121613,-28.035109,-30.345171,-30.818653,-30.188448,-29.11704,-27.153835,-25.737778,-26.071243,-31.671507,-35.917473,-38.93577,-39.263107,-38.168625,-40.1164,-41.16635,-37.719425,-35.45652,-36.56743,-35.62819,-34.7856,-34.72766,-28.915178,-26.49802,-28.688354,-30.851166,-31.56665,-30.465641,-29.522987,-32.023827,-32.765,-28.202171,-28.218023,-32.698437,-32.878525,-32.628742,-33.985695,-37.031208,-38.044754,-38.647034,-37.032593,-36.579063,-38.42302,-39.51661,-38.31694,-37.332043,-35.637695,-33.73627,-33.349426,-37.115414,-38.565052,-38.58886,-40.645832,-39.44411,-38.304695,-33.08991,-28.557177,-30.89695,-34.610794,-36.916206,-36.569664,-35.06051,-35.574455,-35.97846,-35.80112,-36.46472,-35.888638,-36.368355,-38.275097,-37.035397,-35.576237,-34.879692,-34.153095,-34.461487,-36.139225,-36.52368,-35.5584,-34.573723,-35.184326,-36.044975,-32.386757,-28.291512,-27.876493,-29.303726,-30.604336,-33.52256,-33.978905,-33.74431,-35.34445,-38.7093,-42.32489,-45.641994,-48.517536,-44.836876,-42.500862,-40.80707,-38.364693,-35.177616,-36.695488,-40.49611,-43.50735,-44.394,-47.172516,-46.43563,-38.124233,-31.3233,-31.512451,-34.878376,-38.773045,-40.700073,-40.260666,-41.435867,-45.798637,-47.019493,-49.407352,-48.28456,-44.346283,-42.002964,-40.264748,-41.092278,-44.035095,-46.745644,-49.22222,-44.669678,-40.75966,-41.4867,-45.1455,-46.535645,-45.72597,-31.596563,-25.446545,-28.318377,-31.66752,-36.016685,-43.18893,-44.18268,-46.17203,-49.638527,-52.198196,-52.198196,-52.03443,-51.896843,-52.198196,-52.198196,-52.198196,-52.198196,-44.71258,-35.183098,-34.42488,-38.60132,-43.199516,-44.67398,-46.451233,-50.42086,-34.68009,-27.686594,-29.019218,-32.92128,-38.42034,-42.175426,-43.219296,-40.499023,-39.092644,-36.58001,-35.663643,-32.2643,-31.390142,-36.92644,-39.192894,-27.185305,-24.46702,-26.643791,-27.31565,-29.955639,-42.79823,-40.81913,-39.219273,-40.785427,-38.716206,-31.377052,-28.789837,-31.858044,-34.61406,-37.8285,-41.15811,-43.126774,-42.398926,-44.60895,-48.739704,-49.693077,-46.61085,-40.78116,-39.842842,-42.61837,-39.62219,-41.11802,-38.917427,-35.983807,-37.894093,-42.495384,-44.51857,-46.242607,-48.62305,-50.151558,-33.629852,-27.345318,-28.74109,-29.093206,-33.7378,-37.25603,-40.3331,-44.275635,-47.289146,-46.446503,-43.599438,-42.54976,-44.72952,-45.876945,-49.378204,-52.198196,-48.479004,-46.200794,-43.949463,-45.315018,-45.257156,-44.45929,-44.985146,-45.857506,-47.342968,-42.63894,-29.711308,-27.175886,-31.296417,-37.10475,-40.55661,-43.464886,-43.544212,-43.475727,-44.67511,-44.623074,-47.566124,-50.584023,-42.603172,-40.372166,-39.891785,-38.752247,-42.0093,-36.572144,-33.281998,-37.25195,-38.79541,-38.43299,-42.122345,-42.38419,-41.97219,-34.56091,-24.359446,-25.668184,-31.962004,-33.162094,-35.9297,-40.366714,-46.051643,-47.71093,-44.727814,-43.732895,-44.649643,-45.064373,-45.815567,-44.61121,-44.71825,-45.339607,-42.86617,-42.072838,-40.466278,-38.6858,-38.798443,-41.722374,-40.020554,-38.966396,-31.846611,-23.849066,-25.393616,-31.571806,-34.77929,-35.096745,-35.523422,-38.967743,-41.052216,-44.143852,-43.844067,-43.501457,-42.318314,-40.779453,-41.821404,-43.132595,-45.280373,-40.3052,-34.374557,-35.69933,-38.510574,-38.625156,-38.2826,-38.4756,-39.9902,-41.739544,-31.10462,-27.103174,-30.141087,-35.512306,-40.87224,-45.385834,-47.442165,-51.43776,-52.198196,-52.198196,-52.198196,-52.198196,-52.198196,-52.198196,-52.198196,-52.198196,-52.198196,-52.198196,-52.198196,-52.198196,-52.198196,-52.198196,-52.198196,-52.198196,-35.33126,-27.74884,-27.996597,-31.453838,-37.686672,-40.794376,-36.948082,-31.066284,-24.640825,-23.119566,-25.710629,-23.164268,-23.051321,-24.266048,-29.000082,-39.326035,-41.888412,-42.051346,-17.486422,-9.154237,-6.9557524,-6.6314774,-7.8418837,-9.496338,-10.480279,-12.204933,-14.739578,-15.702596,-19.651554,-27.500917,-28.928978,-28.29153,-29.92365,-18.279213,-16.098091,-18.59991,-23.759706,-34.432148,-37.950077,-41.029488,-40.447678,-29.295761,-22.090065,-23.229717,-29.67128,-35.3643,-36.643593,-36.14328,-37.291496,-39.802284,-43.062714,-42.52944,-27.544935,-23.47013,-26.962593,-34.617416,-37.31004,-39.5304,-40.625957,-43.650833,-45.2652,-45.942696,-46.52244,-43.662876,-45.68472,-47.377235,-50.974613,-52.198196,-50.034428,-36.43259,-35.28819,-41.860775,-44.911682,-46.650955,-49.5867,-52.1512,-39.627117,-25.799978,-25.214203,-31.592093,-36.827106,-41.575127,-42.841362,-44.540348,-47.11467,-51.574703,-51.256943,-51.81366,-52.198196,-52.198196,-52.198196,-52.198196,-52.198196,-52.033993,-51.310455,-52.198196,-52.198196,-44.148354,-36.49252,-28.321918,-20.570312,-18.37249,-19.709023,-23.264124,-27.937557,-36.718323,-35.682796,-30.12934,-26.963226,-27.633442,-32.70405,-34.560886,-37.525917,-42.705894,-40.71615,-41.51958,-44.291653,-41.337452,-37.484253,-40.944332,-42.525425,-42.45272,-37.278294,-36.367756,-37.370564,-38.286915,-31.507935,-32.32483,-35.673363,-39.96241,-44.962006,-47.847816,-48.276245,-48.92096,-49.58262,-49.545685,-48.481155,-49.288826,-52.198196,-52.198196,-51.108177,-50.191406,-49.92005,-52.05979,-49.701786,-48.08935,-49.40626,-49.355453,-47.290955,-50.3832,-37.26847,-28.941257,-30.741816,-35.64336,-38.12635,-42.42373,-45.105854,-48.451096,-50.054695,-50.91275,-47.379692,-46.514378,-45.615673,-48.171047,-50.50657,-49.129196,-49.6876,-51.37894,-49.833508,-40.436363,-35.732204,-38.473705,-44.013397,-48.120556,-47.98867,-49.01157,-47.781464,-34.54803,-28.803026,-30.00056,-33.222275,-37.642563,-40.39869,-43.99441,-44.768616,-41.51599,-39.561153,-40.147064,-44.592255,-49.50363,-49.44039,-46.42136,-43.764076,-43.81604,-44.786217,-45.2089,-47.9926,-45.042778,-47.650116,-48.990864,-48.073914,-39.75802,-29.730297,-28.634037,-34.10274,-37.6611,-41.28208,-44.09437,-47.72641,-49.164185,-49.20755,-49.850662,-48.248535,-48.891365,-50.010548,-48.51198,-47.326973,-44.778343,-45.77893,-36.586464,-35.608753,-37.12479,-39.91447,-42.658268,-42.306744,-43.56577,-39.008595,-26.056725,-23.293488,-27.218733,-34.044956,-39.988197,-38.120594,-42.280983,-42.72394,-43.14014,-46.318684,-46.47416,-48.627556,-48.713017,-48.630833,-50.150513,-46.962807,-44.34078,-43.79408,-44.062668,-44.10858,-45.11826,-46.119553,-47.213,-41.514015,-37.843773,-29.46421,-26.990929,-30.241074,-35.636497,-40.839077,-41.902596,-44.223724,-46.986126,-49.019783,-52.156036,-51.976196,-50.620247,-51.74923,-52.198196,-51.494637,-51.60124,-50.555145,-48.382412,-40.345055,-35.589973,-39.266613,-44.65057,-49.095238,-48.61257,-44.469673,-28.606373,-25.50825,-30.260223,-36.32138,-38.00905,-37.287437,-42.786934,-51.082146,-50.80467,-51.012115,-51.476143,-52.198196,-51.803898,-50.310646,-49.139122,-51.346203,-52.198196,-50.516468,-48.994072,-43.650623,-40.809242,-43.168663,-48.849594,-40.727264,-28.751562,-26.245558,-27.780502,-29.76435,-33.239918,-38.845078,-45.492493,-42.6368,-40.99529,-40.33276,-40.290775,-42.369495,-48.273415,-48.208153,-48.180626,-47.418385,-35.775494,-31.652058,-35.95907,-40.66038,-41.574112,-42.454548,-44.89103,-46.048347,-35.374874,-27.291138,-28.536392,-35.340763,-39.970165,-41.95112,-44.898914,-41.816345,-39.74082,-39.935135,-40.107468,-42.463486,-41.060646,-38.933918,-37.589798,-37.468285,-34.63522,-35.829098,-36.131004,-30.818815,-28.071037,-27.656118,-28.441545,-31.543388,-29.025879,-28.119732,-29.627548,-30.033413,-30.377838,-30.7593,-32.77142,-34.46581,-35.761322,-39.6227,-47.79361,-51.735794,-51.0424,-42.97537,-35.327374,-35.208214,-33.88873,-35.319576,-40.25985,-41.780594,-40.831306,-41.172737,-42.22783,-42.607914,-39.28935,-33.389565,-34.77568,-36.824955,-39.661495,-45.12192,-46.554714,-45.871017,-45.88322,-48.31109,-50.7049,-51.13808,-46.310787,-46.29932,-49.531475,-51.590767,-52.198196,-52.198196,-52.198196,-52.198196,-51.956238,-52.198196,-52.02057,-48.2582,-47.507988,-30.553238,-25.834724,-30.096342,-36.08203,-40.109093,-44.75219,-43.037052,-45.025932,-47.71398,-50.182472,-52.198196,-52.198196,-51.37173,-49.342632,-50.23817,-49.737247,-48.498787,-44.746174,-39.198772,-37.99811,-25.80561,-22.377241,-24.911972,-24.592525,-26.176254,-26.40645,-24.913074,-29.464828,-32.797028,-36.771847,-40.473347,-45.29098,-47.756844,-51.23283,-51.390133,-52.190536,-51.430172,-44.405293,-29.540548,-25.787333,-28.157784,-27.751755,-29.525175,-34.759464,-42.005806,-42.591587,-46.33197,-50.51937,-47.224003,-34.446903,-29.629723,-30.630074,-37.1289,-42.752266,-43.826004,-44.17807,-44.122566,-44.764374,-49.639835,-51.08805,-51.598015,-50.484676,-50.772892,-52.198196,-52.198196,-41.75737,-34.28945,-35.78835,-41.055813,-43.96488,-48.419487,-50.83259,-51.208782,-39.361427,-27.27441,-26.9268,-32.51203,-36.993256,-39.831806,-44.567028,-47.77813,-48.112392,-51.340656,-52.198196,-49.128574,-49.64759,-52.198196,-52.198196,-43.085434,-34.497147,-31.54383,-29.605232,-26.423973,-27.619797,-27.539982,-22.868147,-19.037683,-13.355804,-11.194315,-10.488176,-11.306736,-12.658309,-13.982602,-16.614134,-21.774635,-28.120872,-31.265009,-28.640228,-25.04576,-24.249878,-24.9982,-27.455645,-28.852272,-29.30747,-26.221851,-25.374409,-26.591322,-29.765854,-30.479443,-31.29404,-33.797825,-32.971718,-28.97451,-24.931877,-25.967152,-28.29838,-28.7174,-29.530136,-29.215658,-28.776482,-30.422546,-32.051712,-31.671293,-30.835562,-31.929731,-30.27254,-29.21406,-29.99469,-28.988598,-26.899263,-26.843082,-27.521982,-26.812977,-26.728754,-27.857296,-28.567604,-27.639997,-27.015188,-25.469822,-24.407402,-26.169888,-27.417765,-28.792526,-28.877121,-31.231586,-39.391907,-42.26664,-34.37251,-26.467976,-22.908287,-24.089458,-31.711437,-42.184925,-35.856163,-31.362587,-29.40653,-29.582644,-35.316814,-47.471104,-42.30051,-37.767326,-34.86052,-27.74442,-28.309011,-35.996983,-41.08911,-44.723835,-45.958504,-44.75784,-42.778,-45.724415,-48.312584,-46.010086,-48.12371,-46.618866,-45.950172,-42.359184,-42.202568,-50.159016,-51.23153,-48.677006,-49.036327,-47.022778,-49.0555,-50.19528,-48.897686,-35.287308,-31.020386,-31.895275,-33.822178,-38.10899,-40.26482
-41.083485,-45.820107,-50.19547,-52.198196,-52.198196,-48.641083,-45.539406,-50.740448,-52.198196,-52.198196,-52.198196,-46.7334,-35.671604,-34.760216,-38.653873,-32.12404,-28.343277,-26.224737,-26.387234,-25.825027,-19.517435,-15.626584,-17.609232,-23.845901,-22.525919,-16.207596,-13.858166,-15.151334,-20.152418,-27.724747,-40.05734,-38.33343,-37.113335,-31.17949,-29.901312,-24.975838,-20.540173,-21.559412,-25.772964,-30.07248,-39.370296,-41.54355,-36.975914,-33.478924,-26.742296,-24.651077,-24.9813,-26.82302,-29.650705,-29.909298,-30.45787,-34.008526,-39.38676,-40.338753,-41.64231,-43.01288,-41.340958,-45.75387,-47.227837,-45.33888,-48.10073,-45.65826,-37.879917,-38.096233,-42.89045,-40.811752,-42.298504,-45.509018,-46.30191,-34.848724,-30.435038,-33.914307,-39.179977,-38.823734,-43.736572,-48.280315,-51.10825,-52.01461,-51.67943,-46.675034,-44.97207,-46.724396,-51.89389,-51.4589,-48.53856,-46.32206,-46.090233,-45.39539,-46.84604,-45.737286,-45.651936,-44.001442,-44.591896,-34.05264,-25.625132,-27.2138,-32.790176,-36.40187,-41.225655,-44.270706,-46.272923,-45.764153,-46.35166,-48.663734,-50.954113,-50.971375,-51.84467,-47.650875,-46.052834,-46.361366,-43.508995,-36.191822,-37.400833,-41.90437,-40.442333,-41.494415,-42.710777,-44.138496,-45.00052,-37.21475,-34.77378,-35.81919,-38.59494,-41.13784,-44.612267,-45.975845,-44.51796,-39.805782,-41.15876,-46.47068,-45.792717,-46.078915,-48.597507,-46.40229,-45.325768,-44.787212,-44.092842,-45.78535,-49.146633,-49.012714,-45.363342,-41.89296,-34.870407,-27.362139,-29.245367,-33.205315,-37.853756,-41.663,-43.77432,-47.89053,-49.53137,-50.09178,-51.59304,-52.198196,-50.165043,-47.55314,-48.002243,-49.047768,-50.1075,-50.27829,-41.988148,-38.161644,-42.83757,-45.127605,-44.976334,-46.9293,-46.699432,-37.188488,-27.498058,-28.544523,-35.273773,-40.305634,-43.29249,-43.53192,-46.5563,-48.57511,-49.387215,-48.86853,-46.32784,-40.568905,-39.583176,-44.406277,-47.783745,-48.808918,-48.854477,-49.93061,-45.370018,-42.411606,-43.572712,-40.875084,-41.330723,-45.024544,-32.304417,-24.253181,-25.06807,-30.96321,-35.512665,-39.2134,-42.42924,-43.274273,-44.13797,-43.221153,-39.286015,-39.755333,-44.682156,-39.724564,-35.11493,-36.81514,-39.006428,-37.395668,-33.057243,-34.485382,-39.28962,-40.679825,-42.021088,-45.457,-47.583046,-36.6652,-29.017242,-29.708883,-34.18356,-38.026096,-40.495407,-43.649326,-46.13624,-46.27574,-45.27871,-42.998295,-43.665855,-46.598034,-47.574383,-50.46494,-51.677265,-46.5187,-41.047325,-37.2049,-41.066666,-45.65527,-47.65083,-48.41355,-46.84427,-45.86945,-31.113722,-24.237387,-26.052465,-32.740788,-38.272552,-41.7586,-39.331158,-37.396217,-37.79293,-44.284477,-49.855072,-48.505,-45.19799,-45.461075,-45.421062,-44.68643,-42.684612,-43.680702,-33.966145,-31.977863,-36.64046,-36.48757,-35.939735,-42.36132,-46.14593,-41.79176,-30.82245,-30.153105,-31.822807,-35.915874,-38.139984,-42.09497,-45.989056,-49.36811,-48.29628,-46.27665,-47.658356,-49.207718,-49.697224,-48.82621,-44.550255,-41.5795,-42.060295,-46.564236,-50.031273,-52.198196,-51.46883,-44.57548,-41.38231,-42.494526,-35.377823,-28.664377,-31.13139,-34.839523,-38.45863,-44.33804,-47.144962,-49.425346,-50.628136,-52.198196,-52.198196,-52.198196,-52.198196,-52.198196,-52.198196,-52.198196,-52.198196,-50.27904,-39.351906,-38.362186,-44.250835,-46.022697,-48.117558,-45.855957,-39.36897,-35.066113,-29.430923,-27.017317,-28.448248,-31.945993,-32.785732,-36.164406,-27.484348,-24.618328,-30.057774,-33.6774,-32.98809,-33.927284,-30.2784,-21.440094,-17.822224,-19.18404,-25.102623,-31.436064,-32.38827,-32.343895,-24.165018,-17.583904,-13.834901,-13.211785,-15.479022,-24.17086,-26.988916,-28.987343,-33.253258,-30.913788,-31.833584,-32.160927,-32.024166,-29.705221,-32.23136,-33.7097,-34.768505,-33.196327,-32.647633,-36.009518,-41.40314,-34.256516,-31.421232,-30.61632,-31.347034,-32.953888,-33.54763,-32.948547,-32.01301,-30.704967,-24.137049,-22.942795,-25.971796,-30.912218,-34.9608,-36.264103,-36.0285,-38.169945,-40.74246,-43.70723,-40.00069,-37.02683,-37.837025,-34.419865,-28.68413,-24.918694,-25.318829,-29.197704,-33.62179,-33.893597,-34.74723,-34.905807,-34.043118,-34.914234,-33.916687,-28.85849,-29.831049,-33.882133,-35.81515,-37.638836,-39.592712,-40.855484,-41.042313,-39.57282,-40.65161,-42.526417,-45.13125,-44.04175,-41.86963,-40.796566,-40.698925,-39.062897,-38.30172,-41.76491,-42.87903,-44.03021,-45.778004,-45.82067,-44.640945,-31.955767,-28.697033,-32.754826,-36.302284,-37.89657,-39.45127,-39.713837,-41.252884,-43.49285,-42.543457,-44.049416,-44.24028,-45.264465,-44.492172,-43.16861,-44.702713,-44.799423,-45.32834,-44.233513,-44.21236,-44.418148,-44.709473,-44.690723,-44.531384,-44.390114,-30.065386,-24.907711,-27.122944,-31.624681,-34.82805,-38.518223,-42.364662,-43.19175,-43.759903,-41.070473,-41.6049,-45.081234,-49.309418,-44.35808,-43.52865,-41.83697,-39.98168,-32.614395,-32.856308,-39.784725,-43.798412,-47.25814,-47.8278,-44.99294,-37.053097,-29.808653,-31.415325,-34.780865,-36.319054,-38.89339,-42.83766,-44.488457,-45.50442,-44.490044,-46.912506,-47.60525,-44.67314,-43.242706,-43.740467,-44.13979,-46.539036,-47.438274,-48.202286,-43.38943,-40.206947,-41.89703,-44.71857,-44.547382,-45.56942,-34.89116,-27.900661,-26.698566,-30.29173,-36.914345,-42.94025,-45.917248,-48.71655,-50.710644,-52.198196,-52.198196,-50.75621,-51.846313,-52.198196,-52.198196,-52.198196,-52.198196,-41.160606,-30.939419,-30.541103,-36.367844,-43.100494,-45.286823,-42.179924,-46.29461,-34.33067,-28.509071,-30.65636,-32.901253,-33.896843,-31.344385,-32.815617,-38.98787,-39.09414,-40.19678,-42.2016,-41.78263,-40.492004,-45.33777,-40.353317,-35.946438,-32.489162,-29.598953,-29.205185,-32.54106,-42.982567,-39.06059,-39.86469,-42.27452,-39.556343,-30.657366,-27.324165,-30.170782,-32.38676,-37.87498,-37.610695,-38.41678,-39.294617,-41.24971,-44.968895,-47.721222,-48.203465,-40.941086,-40.337467,-43.238262,-42.057194,-41.60858,-38.888176,-32.407726,-35.791355,-41.37948,-44.551704,-47.005486,-50.508423,-51.850174,-31.6527,-25.710926,-27.259245,-30.027592,-33.700577,-37.818497,-41.258247,-45.41277,-48.649105,-48.29649,-44.64438,-42.725517,-43.90277,-47.73781,-51.208252,-51.98173,-49.523903,-46.570656,-43.333633,-41.578106,-42.905243,-43.174435,-44.174725,-44.981773,-45.74073,-43.1734,-31.156359,-28.796238,-31.387703,-36.896603,-39.565536,-43.496967,-44.418724,-43.121944,-45.030533,-45.90219,-44.816326,-49.778294,-45.12774,-41.324867,-40.438557,-42.334175,-42.5288,-39.40337,-35.36164,-37.360264,-38.652714,-38.262756,-41.73553,-41.12083,-40.833515,-38.401775,-30.909058,-30.406416,-32.099434,-35.24964,-36.091534,-41.24805,-46.563896,-46.97464,-43.56442,-42.17277,-43.101734,-44.831184,-46.628033,-46.558716,-44.15852,-44.155956,-43.519825,-40.020737,-36.74997,-36.190716,-38.46496,-40.29984,-38.986576,-38.73831,-33.536118,-26.02558,-28.05682,-35.371887,-36.33355,-36.532284,-37.608658,-37.971195,-40.990158,-44.148106,-43.25763,-40.85607,-40.29186,-40.985302,-41.178493,-42.373802,-44.62757,-37.727028,-33.273575,-37.325066,-38.584064,-38.398174,-38.55515,-38.81819,-37.27121,-38.321358,-31.51167,-28.843107,-33.116806,-36.772144,-38.442375,-43.622528,-50.618214,-51.284515,-52.063705,-52.198196,-52.198196,-52.198196,-52.198196,-52.198196,-52.198196,-52.198196,-52.198196,-52.198196,-52.198196,-52.198196,-51.39441,-52.198196,-52.198196,-52.198196,-31.818493,-25.44694,-27.616623,-31.879168,-37.162376,-41.91979,-35.67658,-27.124823,-24.10885,-26.922495,-30.655724,-28.54681,-28.86657,-30.033913,-32.786987,-38.93563,-36.921234,-38.15648,-28.158188,-21.91468,-21.271341,-17.117487,-13.93937,-12.394558,-10.916871,-10.2677765,-10.567094,-11.795128,-17.18665,-27.27509,-31.441006,-26.595247,-24.952948,-26.520712,-26.535017,-28.60235,-32.772835,-36.474377,-35.95058,-38.044975,-41.606506,-24.063728,-16.879082,-18.268837,-23.699139,-25.87125,-25.955753,-28.074835,-31.033531,-34.03776,-40.15131,-36.609356,-24.947521,-24.297617,-29.082764,-35.92723,-38.818356,-38.822655,-41.00092,-45.083805,-44.9487,-45.504913,-44.98276,-44.46623,-44.122818,-46.567787,-47.084824,-46.416855,-48.372875,-38.273956,-36.159233,-37.94231,-42.64404,-47.689404,-48.619827,-51.25326,-40.543182,-28.097956,-27.986963,-32.7722,-36.041145,-42.55091,-47.42247,-49.275703,-50.733467,-52.198196,-51.94953,-52.198196,-52.198196,-52.198196,-52.198196,-52.198196,-52.198196,-52.198196,-50.167522,-52.198196,-52.198196,-41.378693,-27.57408,-25.297155,-33.18306,-30.44899,-25.93282,-28.019539,-32.423473,-39.039783,-38.64697,-28.890074,-22.581165,-22.271431,-26.559685,-30.20336,-36.67138,-41.80427,-32.374615,-28.69323,-29.789984,-32.13858,-31.658932,-37.312065,-41.69872,-43.161552,-45.584965,-45.68406,-49.78155,-35.94367,-28.016174,-29.709337,-33.05042,-36.618645,-38.312737,-38.182236,-38.17707,-38.772118,-41.275658,-42.9432,-45.640358,-46.285828,-47.20021,-47.63057,-44.07667,-44.645897,-46.463093,-47.56352,-50.956955,-49.343964,-45.59823,-43.185825,-43.401985,-44.990826,-32.72094,-26.105051,-28.279982,-34.219196,-37.36918,-40.783733,-42.94761,-46.69088,-45.133408,-45.15505,-46.85151,-48.149033,-45.989197,-45.53495,-46.80126,-47.736046,-48.312946,-47.31823,-45.67964,-41.84912,-37.414143,-39.217876,-45.43232,-47.473316,-47.390953,-48.195187,-47.73705,-32.86921,-28.323252,-30.38263,-34.460274,-37.747353,-39.25537,-40.928505,-42.02365,-37.237457,-35.294365,-38.215405,-43.765903,-48.806313,-49.55215,-49.048546,-49.066887,-48.97833,-48.500652,-45.666996,-49.08505,-49.633774,-51.365913,-51.281204,-48.796402,-37.93942,-26.31671,-26.159325,-33.357166,-36.129944,-40.402428,-47.178123,-48.678814,-49.40369,-51.769012,-48.922188,-46.904655,-49.002625,-49.433117,-49.53819,-47.5179,-46.21231,-47.786774,-38.098022,-34.106514,-32.522194,-33.432957,-33.57803,-34.81428,-40.5036,-37.43856,-24.875763,-24.682308,-30.716553,-36.02802,-41.12297,-44.004593,-42.75273,-41.51252,-43.296097,-45.928444,-47.88945,-47.082207,-44.90638,-44.037766,-48.0127,-46.473602,-44.638985,-43.36921,-40.598316,-38.25206,-39.991554,-44.76683,-44.99984,-42.446663,-39.43866,-31.207588,-27.726097,-31.33766,-36.478954,-40.51712,-43.064766,-46.977364,-48.265614,-50.81608,-52.198196,-52.198196,-49.413643,-50.05346,-52.198196,-51.69738,-52.198196,-51.30198,-46.42562,-42.144352,-39.57239,-43.421906,-45.87204,-48.691048,-49.355335,-42.2415,-26.496105,-23.861404,-29.49333,-34.192223,-38.120834,-40.19294,-43.199364,-47.51487,-49.06472,-49.37455,-49.661896,-52.198196,-52.198196,-51.88878,-49.652946,-52.198196,-52.198196,-50.497635,-46.091362,-43.49179,-42.450943,-42.277275,-45.37989,-38.000774,-25.996172,-25.567286,-30.586819,-34.97011,-39.96572,-45.00892,-46.84421,-41.67747,-37.387814,-37.897552,-39.73528,-41.843536,-49.925484,-47.672955,-45.78629,-43.07446,-37.32421,-33.33834,-35.970585,-39.863335,-42.886368,-43.24843,-45.90638,-45.522076,-31.77892,-23.933002,-26.039164,-31.89075,-38.00582,-40.369743,-41.961754,-41.771263,-39.373074,-41.26033,-43.684883,-44.020363,-41.342865,-39.723537,-38.247738,-35.88949,-34.333252,-35.67875,-36.085117,-30.470695,-22.670977,-17.87252,-19.783403,-25.35667,-26.76651,-25.97949,-24.464947,-25.320457,-31.375486,-33.56642,-34.922665,-35.201965,-35.94637,-39.35842,-47.291523,-49.670483,-46.509937,-41.936043,-37.26098,-34.65219,-31.667679,-33.87999,-40.0453,-43.396038,-42.897903,-43.681885,-45.61326,-44.776215,-38.676113,-30.85209,-32.575287,-37.349285,-40.682816,-45.51943,-46.31288,-45.886528,-47.141193,-47.8163,-50.47842,-51.290985,-48.3889,-46.054325,-48.41263,-50.809322,-48.980694,-46.366844,-48.096878,-49.722275,-50.676094,-52.198196,-52.198196,-48.004726,-45.16282,-28.687405,-24.659012,-27.928123,-33.047073,-39.196735,-43.63208,-44.361973,-45.70036,-47.833138,-51.142586,-51.43665,-52.003857,-52.198196,-50.21727,-48.03601,-48.434937,-48.446087,-41.306465,-35.72867,-34.993263,-24.829882,-22.11609,-24.830265,-25.192099,-27.069141,-27.377804,-25.597672,-28.549547,-33.227917,-38.21998,-41.590996,-44.79042,-48.529377,-47.34227,-48.628647,-51.0083,-52.198196,-42.7317,-29.58146,-26.57209,-28.792595,-28.796434,-30.465874,-35.626675,-41.434597,-41.3364,-45.81433,-52.198196,-46.280514,-30.27584,-26.562881,-30.118538,-34.061153,-39.68687,-44.376945,-45.12725,-44.63836,-46.03631,-50.69609,-52.198196,-52.198196,-50.167076,-48.807987,-50.248734,-52.198196,-42.65644,-36.003414,-37.532883,-42.405415,-44.886223,-45.253693,-48.734413,-51.24599,-35.817986,-23.320932,-23.384747,-31.440763,-35.989788,-38.034485,-42.228172,-45.38369,-46.48834,-49.703712,-52.198196,-48.76857,-50.318184,-52.198196,-52.198196,-44.244095,-33.798134,-29.464882,-30.53034,-27.158194,-24.75318,-27.175024,-28.261957,-28.577915,-21.682299,-15.391723,-12.118872,-10.63588,-8.975593,-8.589921,-8.473461,-8.9419985,-10.455848,-10.2972355,-10.056683,-10.271001,-10.465019,-11.169449,-11.736,-11.494654,-11.77668,-12.06066,-12.79366,-13.467522,-13.511509,-13.906425,-14.929918,-15.943333,-17.017685,-18.564922,-19.02053,-21.302197,-23.27181,-21.938072,-23.254107,-25.61323,-26.483725,-25.230537,-24.846962,-26.414873,-26.286495,-26.766157,-28.581553,-30.596455,-31.730528,-32.331764,-32.108227,-32.620407,-33.011593,-32.206226,-31.292435,-30.158764,-30.48702,-31.862162,-32.00008,-25.745974,-25.686527,-31.085155,-34.663948,-33.98792,-30.204357,-31.61116,-39.61946,-41.588722,-37.605957,-38.01041,-31.988771,-30.665552,-37.97109,-38.752636,-35.634262,-34.76247,-38.11255,-41.955956,-42.814163,-47.914986,-42.12919,-37.787083,-33.185173,-26.353653,-27.539442,-35.955845,-41.24845,-42.27577,-46.70945,-50.212067,-49.071976,-46.98236,-47.234554,-44.937035,-46.51785,-46.90468,-46.600533,-41.44716,-40.022186,-47.67176,-50.27028,-49.206245,-47.650906,-45.60049,-48.159298,-50.187035,-46.390366,-31.633362,-27.53656,-26.324522,-25.40188,-25.586807,-25.827072
-40.72762,-45.273315,-52.198196,-52.198196,-52.198196,-49.56048,-47.12004,-51.215096,-52.198196,-52.198196,-52.198196,-46.37055,-37.458794,-37.71149,-40.759575,-35.0845,-31.90393,-31.35231,-32.01235,-27.703382,-16.932352,-7.828664,-4.5871215,-7.076146,-9.9812355,-12.750664,-15.935663,-16.759705,-15.811388,-20.644123,-36.440342,-38.287952,-38.864292,-29.459314,-19.403313,-17.623734,-21.40334,-22.229095,-22.077143,-24.965086,-33.623665,-39.875854,-31.742111,-26.118353,-23.784641,-24.542675,-25.38015,-26.133358,-28.538599,-32.40149,-38.35357,-42.819424,-45.109932,-43.853676,-46.097588,-50.066486,-50.984646,-50.31725,-48.169518,-46.620346,-48.455307,-44.237335,-36.870068,-38.714554,-43.05081,-43.115646,-43.487377,-47.079025,-48.781704,-35.118362,-31.228209,-32.867275,-36.145756,-40.455936,-43.631477,-48.213142,-51.508163,-51.087337,-50.891884,-49.077644,-48.522285,-48.15548,-50.44952,-51.83395,-49.92443,-48.64616,-46.757244,-46.239773,-48.06362,-46.961494,-44.901676,-44.361275,-45.593536,-34.803448,-25.231676,-24.984386,-30.4821,-37.26503,-40.524666,-43.72419,-47.03988,-46.525417,-47.17373,-48.644714,-51.374245,-51.887123,-51.446693,-49.167885,-45.68564,-46.001205,-43.274403,-36.05017,-37.05818,-42.134697,-40.43652,-37.724625,-37.6498,-42.685696,-43.169395,-32.770733,-31.799477,-34.299286,-36.83256,-40.433075,-44.275352,-45.360466,-46.217228,-43.313026,-44.77222,-48.667168,-46.653053,-46.01248,-49.588875,-48.27051,-45.66046,-48.15529,-50.839344,-51.327377,-50.817818,-49.343765,-47.809456,-44.922062,-33.59493,-26.384384,-28.566277,-32.536224,-36.42988,-40.815628,-44.29265,-48.055054,-49.64614,-50.442856,-50.444256,-52.028175,-51.848648,-46.532383,-44.983044,-47.30763,-48.414497,-50.358967,-46.670326,-42.490387,-43.759403,-45.26573,-45.839504,-48.02145,-51.22686,-37.027718,-27.194942,-28.265314,-33.279526,-37.78551,-41.346966,-43.46157,-48.10885,-52.198196,-49.535557,-48.125053,-47.233204,-39.923622,-38.874393,-43.766804,-45.533813,-47.97999,-48.474876,-50.098907,-46.603813,-44.058834,-45.631638,-48.152084,-47.50528,-47.934258,-34.154976,-26.219898,-27.339743,-31.142113,-35.194374,-40.161686,-45.417713,-45.50568,-45.44921,-46.622475,-44.759315,-44.71665,-46.96118,-44.113205,-38.435307,-38.435932,-38.725826,-37.7629,-35.178913,-36.610607,-40.283974,-41.928276,-43.081116,-46.01633,-47.269516,-34.167355,-26.549541,-28.611546,-33.118225,-37.860657,-41.29498,-43.544575,-45.744396,-47.318443,-46.9954,-45.96899,-44.60102,-45.90258,-49.677483,-50.37014,-51.50501,-46.536366,-42.714905,-41.62264,-44.544125,-49.831383,-51.318954,-49.701622,-47.232357,-45.787598,-32.69336,-26.331406,-27.363073,-31.311382,-36.63629,-40.700882,-40.067516,-37.650368,-38.6259,-45.05562,-48.71823,-46.719597,-47.629112,-43.897034,-44.48571,-43.78046,-42.78423,-43.898464,-34.94659,-32.97669,-38.325268,-37.134243,-36.77701,-45.333885,-47.712265,-38.242,-26.919704,-27.071674,-30.594448,-33.940655,-38.336838,-41.6122,-44.699287,-47.508945,-48.09996,-48.611496,-49.731846,-51.73654,-52.198196,-50.205097,-46.32334,-42.92576,-41.85478,-45.182995,-49.272762,-51.06338,-51.316715,-47.19708,-42.59552,-42.30988,-33.351223,-26.858593,-29.285973,-33.03182,-38.179703,-42.36452,-46.557907,-47.268173,-49.426723,-52.198196,-52.198196,-52.198196,-52.198196,-52.198196,-52.198196,-52.198196,-52.198196,-46.134563,-36.446087,-35.380836,-40.337162,-44.602142,-47.998543,-44.56533,-39.322384,-35.07985,-26.129751,-22.974514,-25.976242,-27.049006,-27.77993,-34.307533,-27.9257,-23.500751,-22.950836,-25.994545,-28.166504,-32.00312,-34.84695,-29.572857,-22.916433,-18.94021,-19.982868,-21.889172,-26.863623,-29.142391,-17.39635,-16.547153,-23.91077,-29.571646,-24.521374,-26.911911,-27.982576,-31.042751,-35.664497,-33.80378,-32.06016,-27.833483,-26.04647,-24.573162,-26.084064,-30.476274,-29.730247,-28.886429,-30.201668,-35.852898,-43.62351,-38.073013,-35.02507,-30.80593,-28.802563,-31.421406,-33.529995,-33.107468,-33.19707,-28.656544,-21.01491,-21.38733,-27.590885,-30.247078,-34.304554,-35.4634,-36.176865,-37.00636,-37.73498,-38.84663,-38.614162,-37.98944,-37.440823,-37.31428,-37.010567,-33.11234,-29.569216,-29.979666,-30.828854,-29.08065,-28.960888,-28.910316,-29.044973,-30.909746,-32.28556,-26.906395,-27.286655,-32.07278,-34.28065,-36.91334,-41.425518,-39.874268,-38.351135,-36.27881,-36.412575,-37.62628,-42.198174,-40.091805,-36.552147,-36.464497,-36.16651,-36.078262,-36.05124,-37.48981,-37.708206,-39.043396,-41.259506,-39.299805,-37.861336,-32.019917,-29.32542,-30.937473,-33.880573,-36.56824,-36.359467,-34.292847,-34.32302,-35.39066,-35.61476,-37.285835,-36.76621,-37.360825,-38.88412,-38.350098,-39.07119,-38.298233,-38.81844,-37.723717,-39.11038,-40.646957,-40.38913,-39.125946,-38.12951,-37.864956,-30.939468,-25.496838,-26.008099,-28.825724,-33.112343,-35.433956,-38.334984,-41.388847,-39.80068,-38.182453,-41.764275,-45.734158,-47.75902,-42.836437,-43.889023,-43.02051,-41.666893,-34.80337,-35.01576,-40.38793,-43.58806,-47.753773,-50.579838,-47.199387,-38.131462,-30.814028,-30.102535,-31.483501,-36.459282,-39.902374,-42.1693,-44.956024,-47.044342,-44.152485,-46.865154,-49.158356,-44.858932,-43.211426,-42.89335,-43.816315,-46.410828,-49.69371,-49.867268,-44.36481,-42.236206,-44.47105,-46.171753,-49.561317,-49.08979,-33.740547,-26.61194,-26.29423,-29.870274,-35.687874,-40.779236,-43.09835,-46.03474,-49.56034,-51.974735,-52.198196,-52.198196,-52.198196,-52.198196,-52.198196,-52.198196,-52.198196,-44.1975,-33.029945,-32.458683,-39.86485,-44.493793,-45.428497,-42.913536,-44.371037,-33.87661,-25.511665,-25.754652,-31.040207,-34.531273,-37.276047,-39.833748,-41.240696,-39.934277,-42.010277,-44.74321,-43.123585,-40.82571,-44.26358,-40.511726,-36.850735,-40.372852,-42.41734,-41.28584,-41.71921,-44.98402,-40.343746,-39.544075,-40.99415,-41.54968,-29.248203,-25.53072,-27.40326,-31.114002,-36.036427,-39.64329,-41.49383,-40.218117,-41.315804,-44.88597,-46.75563,-47.817287,-44.45522,-44.31318,-43.74809,-39.971264,-41.47989,-37.75189,-32.13752,-35.450825,-41.847034,-44.320633,-47.268787,-49.983257,-49.23066,-29.06481,-22.755466,-24.95266,-29.12479,-33.418365,-37.852562,-41.411407,-44.017715,-47.650143,-48.95239,-47.462215,-45.048794,-46.616386,-47.139896,-48.98461,-51.613842,-48.868965,-44.800247,-43.455765,-43.60299,-42.736786,-42.41283,-44.61261,-46.939293,-47.83012,-36.473663,-24.693213,-24.416151,-31.893942,-37.45146,-41.540268,-44.991535,-43.784615,-44.154167,-46.62058,-45.9248,-47.72609,-50.249443,-43.073734,-39.823944,-41.916313,-42.962814,-42.74936,-38.7325,-38.30552,-41.0537,-41.19679,-41.817913,-43.154987,-43.26147,-44.43462,-34.83814,-25.23462,-27.105436,-34.895035,-35.957256,-37.889355,-42.884693,-46.723972,-46.840443,-46.124897,-46.058277,-45.91288,-46.0877,-48.132877,-48.71685,-46.751877,-46.94138,-44.80917,-40.60285,-37.526592,-36.887978,-38.706112,-40.448235,-38.796993,-38.741768,-32.999672,-25.974705,-27.915585,-34.34971,-35.617146,-36.45164,-38.22541,-40.153347,-40.904327,-42.917183,-46.0507,-43.831566,-43.230232,-41.880985,-41.09887,-41.588017,-42.883495,-40.40789,-36.2316,-37.81384,-39.137188,-40.213833,-38.737286,-37.621098,-36.490814,-36.663177,-28.651525,-25.134802,-28.125935,-33.144863,-38.309944,-42.49231,-47.70094,-48.3303,-50.876923,-51.41876,-52.198196,-52.198196,-52.198196,-52.198196,-52.198196,-52.198196,-52.198196,-52.198196,-52.198196,-52.198196,-52.198196,-52.198196,-52.198196,-52.198196,-30.259274,-22.856178,-25.029556,-30.648031,-35.650463,-38.66226,-36.195454,-31.760101,-24.60278,-22.767982,-26.39119,-26.519012,-24.766695,-25.399809,-30.083797,-37.979404,-36.505642,-38.682854,-21.850546,-13.476164,-13.25506,-16.663296,-22.676867,-29.786474,-32.381397,-33.365284,-34.012302,-27.916618,-24.010628,-27.477726,-32.150723,-28.391102,-25.783413,-21.243252,-20.647154,-23.301273,-26.457756,-34.66607,-40.68997,-41.9991,-43.942074,-31.875183,-25.477879,-27.33459,-31.867111,-32.775196,-32.54641,-35.869648,-41.441055,-45.23418,-47.174965,-36.445568,-23.862457,-23.7282,-29.303074,-33.886856,-40.839584,-45.326885,-45.476692,-45.46007,-47.521152,-47.856148,-47.323715,-47.761837,-48.791878,-50.221386,-50.372437,-48.366398,-47.110096,-37.254593,-35.674957,-38.46267,-43.42076,-48.406624,-47.52484,-50.630928,-39.68213,-26.017187,-25.593224,-32.511936,-37.770866,-44.123016,-45.96603,-47.3225,-50.56151,-52.198196,-52.198196,-52.198196,-52.198196,-52.198196,-52.198196,-52.198196,-52.198196,-52.198196,-50.039566,-52.198196,-52.198196,-41.20819,-30.951921,-24.744074,-23.443739,-25.205622,-26.591833,-29.902805,-32.31828,-36.412777,-39.78107,-42.176914,-41.661552,-43.163612,-42.841507,-43.15491,-45.6702,-44.8813,-36.289604,-31.078749,-30.636147,-31.334602,-31.030321,-36.282784,-41.828712,-43.06388,-45.924835,-48.75752,-48.867363,-35.131775,-26.651077,-27.678745,-31.287601,-34.25014,-35.208313,-34.827053,-34.90385,-36.013218,-38.584244,-40.61193,-42.542473,-42.79919,-44.04802,-43.05672,-37.78719,-39.16446,-42.743336,-44.25793,-48.93186,-47.507153,-43.87303,-40.606937,-39.86902,-41.184864,-31.374342,-25.54964,-27.95584,-32.382294,-35.16891,-38.332954,-39.68667,-40.85665,-40.044308,-40.89866,-46.02623,-47.988823,-45.11442,-43.2423,-42.920692,-44.151833,-46.576996,-43.93918,-42.156216,-39.73801,-35.913563,-38.901806,-45.18118,-44.774254,-44.772736,-47.273125,-45.36717,-24.415922,-20.57234,-26.432238,-33.179203,-37.015636,-39.948483,-41.782295,-45.466877,-47.94285,-47.85224,-47.087894,-44.752384,-47.713223,-50.04393,-49.23792,-49.767895,-50.68209,-49.12392,-48.151688,-50.720028,-47.909546,-51.959953,-52.198196,-52.198196,-38.434532,-26.764708,-26.602877,-33.28421,-35.6163,-38.097378,-43.86057,-45.473145,-46.06447,-49.746555,-48.612865,-45.331425,-47.977795,-48.02945,-49.198174,-50.60128,-50.093384,-49.2576,-39.73825,-36.975414,-39.599552,-42.03479,-43.96076,-45.933643,-48.97754,-38.646564,-26.287056,-26.29311,-32.05346,-34.762363,-37.07959,-40.227905,-42.731026,-44.541378,-45.10368,-45.879494,-47.46015,-49.214745,-44.052498,-42.534977,-49.833664,-47.19539,-44.016186,-46.65135,-45.863346,-45.33248,-45.214714,-48.372173,-47.21451,-42.689762,-41.464546,-30.535162,-26.140896,-29.188364,-35.361507,-39.55263,-43.527073,-46.587254,-49.486473,-51.414486,-51.7589,-52.198196,-51.034283,-50.889328,-52.044632,-52.198196,-52.198196,-51.666443,-48.244064,-44.024677,-39.290623,-42.29856,-48.784695,-49.968544,-49.19561,-44.05737,-29.143917,-26.253674,-30.464468,-32.869724,-38.95842,-40.897907,-43.186234,-47.505985,-49.610783,-51.450058,-52.198196,-52.198196,-52.198196,-52.198196,-50.648857,-52.198196,-52.198196,-49.878574,-47.295036,-45.517273,-43.653297,-43.206184,-46.047558,-38.28606,-25.569895,-24.291304,-30.037678,-32.860867,-35.808243,-42.504723,-46.509445,-44.52747,-41.469627,-44.782368,-45.747852,-44.89501,-48.11426,-47.672165,-45.776268,-43.995434,-36.614613,-32.458378,-35.443184,-39.323597,-43.09127,-45.704132,-47.06368,-45.365585,-30.52123,-22.614698,-25.461006,-33.78569,-37.96351,-40.92775,-43.667713,-38.8975,-36.753197,-39.27044,-41.133873,-42.005844,-41.937786,-39.133926,-37.45955,-31.981495,-29.286545,-33.854088,-34.60721,-30.152657,-27.353096,-23.065565,-23.517315,-28.119621,-28.298471,-27.914589,-26.998178,-26.157627,-28.77901,-30.409489,-31.152931,-32.726734,-33.7538,-36.769424,-46.065407,-48.726845,-48.0463,-40.84904,-37.428974,-39.22995,-35.967606,-36.625454,-40.759663,-44.90995,-42.688465,-44.5315,-47.125168,-48.857025,-35.35962,-27.323149,-29.697866,-36.74602,-38.717655,-41.791565,-48.32412,-49.619602,-47.950928,-49.080704,-50.264206,-51.702877,-47.27159,-42.621964,-45.878784,-49.647453,-48.297688,-46.989716,-50.309105,-51.24791,-50.739845,-52.198196,-52.154854,-48.83323,-46.16064,-31.376038,-27.293201,-29.66494,-33.30509,-39.243626,-43.326065,-45.760098,-47.18357,-48.445568,-48.319324,-51.01768,-52.198196,-52.198196,-51.52591,-50.15615,-49.189476,-49.009056,-40.023956,-36.38699,-38.62469,-37.338055,-40.110283,-45.81311,-48.059845,-43.282936,-25.309387,-22.449165,-26.736296,-33.28738,-37.133797,-38.31511,-41.979656,-45.05892,-48.0003,-49.6249,-51.25495,-52.198196,-47.359146,-40.416447,-41.064415,-44.620174,-44.86172,-43.67627,-47.878464,-47.697365,-46.48731,-49.987022,-52.198196,-44.36478,-29.472101,-26.66622,-30.235447,-34.53158,-40.249935,-43.56865,-44.66072,-43.684277,-43.38518,-47.80124,-52.198196,-52.198196,-51.139908,-50.569275,-52.198196,-52.198196,-38.38113,-33.005314,-35.7328,-41.597115,-44.755573,-44.59795,-48.669884,-51.417545,-33.544582,-21.133812,-21.62306,-29.409302,-33.93972,-37.335625,-42.091488,-45.442013,-48.916824,-51.68377,-52.198196,-51.83763,-52.198196,-52.198196,-52.198196,-41.964348,-32.754677,-28.675177,-28.620537,-28.111958,-27.79144,-21.553581,-16.281927,-15.229402,-14.294039,-14.597597,-16.174616,-19.849102,-24.678259,-27.816246,-27.916553,-21.365715,-17.664818,-14.550315,-12.295751,-11.232147,-10.731922,-10.970153,-11.269241,-11.305105,-11.630938,-12.027086,-12.186856,-12.378101,-12.975521,-13.689676,-14.716547,-15.972962,-16.982933,-17.656275,-17.203104,-19.284187,-21.020283,-20.062397,-21.172878,-22.83871,-23.68704,-23.244064,-23.092344,-24.40271,-24.252106,-24.80069,-25.784475,-26.58035,-27.324974,-27.117588,-25.827608,-25.986416,-26.458427,-25.958035,-25.40821,-24.929352,-25.527761,-26.20476,-25.891092,-22.038057,-23.06107,-25.846077,-27.654913,-27.756998,-25.520895,-27.657673,-37.68499,-42.26188,-33.961475,-31.265089,-32.745506,-35.732796,-39.124306,-39.687416,-33.448017,-32.44182,-35.93766,-39.66461,-41.865753,-46.42022,-43.527824,-41.77694,-30.518885,-24.55664,-28.087122,-34.002,-39.342903,-42.689495,-45.60938,-49.817158,-50.639793,-49.03803,-49.815117,-46.49385,-47.683273,-48.270554,-48.081894,-38.284058,-36.0253,-44.307655,-51.93238,-52.198196,-52.198196,-52.198196,-52.198196,-52.198196,-47.47572,-29.30291,-25.596436,-28.559525,-31.779541,-33.285877,-33.80879
-42.479477,-46.56523,-51.83729,-52.198196,-52.110996,-48.635696,-48.00061,-52.198196,-52.198196,-52.198196,-52.198196,-48.385197,-41.85553,-42.339058,-43.497925,-34.152584,-30.768215,-28.593702,-29.165592,-27.192438,-23.527489,-22.15149,-14.200095,-10.903515,-7.187218,-5.711751,-5.7047195,-7.030098,-9.587945,-16.546267,-32.19174,-34.24698,-38.60677,-30.77875,-17.810637,-12.927133,-12.516641,-13.827858,-15.547639,-20.075592,-30.53771,-37.699097,-29.72195,-21.974785,-17.805182,-17.959476,-18.650658,-19.274094,-21.3644,-23.93073,-27.11381,-32.541878,-38.429497,-39.523014,-40.48544,-42.930332,-43.893246,-44.916283,-43.858913,-45.096962,-45.517086,-43.036057,-36.159126,-37.664955,-43.869778,-42.752995,-43.897243,-47.342148,-46.050915,-31.556046,-28.495941,-33.112713,-37.684277,-41.038876,-42.59832,-45.595695,-48.43116,-49.02713,-50.52362,-50.011295,-49.666245,-49.817345,-50.40172,-49.886314,-50.85589,-45.572113,-47.109604,-46.438046,-46.26707,-44.51246,-44.966335,-45.524326,-48.469814,-36.79843,-27.696245,-26.238043,-29.88438,-35.743343,-41.150017,-45.155403,-44.38522,-44.59303,-45.82337,-48.54752,-51.442062,-52.198196,-52.188564,-51.308777,-48.1143,-48.121277,-47.927307,-39.922737,-38.29409,-41.783024,-42.3888,-38.424232,-37.072235,-42.992157,-39.735054,-28.51304,-28.150108,-32.658886,-37.423737,-40.961105,-44.73945,-47.32524,-44.330833,-40.96512,-42.42155,-46.967476,-44.56787,-43.937054,-47.41114,-44.56756,-39.557655,-40.950146,-46.573643,-48.653214,-51.484123,-50.456203,-46.239647,-45.414547,-34.301266,-27.596388,-27.62141,-30.62148,-35.039295,-40.0296,-43.86293,-46.74065,-47.68522,-47.674835,-50.98423,-52.198196,-52.198196,-46.4716,-46.76203,-47.725464,-50.335205,-52.198196,-48.638264,-44.467625,-45.12159,-44.406586,-45.431217,-46.93833,-50.919662,-35.998043,-27.109196,-28.687056,-33.921795,-40.022865,-45.44654,-46.435875,-47.41533,-50.306755,-51.253105,-48.70105,-46.196877,-40.75214,-40.246223,-46.406105,-49.55095,-49.468254,-50.137627,-51.97682,-47.274136,-44.603226,-45.218315,-44.911278,-43.73186,-44.444828,-32.65865,-25.056885,-24.443539,-28.982706,-33.962856,-38.958565,-41.677746,-44.612503,-47.830284,-46.94902,-42.21899,-42.55229,-47.23874,-44.09449,-40.8168,-43.21412,-42.69423,-41.27329,-39.902153,-41.57086,-43.6825,-46.4522,-46.586586,-47.679943,-49.246964,-31.193693,-23.505781,-27.011347,-35.24369,-39.706024,-43.60674,-46.416603,-45.6726,-46.830082,-47.964787,-46.50543,-43.960842,-46.683918,-50.07946,-50.163002,-51.36515,-46.68102,-43.102398,-43.860355,-45.710617,-49.71541,-51.34375,-51.507854,-48.37235,-43.55698,-27.650875,-21.836254,-25.226997,-31.346434,-35.897602,-39.15144,-39.900146,-40.509514,-39.93964,-42.866295,-47.14161,-46.998295,-49.244953,-45.43711,-43.765827,-44.236633,-43.042725,-45.781197,-37.12539,-34.939846,-38.03741,-38.11583,-38.310246,-45.484257,-49.134563,-37.27584,-25.04256,-24.85431,-32.20672,-37.16033,-40.146324,-42.28613,-46.732704,-47.938942,-47.990013,-46.69849,-47.505535,-50.225166,-52.198196,-48.85452,-45.42473,-42.39863,-41.42446,-43.91424,-49.630035,-50.14082,-50.131813,-48.217793,-43.62644,-43.329853,-30.108566,-24.675875,-27.747868,-30.907602,-36.60877,-43.418533,-44.703884,-46.58526,-50.63433,-51.05983,-51.947063,-52.198196,-52.198196,-52.198196,-52.198196,-52.198196,-52.198196,-44.67968,-36.693817,-38.020496,-41.64118,-45.067123,-46.84793,-43.263012,-39.826584,-37.443966,-26.789305,-23.435944,-27.152006,-30.806044,-31.8256,-37.06348,-32.72517,-30.40709,-29.536873,-29.131767,-30.167921,-33.96325,-30.323128,-21.715605,-20.08268,-26.234053,-37.78152,-34.833035,-35.430126,-31.279415,-17.540333,-12.688924,-11.780645,-11.161195,-11.619183,-19.500168,-29.2989,-31.419167,-33.455738,-32.236122,-32.35766,-33.79934,-34.973267,-31.931723,-32.881268,-33.393772,-35.619217,-36.810917,-34.98021,-36.72307,-44.031708,-36.65258,-33.157333,-33.137062,-31.686668,-33.362053,-33.718586,-32.765495,-34.11036,-32.31608,-22.626293,-21.982578,-26.13314,-30.105667,-34.73153,-34.71148,-35.240627,-38.520298,-39.966835,-40.334286,-39.224506,-37.681305,-35.58863,-34.944405,-30.897263,-27.61361,-28.448494,-33.92623,-35.600693,-35.543694,-37.62246,-39.42489,-39.419094,-37.798096,-34.43664,-27.147663,-27.174652,-31.835781,-36.607346,-41.17889,-41.254097,-41.977764,-40.191135,-38.419075,-39.112392,-41.128315,-41.301846,-41.54332,-44.149887,-44.34909,-43.40391,-42.19541,-41.700424,-42.585037,-40.59685,-41.0302,-43.16955,-44.59266,-44.6537,-33.932457,-29.55144,-30.323338,-36.881794,-40.52185,-41.483707,-41.65618,-42.97223,-44.203648,-44.97972,-44.634598,-45.0167,-43.88864,-44.44076,-47.283875,-46.492264,-44.362064,-44.346107,-44.998016,-43.204212,-42.679234,-43.481148,-46.384857,-46.684486,-45.194504,-32.83234,-25.602085,-24.903048,-31.096857,-37.829266,-39.678944,-41.23936,-44.668213,-47.472454,-45.046555,-42.873802,-44.65447,-49.733032,-44.380554,-44.66816,-44.684814,-41.437717,-39.00758,-38.54303,-39.9631,-42.354744,-47.111237,-48.1037,-43.819145,-39.33577,-32.301193,-32.324707,-35.360065,-39.074986,-43.80694,-44.601357,-46.514603,-46.82151,-45.354286,-48.145004,-49.958607,-46.397705,-43.364136,-42.964394,-43.223953,-45.68377,-48.237766,-46.911324,-43.43826,-41.92293,-43.286896,-45.431816,-48.528053,-49.383415,-28.810177,-23.093908,-24.76135,-30.676462,-36.707336,-42.300316,-43.83209,-45.277706,-49.8815,-52.198196,-52.198196,-52.198196,-52.198196,-52.198196,-52.198196,-52.198196,-52.198196,-45.885376,-35.047993,-34.24263,-39.399654,-43.781094,-47.70825,-44.919365,-44.245445,-33.06468,-25.217054,-25.427818,-28.485016,-32.055218,-35.81946,-37.672844,-41.384575,-42.022453,-41.73338,-42.252167,-38.228935,-36.96324,-42.786438,-40.73151,-30.456926,-29.772182,-35.10051,-34.29736,-35.368923,-44.36489,-40.063164,-38.44646,-36.408195,-36.26757,-22.894646,-20.964798,-27.3811,-31.869064,-35.106644,-40.96026,-40.94507,-40.53414,-43.206963,-49.088573,-50.336857,-50.560715,-46.247,-45.717216,-45.4985,-41.523163,-43.15224,-42.882023,-35.665756,-36.159546,-43.37391,-47.60687,-49.844242,-50.065735,-52.198196,-33.473896,-26.606798,-27.126183,-31.12427,-35.108444,-38.697735,-41.88087,-44.85449,-46.99817,-49.51897,-47.989674,-45.892326,-45.09253,-47.37576,-49.004475,-50.93486,-49.50487,-46.8937,-46.26762,-46.5672,-44.222965,-42.771492,-42.322327,-43.24802,-46.088303,-37.135532,-26.042147,-24.868328,-29.836578,-38.013176,-40.490173,-44.164043,-45.08454,-46.399914,-47.193237,-45.926117,-47.267612,-50.357555,-41.933395,-38.87901,-40.11301,-43.67361,-44.118095,-39.504448,-38.389565,-41.157413,-43.02896,-43.07419,-42.716106,-43.08322,-45.94745,-37.007236,-26.842587,-25.95359,-32.233387,-37.502514,-38.416096,-42.926514,-46.284813,-46.166946,-43.79064,-43.982807,-45.38143,-46.01632,-48.828003,-49.19708,-45.844658,-45.65645,-41.042496,-37.560604,-36.10882,-35.99395,-38.235172,-38.500076,-36.953415,-38.07308,-33.167965,-26.703844,-27.778757,-32.090145,-33.552204,-35.27891,-38.036552,-39.578476,-42.184296,-43.547115,-46.26998,-43.905293,-43.376053,-42.990875,-41.599957,-42.530064,-44.317287,-42.19517,-37.61997,-38.090622,-39.792774,-41.061398,-40.90394,-38.97853,-37.457703,-36.1879,-27.139072,-24.553501,-27.351788,-32.37811,-38.39715,-41.406498,-44.43443,-49.569183,-50.20926,-50.957664,-52.198196,-52.198196,-52.198196,-52.198196,-52.198196,-52.198196,-52.198196,-52.198196,-52.198196,-52.198196,-52.198196,-52.198196,-52.198196,-52.198196,-37.66398,-29.671347,-28.85869,-30.885216,-34.959938,-39.10968,-37.65137,-28.933437,-26.164082,-28.85541,-28.687792,-26.842106,-25.99241,-27.486612,-32.39323,-40.114326,-40.874893,-44.254055,-20.958366,-12.452999,-10.369526,-9.481837,-9.308606,-9.854977,-10.585294,-11.678307,-13.437023,-14.695276,-18.06025,-25.115265,-30.407925,-29.378067,-29.876465,-21.433922,-19.851343,-22.305988,-26.534542,-38.511387,-37.959427,-39.48919,-42.598076,-34.024353,-28.834435,-32.122185,-35.616833,-41.00688,-41.654873,-43.167233,-47.708748,-48.650875,-48.44352,-40.48204,-25.98593,-24.690153,-29.044052,-34.223896,-39.120182,-43.166965,-45.772434,-48.918327,-49.50016,-49.143642,-49.732704,-48.297047,-46.91538,-47.583424,-48.62866,-48.246407,-46.670677,-34.08216,-33.731262,-39.809387,-44.223267,-48.01626,-48.639954,-51.068604,-39.277706,-25.784704,-25.674496,-33.025627,-37.062386,-43.33408,-46.188103,-46.909367,-49.45971,-52.198196,-52.198196,-52.198196,-51.59832,-52.198196,-52.198196,-52.198196,-52.198196,-52.16301,-49.17599,-52.198196,-52.198196,-42.82274,-35.428844,-30.179775,-22.593483,-20.306614,-20.153122,-20.952644,-25.877085,-33.814854,-35.248592,-34.04597,-37.643536,-41.127625,-44.171215,-40.17169,-41.183353,-43.744045,-41.851578,-43.769855,-45.486588,-40.713295,-36.64932,-38.794796,-43.226906,-44.225163,-43.436638,-46.705063,-47.698174,-34.272354,-25.557568,-26.64732,-33.511745,-38.459946,-41.552643,-44.96682,-45.8794,-48.218674,-49.89572,-50.114563,-49.793884,-50.432365,-50.765568,-49.32907,-50.499138,-50.96766,-51.472145,-52.198196,-51.195236,-50.809982,-52.198196,-50.981907,-48.549316,-49.354492,-32.621407,-25.656994,-26.446426,-32.65477,-36.4732,-40.296394,-44.62773,-47.493927,-46.33173,-45.956627,-45.94297,-47.75854,-46.21859,-47.18712,-49.668354,-48.952946,-49.983727,-50.47619,-49.771706,-45.8114,-41.961044,-43.763508,-48.807976,-49.869633,-51.480602,-51.157516,-45.188885,-26.118525,-23.066105,-29.057596,-35.098064,-37.92867,-39.777294,-43.093063,-45.18004,-45.90637,-47.16537,-45.10607,-44.57571,-49.729027,-49.926952,-47.948208,-48.692814,-48.83804,-46.31941,-48.371407,-50.770435,-49.769672,-51.928673,-51.057735,-48.8033,-39.630585,-29.437511,-26.918276,-31.28442,-37.66587,-41.237835,-43.901054,-46.364952,-48.98171,-52.138756,-48.083935,-45.081104,-46.15744,-46.91015,-49.007713,-51.664055,-51.33203,-50.868984,-40.85092,-38.399506,-39.208447,-39.823135,-42.57124,-45.385494,-48.970726,-37.54409,-24.805172,-24.91371,-30.840548,-34.397285,-38.18748,-42.620434,-43.93213,-42.682022,-43.71846,-45.528625,-47.5287,-49.009857,-44.821854,-42.943565,-48.859352,-47.96859,-44.698944,-43.92299,-42.536827,-44.4227,-47.066643,-51.515614,-48.54905,-44.514687,-42.681484,-31.133348,-27.306633,-31.016294,-37.411514,-40.12787,-43.108463,-46.364243,-49.034813,-50.349617,-51.995667,-52.198196,-52.198196,-50.343746,-50.44996,-52.198196,-52.198196,-49.911633,-47.469982,-47.470238,-41.280655,-41.980637,-49.763885,-50.791668,-47.94471,-44.185444,-27.902338,-25.302069,-29.310553,-33.28995,-38.984398,-42.840904,-43.92862,-47.418285,-50.30281,-52.198196,-52.198196,-52.198196,-52.198196,-52.198196,-51.636887,-52.198196,-52.198196,-51.331573,-48.770218,-46.855797,-44.116333,-43.63895,-45.94261,-38.019104,-26.152885,-24.395634,-28.73042,-33.448902,-34.534107,-41.017094,-46.446323,-45.03986,-41.408714,-42.270626,-43.31215,-44.626167,-48.7348,-48.7858,-46.82259,-47.924175,-39.63979,-37.07632,-41.8443,-45.46367,-45.500835,-48.92427,-49.095196,-46.708702,-32.697567,-26.00674,-29.621029,-35.067978,-40.64875,-42.823746,-44.638783,-37.640617,-36.967335,-41.876446,-43.841816,-43.775536,-42.103024,-39.703022,-37.900673,-30.088749,-27.411081,-33.8802,-36.30317,-32.578354,-25.691233,-21.289371,-22.389618,-26.741304,-26.495956,-24.86366,-27.730618,-26.927588,-31.684343,-35.034683,-38.206707,-38.379944,-35.997845,-40.064507,-48.500156,-49.41055,-49.475178,-43.39787,-38.448742,-38.772106,-36.839603,-39.723286,-42.688503,-43.99677,-41.099937,-41.854168,-44.32661,-46.712894,-33.041245,-25.714476,-29.134104,-35.432327,-38.551186,-42.548042,-47.655952,-48.343166,-48.183743,-49.589767,-49.076214,-50.380116,-47.107258,-41.426693,-45.315063,-52.198196,-52.198196,-52.198196,-51.33822,-52.198196,-52.198196,-52.198196,-52.198196,-46.455235,-44.7126,-29.87249,-25.424355,-27.334248,-31.403175,-35.763912,-39.21926,-43.57443,-44.9312,-48.25009,-51.412148,-52.198196,-52.198196,-52.198196,-48.659683,-47.79682,-49.892914,-51.297703,-37.842896,-35.57377,-39.190594,-40.25511,-43.38945,-46.653793,-48.61686,-42.137375,-24.225595,-21.49887,-26.219574,-31.678944,-36.93011,-37.757954,-40.750305,-44.179935,-48.7269,-51.02542,-51.276493,-51.58738,-49.872723,-45.09058,-45.02781,-46.987877,-48.412804,-48.82492,-50.544495,-45.719963,-39.51414,-40.232655,-38.275406,-37.267227,-29.052063,-25.815262,-29.200975,-33.762566,-39.99744,-43.20214,-42.347466,-42.474533,-38.86295,-41.251526,-48.704376,-47.24684,-48.09752,-50.845303,-52.198196,-52.198196,-41.802536,-36.935368,-39.070854,-43.043194,-48.80749,-50.846363,-51.252235,-51.69368,-37.880043,-26.393948,-27.422972,-33.618126,-32.46847,-35.145256,-42.843674,-46.920204,-49.615875,-51.458946,-52.198196,-49.809307,-50.637455,-52.198196,-52.198196,-41.76208,-31.361038,-28.940308,-28.821413,-26.979317,-26.990088,-29.999458,-29.060867,-22.869875,-15.30118,-11.337509,-10.022059,-9.503153,-9.036559,-9.347704,-10.002903,-12.211529,-14.046392,-14.563744,-16.097378,-17.73898,-19.567072,-21.414017,-23.221247,-21.922705,-21.396923,-21.630915,-23.973082,-26.59557,-25.058353,-24.938772,-26.3582,-26.684168,-27.7051,-29.684948,-28.54599,-30.674658,-33.445755,-36.78869,-36.470722,-37.680115,-41.092,-41.354042,-38.94301,-38.62458,-39.272224,-40.889442,-41.69695,-41.83882,-43.395725,-44.892162,-43.59756,-40.919067,-40.391716,-41.279583,-41.641685,-42.648945,-44.081886,-45.09401,-33.072124,-26.148245,-29.401815,-36.056934,-38.494102,-41.425774,-41.070858,-39.873253,-43.31642,-46.02388,-35.48797,-28.368694,-25.870605,-27.067467,-34.548645,-45.105053,-38.001373,-34.54496,-34.372803,-34.22468,-38.89564,-49.51193,-44.0498,-39.10039,-29.436672,-23.815578,-27.59494,-33.30267,-39.0126,-43.928493,-44.880898,-43.69757,-42.3838,-43.4019,-47.27392,-47.171593,-49.30731,-47.921455,-46.367615,-36.392044,-34.05484,-42.612206,-50.099648,-50.83304,-46.75179,-45.542274,-48.093163,-51.520767,-44.59989,-28.219051,-26.54991,-31.707895,-34.532223,-38.805145,-40.36509
-41.4081,-45.96445,-52.198196,-52.198196,-51.357216,-49.491524,-47.02523,-52.198196,-52.198196,-52.198196,-52.198196,-51.574253,-44.437794,-43.65567,-46.091507,-35.110653,-31.354677,-32.595695,-33.005234,-27.42876,-22.375124,-15.044369,-11.920681,-15.365591,-24.880438,-27.27679,-28.652914,-27.663298,-29.560322,-32.34585,-43.036453,-44.119278,-43.327133,-34.110367,-29.184128,-32.58576,-36.69668,-35.867992,-35.581604,-35.865635,-42.32473,-41.611904,-37.43789,-37.691044,-30.138168,-29.148197,-31.802094,-33.837254,-37.55943,-38.774303,-40.162716,-43.12072,-46.649837,-45.457123,-45.626507,-48.15832,-46.86064,-46.278763,-45.603355,-44.947224,-45.31617,-43.723,-39.440403,-41.25315,-47.12988,-44.001312,-42.851982,-45.773907,-45.97692,-33.122826,-30.110006,-32.6168,-37.457733,-38.760597,-41.02616,-44.36474,-48.608444,-50.836796,-52.198196,-48.750645,-46.716427,-49.185623,-49.531677,-48.207115,-49.726967,-47.202686,-48.204685,-47.405838,-46.242443,-44.130028,-44.733807,-44.987343,-50.34193,-31.83414,-25.216507,-27.380238,-30.11293,-34.6154,-41.689796,-44.78163,-45.441216,-43.64445,-43.834854,-46.50028,-49.37878,-51.131004,-51.11737,-50.320873,-47.769928,-47.783974,-49.587914,-42.51539,-41.91843,-44.56532,-43.445786,-41.92388,-45.083355,-47.80951,-40.289444,-29.424002,-28.337944,-33.247383,-39.66828,-41.40665,-45.7623,-47.953506,-45.16644,-42.290466,-42.200935,-44.352448,-44.961414,-45.468563,-47.817764,-47.001503,-46.592335,-49.115696,-47.850266,-46.042778,-50.349525,-49.844776,-45.42584,-43.908264,-33.809288,-28.109789,-30.783115,-34.901028,-38.249252,-39.7779,-44.574333,-47.9322,-46.013527,-46.31629,-49.204258,-52.198196,-51.88534,-47.095055,-45.681286,-46.301304,-50.554737,-52.198196,-49.504227,-45.477318,-46.55831,-45.216427,-44.340607,-45.90078,-49.12193,-41.234352,-32.74633,-32.538074,-34.59519,-38.44064,-44.085014,-47.274773,-49.809513,-48.816914,-50.48786,-49.897095,-47.61305,-43.48694,-43.06958,-47.80157,-48.695404,-49.67344,-51.898308,-52.198196,-46.76636,-43.14201,-44.613056,-47.004246,-45.898357,-45.73291,-31.875172,-25.765347,-28.175955,-32.14923,-37.82796,-41.372456,-45.44138,-47.297344,-46.263546,-45.38046,-44.18627,-44.14203,-47.705536,-42.747494,-39.324528,-42.32991,-41.93853,-39.870342,-40.03154,-42.961235,-44.0976,-46.48172,-49.765884,-51.04088,-49.3341,-38.933918,-31.801865,-32.519215,-35.604046,-38.64394,-43.129044,-45.048798,-46.465225,-47.69173,-47.620678,-45.648354,-43.613518,-46.54744,-47.905113,-47.915405,-50.30937,-43.75645,-39.733025,-41.11656,-45.32035,-49.90377,-52.198196,-51.49792,-48.92299,-44.046345,-27.425484,-22.27866,-26.466597,-33.30781,-38.452076,-40.756016,-41.118904,-39.513813,-39.381035,-43.271027,-47.24092,-46.76071,-48.055817,-46.362434,-44.723736,-42.751297,-42.777462,-45.14027,-38.343643,-36.601997,-39.54453,-39.31438,-40.014557,-47.470146,-49.894035,-42.98721,-32.605606,-31.412249,-32.932888,-38.366238,-40.81981,-43.22165,-47.85163,-47.523605,-47.77229,-45.0882,-46.75673,-49.267826,-51.196102,-47.37961,-43.729057,-39.779686,-40.115158,-44.268017,-51.038475,-52.025963,-52.198196,-48.262142,-43.811016,-43.591496,-30.14869,-24.246843,-26.023186,-31.915165,-37.612095,-40.95268,-45.179234,-47.21237,-51.37695,-52.198196,-52.198196,-52.198196,-52.198196,-52.198196,-52.198196,-52.198196,-52.198196,-49.75702,-41.644066,-42.41324,-42.506744,-45.2694,-48.223324,-44.914223,-41.20616,-36.784203,-31.90411,-29.503277,-30.594498,-30.772293,-31.564121,-38.78443,-31.542883,-27.115461,-26.975964,-29.853474,-31.44307,-34.968178,-36.63906,-29.803959,-21.285759,-19.505512,-23.715954,-28.44466,-32.268543,-32.501495,-23.84605,-20.55988,-16.573051,-15.236975,-18.34374,-25.897692,-24.867203,-29.555037,-33.6955,-34.261364,-31.983557,-31.194115,-34.313778,-32.185894,-32.578186,-32.721684,-31.299765,-32.927788,-32.84944,-37.013355,-46.006073,-37.73041,-33.958073,-32.029892,-30.129997,-33.606236,-35.571533,-34.203705,-36.204144,-34.498806,-26.073496,-25.095787,-26.484167,-29.79069,-36.727516,-39.576504,-40.08381,-41.480602,-40.759308,-40.966385,-41.715393,-39.111973,-38.329765,-38.386913,-36.660942,-34.157482,-32.830074,-34.562763,-31.018307,-29.63929,-30.945436,-33.35301,-34.312347,-34.115814,-34.05929,-30.210434,-31.286716,-33.741814,-37.52059,-38.85612,-36.45072,-38.07351,-36.9614,-34.426334,-34.570583,-35.43685,-34.993954,-35.51224,-37.75064,-37.96538,-38.00817,-38.494843,-39.86228,-39.553802,-35.653187,-35.272266,-35.789227,-37.622204,-39.765774,-32.418278,-30.46279,-32.56306,-35.723442,-38.797142,-38.346592,-37.8796,-38.24541,-39.308247,-42.512253,-44.523376,-46.29746,-45.56879,-42.59877,-42.456467,-39.935,-39.97986,-38.058506,-37.70892,-38.116444,-37.780594,-37.93804,-39.060417,-38.75091,-39.228424,-31.520899,-26.872662,-31.196058,-37.12752,-37.875793,-39.23355,-39.02635,-38.818832,-43.459732,-43.705208,-42.45706,-45.55787,-51.620182,-45.777477,-44.210052,-43.49649,-43.756744,-41.992416,-42.041443,-46.02429,-49.000137,-49.6481,-48.44559,-46.14994,-42.117195,-34.233906,-32.678253,-36.5515,-41.99761,-43.539356,-44.62951,-45.811897,-46.593338,-47.134216,-50.022217,-49.918934,-45.067287,-43.179188,-41.43834,-42.08433,-46.195488,-47.588264,-47.373165,-44.09428,-40.198082,-40.77072,-44.200672,-47.057625,-48.059505,-30.880562,-25.289099,-27.659264,-32.24986,-36.34895,-39.39611,-42.892056,-45.30682,-49.45595,-52.198196,-52.198196,-52.198196,-52.198196,-52.198196,-52.198196,-52.198196,-52.198196,-51.359856,-39.795765,-37.84194,-41.14588,-44.86039,-49.9777,-47.121796,-48.14568,-32.986965,-27.65999,-30.753029,-30.859646,-31.892576,-34.027702,-36.11526,-40.853302,-39.905655,-42.639122,-44.474365,-46.23411,-45.64746,-46.838158,-41.760826,-34.79982,-33.303524,-34.33058,-32.89063,-35.050274,-43.938084,-41.20789,-42.22084,-45.30174,-41.226463,-27.322588,-24.589293,-27.267153,-31.408922,-35.932587,-39.456985,-40.143627,-42.029373,-42.769566,-44.51063,-45.12714,-47.741467,-46.927322,-47.33455,-45.211338,-43.80152,-43.455444,-41.458992,-37.371964,-39.900574,-42.92541,-44.345306,-45.929573,-45.81405,-47.058205,-31.29137,-25.793049,-27.987984,-33.252598,-36.761993,-37.5082,-40.955185,-43.7212,-45.1862,-50.165817,-46.726524,-44.871807,-43.32506,-46.771156,-48.898003,-50.989895,-49.095325,-46.529675,-47.01466,-46.44209,-45.082153,-44.714664,-42.108185,-43.067947,-45.806007,-41.703392,-29.733574,-25.55735,-27.732122,-34.73624,-38.082275,-42.26585,-45.569416,-45.609314,-47.626553,-47.498558,-49.138657,-50.88656,-43.277603,-39.130627,-40.662918,-41.48184,-40.807297,-39.405308,-36.635456,-38.45692,-42.029987,-43.812523,-44.805218,-44.79137,-44.13217,-36.36597,-27.265789,-26.720665,-30.25199,-35.204926,-36.453197,-40.141453,-43.455566,-43.954315,-43.995552,-43.507896,-42.686367,-45.09438,-48.81669,-46.808258,-44.429306,-46.318306,-40.878315,-38.038498,-40.77589,-43.082375,-40.88826,-39.42888,-40.273636,-42.143017,-36.81891,-28.737206,-27.620047,-31.775991,-35.55598,-36.9748,-38.39547,-39.052063,-40.30205,-42.973938,-46.267464,-44.09197,-42.26792,-42.124664,-41.857742,-42.221924,-43.930138,-43.843254,-40.191113,-40.313038,-39.808517,-39.210865,-40.110054,-41.512863,-41.531174,-39.16613,-29.44846,-26.079731,-29.335419,-34.231354,-39.09745,-42.34749,-47.193634,-52.198196,-50.5891,-50.744316,-52.198196,-52.198196,-52.198196,-52.198196,-52.198196,-52.198196,-52.198196,-52.198196,-52.198196,-52.198196,-52.198196,-52.198196,-52.198196,-52.198196,-38.54919,-30.015347,-27.78421,-31.68043,-38.44088,-39.79431,-35.396667,-31.05774,-24.727718,-23.460106,-28.43431,-29.107473,-27.441912,-27.41374,-31.200993,-43.156296,-45.04091,-43.819828,-30.010048,-24.771706,-26.610214,-29.487276,-24.019087,-17.848255,-15.036585,-13.333361,-13.288765,-14.733023,-20.116238,-28.71054,-31.101667,-27.553658,-25.827562,-29.000793,-29.797314,-30.315897,-33.653915,-40.550293,-40.970116,-40.588306,-42.836304,-38.59051,-32.238586,-30.540817,-35.196198,-43.08074,-43.194893,-43.50451,-45.134758,-47.693295,-45.421227,-40.946083,-27.367176,-25.618198,-29.310759,-34.25425,-38.57859,-42.75965,-44.736023,-47.619827,-48.54727,-48.300747,-49.17935,-48.313446,-48.313557,-48.319916,-51.038548,-50.714592,-47.499916,-37.30098,-37.010715,-42.33816,-45.162445,-50.7983,-52.198196,-52.198196,-43.448273,-31.660812,-31.740368,-35.87813,-40.669884,-44.36174,-46.74166,-49.612175,-50.66739,-52.198196,-52.198196,-52.198196,-52.198196,-52.198196,-52.198196,-52.198196,-52.198196,-52.198196,-51.46055,-52.198196,-52.198196,-43.839985,-31.208668,-28.550743,-34.67369,-27.535366,-22.671818,-24.723188,-31.636755,-37.351288,-36.2606,-27.540846,-23.223743,-24.494709,-32.17953,-36.639435,-39.720684,-43.337227,-38.737255,-39.457287,-42.81817,-41.755695,-38.281284,-41.120495,-43.93339,-42.5453,-41.292572,-43.274227,-45.70987,-37.261196,-29.72488,-30.948696,-34.76229,-40.42087,-42.515026,-43.747894,-45.706184,-45.393524,-47.72585,-47.97516,-48.506187,-49.20015,-49.169647,-48.501617,-48.854225,-50.488724,-51.037254,-51.204338,-51.95391,-51.379356,-50.75449,-50.953423,-49.28,-49.265503,-32.007725,-26.60367,-27.709522,-31.477175,-36.365665,-39.451298,-44.39846,-45.77842,-45.262226,-47.949417,-47.845406,-48.2733,-47.583305,-47.201614,-49.850998,-50.408752,-49.982117,-49.98869,-50.012188,-45.806393,-42.737007,-43.796165,-45.82558,-48.315536,-50.012115,-49.823174,-45.46089,-30.999832,-27.760277,-30.909737,-34.367603,-38.577057,-41.717113,-44.189796,-41.57733,-37.1559,-37.1228,-40.31032,-44.253563,-49.62503,-50.375023,-50.540634,-49.77945,-50.276302,-49.279026,-50.068825,-49.91743,-49.380436,-52.198196,-51.15999,-50.956856,-40.123028,-28.334484,-26.405201,-31.118505,-38.553288,-39.594906,-40.134315,-43.968758,-45.47786,-49.64365,-48.8324,-46.64951,-47.292694,-48.599144,-50.104862,-50.990723,-51.703003,-51.125366,-41.731014,-38.21192,-38.203552,-40.439926,-42.45745,-44.800957,-48.554108,-42.905445,-30.03902,-26.96521,-29.819798,-34.62376,-38.548637,-44.610985,-46.4917,-43.863487,-44.883064,-47.979797,-49.952145,-48.4275,-46.152863,-45.878014,-49.42225,-47.63722,-44.481934,-44.900627,-42.74872,-43.695137,-42.969666,-45.289196,-48.528664,-44.831066,-42.286407,-31.049301,-26.744287,-29.500067,-35.85797,-41.035194,-44.548565,-44.70233,-47.311943,-49.925804,-51.808094,-51.805607,-52.198196,-52.198196,-51.61539,-52.198196,-52.198196,-50.187828,-46.660076,-45.296745,-44.0987,-46.04691,-50.186005,-51.253044,-49.07576,-45.464813,-32.899334,-29.648418,-32.750195,-36.14979,-40.710472,-44.186638,-43.965946,-48.714527,-52.198196,-52.198196,-52.198196,-52.198196,-52.198196,-51.988186,-49.277493,-52.198196,-52.198196,-51.519966,-47.305893,-46.133213,-41.72641,-40.398407,-45.586075,-40.89086,-29.692268,-26.74617,-30.3854,-36.05605,-38.40176,-43.678707,-46.430107,-42.047165,-39.020493,-41.157455,-40.143364,-42.177193,-47.532227,-47.653233,-48.213142,-48.0157,-43.715347,-40.766415,-42.51064,-44.471745,-45.405888,-47.795288,-51.292095,-49.780807,-37.466297,-30.341194,-31.058483,-34.44269,-40.11228,-43.02906,-47.17621,-42.67308,-40.39883,-42.696877,-42.96005,-41.51996,-43.703953,-39.934822,-37.82123,-33.828857,-30.70605,-34.427982,-37.33096,-33.766132,-29.806635,-23.576185,-23.229412,-27.586037,-28.159279,-27.47997,-28.375788,-25.981823,-30.232943,-34.47228,-34.421875,-33.36692,-32.986458,-37.0788,-48.8713,-51.508972,-47.159748,-42.410854,-37.293304,-35.16602,-36.91852,-40.084934,-42.469765,-46.88334,-42.558247,-41.37686,-44.039135,-45.97809,-35.642868,-28.347408,-30.554821,-36.939037,-40.1376,-41.578823,-45.44046,-49.6855,-49.05757,-49.90851,-50.737465,-50.30063,-49.278637,-45.170273,-48.376648,-49.416817,-48.83548,-48.136677,-48.15084,-48.84293,-51.124283,-51.38488,-52.198196,-50.30161,-47.010956,-30.989567,-26.766212,-28.864964,-33.80266,-38.111103,-41.99257,-44.75682,-44.132454,-47.48617,-49.70069,-51.266014,-51.792812,-51.329147,-48.787285,-47.49674,-48.185505,-48.732826,-39.593445,-36.708908,-40.38477,-42.803627,-43.598183,-46.006462,-48.977356,-44.359646,-29.09422,-24.995497,-27.237446,-35.394173,-38.82309,-42.253956,-47.33779,-49.84751,-50.336563,-51.13091,-52.198196,-52.198196,-49.891205,-46.197514,-46.029533,-45.377445,-47.833015,-49.53167,-48.111275,-45.77527,-40.47501,-40.202507,-37.722824,-36.68645,-32.14889,-27.313377,-28.525732,-34.066887,-40.490837,-45.608086,-44.57511,-39.161068,-34.49581,-37.271835,-45.121418,-43.879887,-44.99342,-48.31179,-51.600685,-52.198196,-45.294884,-38.830296,-39.628483,-43.798615,-47.14125,-49.52433,-51.029198,-52.198196,-44.622974,-32.241158,-30.166218,-33.196312,-35.058155,-37.966763,-45.270237,-48.378014,-49.977005,-52.148407,-52.198196,-51.89974,-51.965862,-52.198196,-52.198196,-43.320484,-31.755001,-30.404922,-32.119453,-32.648064,-30.7723,-21.628368,-16.985878,-17.009428,-18.07342,-22.410748,-25.860184,-21.414894,-16.467031,-14.8470745,-13.785748,-13.420898,-12.754183,-11.119465,-10.1852,-9.528501,-9.555266,-9.980219,-10.415512,-10.1182785,-10.085033,-10.694931,-11.059631,-11.406092,-11.894498,-13.066358,-14.937622,-16.371674,-16.88041,-18.637552,-21.163042,-21.648354,-22.62152,-21.918713,-22.821754,-24.899014,-26.559649,-25.855442,-25.08699,-25.83071,-26.548485,-26.779573,-28.619057,-30.319813,-30.741627,-29.58929,-29.592571,-30.243511,-29.037891,-27.99985,-27.530937,-28.129906,-29.17891,-29.689095,-29.082798,-25.398827,-26.179552,-29.034237,-29.19184,-29.715822,-28.465063,-29.739937,-37.739784,-46.753002,-42.427063,-42.141006,-42.884407,-40.760727,-43.543846,-45.325428,-42.250076,-39.596077,-42.25363,-43.45322,-45.84152,-51.496452,-45.434174,-37.52605,-34.144367,-31.576746,-33.848625,-38.072285,-41.289616,-44.693913,-49.01999,-49.07479,-48.26686,-45.418854,-47.836895,-47.98468,-47.068657,-45.982773,-47.270134,-41.650307,-39.561966,-47.35939,-51.463028,-51.726948,-48.306023,-46.671505,-49.884117,-52.198196,-44.87442,-29.088268,-26.99144,-31.503904,-36.7662,-41.48501,-41.53811
-40.609825,-45.42012,-51.90928,-51.112743,-52.133694,-51.44735,-49.38557,-52.198196,-52.198196,-52.198196,-52.198196,-52.198196,-45.675117,-44.155922,-44.200764,-34.498688,-27.658722,-26.146069,-30.860826,-32.621387,-26.52985,-14.986858,-8.9416,-9.310593,-10.29645,-10.375664,-11.035486,-11.331283,-13.494311,-20.78719,-39.13352,-37.175224,-36.158463,-28.615171,-17.143976,-14.685776,-16.980268,-17.812593,-19.029327,-22.781109,-32.54297,-38.126144,-30.09097,-23.652798,-22.10405,-22.30017,-22.610304,-23.876696,-26.173117,-30.245523,-35.95142,-42.3236,-43.848858,-45.061855,-45.5966,-48.7248,-48.56106,-44.76512,-44.6706,-44.851795,-46.387352,-46.95126,-42.75352,-43.894077,-46.629276,-44.626274,-43.27927,-45.36406,-45.479374,-33.139156,-31.488693,-35.485798,-36.555664,-38.20744,-44.045025,-50.05381,-51.97691,-52.198196,-51.833267,-45.94479,-45.55099,-46.59137,-48.02569,-46.98658,-48.026005,-46.91532,-47.51094,-48.53026,-49.664,-49.347168,-48.206753,-46.363636,-49.560795,-29.956758,-23.941242,-27.87434,-33.24434,-37.170937,-41.105366,-44.77341,-46.34237,-47.109734,-47.406788,-48.74123,-52.112694,-52.198196,-52.198196,-48.748703,-47.015526,-48.99894,-49.117653,-45.671608,-44.1639,-43.972965,-42.26286,-40.389847,-40.35176,-45.862774,-44.349003,-34.29257,-33.63028,-36.96193,-37.114788,-40.7346,-47.742542,-47.750927,-45.782913,-42.855053,-43.24887,-45.716087,-46.475136,-47.193367,-50.145508,-44.155025,-43.094826,-47.649082,-47.852158,-46.309715,-50.481373,-50.557747,-48.81539,-45.544735,-29.760574,-24.534662,-28.74865,-34.71875,-38.444878,-43.584064,-45.57099,-47.021774,-49.354244,-52.198196,-52.198196,-52.198196,-51.716137,-49.68746,-47.025925,-46.18517,-49.003567,-51.312187,-48.32657,-44.46457,-45.228622,-44.155598,-45.347794,-46.447178,-49.32596,-41.766888,-32.879005,-33.111458,-35.309597,-38.21975,-44.95372,-47.93003,-49.54621,-50.11635,-49.228355,-50.31486,-48.53675,-46.480118,-45.423706,-46.51587,-45.065773,-44.496246,-44.89578,-50.80445,-49.081577,-43.750362,-40.963524,-42.845474,-45.17093,-45.408955,-32.143444,-26.577112,-30.220282,-33.59922,-36.796543,-39.34146,-41.297478,-45.400238,-48.738216,-49.161034,-44.593178,-41.807854,-43.61103,-40.910946,-40.088955,-41.676453,-42.899048,-41.285347,-38.59677,-41.58798,-44.88966,-47.606754,-47.662846,-47.283424,-47.568947,-39.709732,-32.716553,-33.26907,-36.26633,-38.086823,-41.890175,-45.51765,-47.00247,-48.442,-46.84685,-44.979767,-43.545174,-45.73677,-49.22701,-49.406662,-49.50035,-42.877487,-36.63967,-37.61001,-44.576057,-49.189346,-51.07635,-49.512005,-47.54005,-43.309296,-29.72778,-25.295376,-28.657944,-31.11457,-36.951797,-41.73462,-39.665478,-37.90736,-39.457226,-43.07384,-46.361393,-47.70815,-47.13545,-44.9136,-43.218304,-44.956413,-43.075005,-43.82702,-40.96454,-37.142406,-38.3882,-40.952164,-42.778175,-46.337555,-48.164974,-43.347317,-33.162086,-32.0957,-36.034264,-38.515377,-41.281277,-46.606323,-50.057938,-51.44072,-51.615253,-48.260796,-49.92942,-52.198196,-51.8705,-48.107513,-44.066605,-41.075417,-41.49725,-44.60085,-50.288567,-51.429115,-51.234917,-47.618073,-41.49347,-40.813946,-32.003548,-26.825106,-28.72448,-34.15212,-39.962555,-42.34281,-46.642895,-47.395683,-50.213333,-52.06681,-52.198196,-52.198196,-52.198196,-52.198196,-52.198196,-52.198196,-52.198196,-50.679893,-41.241203,-41.133633,-43.885643,-44.90703,-48.70092,-50.9499,-42.876583,-38.926674,-33.58433,-30.957481,-33.10733,-33.707016,-33.860947,-39.784103,-34.572094,-31.38032,-30.329287,-30.68531,-31.907568,-36.83492,-32.958992,-23.629267,-22.968256,-29.09478,-30.618008,-30.392975,-33.971664,-29.868792,-16.737686,-15.114672,-19.631216,-20.593945,-18.690655,-23.212093,-24.782578,-30.71416,-33.46542,-32.664524,-34.095726,-36.51425,-37.377907,-35.572506,-36.534855,-35.449997,-35.734974,-35.648582,-35.026398,-37.972122,-42.42556,-36.44812,-35.780495,-32.659393,-32.236965,-33.638767,-34.02837,-33.06382,-31.490849,-32.180435,-31.57403,-28.438839,-28.13712,-30.949106,-35.073742,-36.700092,-39.025684,-40.584465,-38.328796,-38.09329,-38.3628,-34.077526,-34.623627,-35.059536,-32.005062,-30.014397,-32.254795,-36.218826,-34.637123,-35.837456,-38.97067,-41.898056,-40.948364,-39.49151,-31.22681,-26.64525,-31.357311,-35.519882,-37.05825,-38.824627,-38.94607,-39.026894,-41.030575,-42.3082,-40.612103,-41.075054,-41.730877,-42.99643,-42.085194,-41.90846,-42.086185,-40.82708,-41.162132,-44.954624,-47.066154,-46.382805,-45.352303,-45.170612,-45.66265,-36.475594,-33.11915,-36.67025,-39.375465,-42.79802,-45.58077,-46.37013,-46.944763,-45.321556,-44.6323,-45.30437,-44.22364,-42.39683,-41.65327,-41.443405,-41.880337,-42.095,-43.091816,-43.423004,-42.91391,-42.458935,-42.864414,-43.83011,-43.119236,-42.14245,-32.339672,-27.753231,-30.996172,-35.254883,-39.67928,-41.589355,-43.965816,-43.465363,-43.314175,-44.801872,-43.402294,-46.50502,-50.059513,-42.89738,-42.508778,-42.572598,-42.588135,-38.419212,-38.916656,-43.000847,-46.35273,-47.58366,-47.113625,-47.17567,-42.960182,-34.228355,-32.523983,-36.125607,-40.456055,-43.816696,-44.533432,-45.993256,-46.19113,-45.566406,-49.047005,-47.58287,-43.434433,-42.72524,-40.12825,-41.610863,-44.949284,-47.12351,-47.5836,-44.659058,-41.058517,-41.454086,-43.902985,-46.75244,-46.119865,-29.920942,-24.939287,-27.907171,-32.2661,-36.197304,-38.923862,-43.250076,-47.387466,-51.178547,-52.198196,-52.198196,-51.49694,-52.198196,-52.198196,-52.198196,-52.198196,-52.198196,-47.680588,-34.11799,-30.054178,-31.526735,-32.625397,-33.814556,-35.860638,-35.30144,-34.446377,-29.862133,-32.94402,-36.69982,-38.433468,-43.627968,-43.783398,-41.465668,-39.753414,-41.841637,-42.666847,-40.0959,-38.107677,-42.07842,-42.264984,-39.295815,-42.561943,-45.119232,-42.80474,-40.778053,-39.92554,-39.04158,-36.898712,-35.715202,-38.240974,-29.464699,-27.567995,-29.093307,-32.79612,-40.144543,-42.953587,-44.118362,-46.016384,-48.089256,-49.492844,-49.0613,-49.341843,-44.39857,-42.924477,-41.090393,-39.2667,-42.78442,-42.878273,-36.56505,-38.99071,-44.401623,-47.294434,-46.6719,-47.11851,-51.108467,-31.478731,-25.902027,-28.19007,-32.88716,-34.86771,-37.674942,-42.64826,-45.165897,-46.317192,-49.097103,-47.544765,-44.525764,-43.44361,-46.664566,-51.147915,-51.32956,-49.199394,-44.532986,-41.817516,-41.204094,-41.579838,-42.232773,-42.164253,-42.68507,-44.166725,-45.020744,-32.086243,-28.25218,-29.818836,-34.296295,-41.343098,-43.550835,-44.668205,-46.32732,-46.04488,-43.865414,-45.33613,-47.03437,-41.950718,-37.84298,-40.43928,-43.998676,-41.973003,-36.20019,-35.76961,-40.440643,-41.953854,-41.870483,-44.566933,-44.804306,-45.471436,-35.883377,-28.317709,-30.621374,-34.1081,-36.238724,-38.51257,-42.259922,-47.472427,-47.98652,-46.26922,-44.852695,-43.992687,-45.281178,-47.3653,-43.22441,-41.091022,-43.68947,-41.92869,-40.505234,-41.19655,-43.403023,-44.96067,-42.59235,-39.680054,-40.093018,-37.27577,-29.937874,-29.009531,-32.14825,-36.44204,-40.5132,-39.790718,-38.486977,-40.02861,-42.21857,-43.24437,-42.900185,-41.52071,-42.955,-42.7721,-41.993656,-43.735687,-43.93612,-40.78095,-39.425983,-40.319935,-42.201294,-40.03968,-38.564514,-39.681183,-38.338875,-33.317055,-31.677855,-34.573524,-36.982845,-41.510773,-44.27716,-48.32037,-52.198196,-52.198196,-52.198196,-52.198196,-52.198196,-52.198196,-52.198196,-52.198196,-52.198196,-52.198196,-52.198196,-52.198196,-52.198196,-52.198196,-52.198196,-52.198196,-52.198196,-38.538307,-31.570702,-31.464966,-33.41348,-38.741367,-40.788757,-34.583828,-29.217884,-27.724712,-28.960817,-28.947857,-27.144335,-26.44796,-28.752514,-34.47551,-43.745598,-44.726242,-44.284214,-20.46053,-11.618284,-10.205067,-11.375498,-13.024341,-15.198984,-18.202305,-23.658699,-34.101112,-30.891363,-28.231066,-31.456944,-33.067013,-32.56317,-32.874695,-21.793049,-20.137081,-22.762882,-27.094341,-39.4943,-42.665817,-45.609634,-46.351685,-38.376087,-32.70331,-33.13677,-37.594406,-43.68877,-43.0999,-44.142395,-48.002617,-51.528313,-48.980217,-42.92507,-28.286972,-25.798437,-30.935534,-36.15927,-41.127335,-42.87365,-45.392174,-47.006668,-47.10476,-47.53203,-49.488174,-49.468758,-48.83949,-48.011642,-50.72384,-50.591324,-48.947372,-39.59083,-38.117157,-42.627335,-46.668606,-51.887985,-52.198196,-52.198196,-45.137936,-33.121803,-32.304333,-36.211674,-40.401047,-44.44348,-46.97935,-51.38009,-52.198196,-52.198196,-52.198196,-52.198196,-52.198196,-52.198196,-52.198196,-52.198196,-52.198196,-52.198196,-52.198196,-52.198196,-52.198196,-42.229656,-36.572643,-28.063927,-24.176826,-24.812136,-25.922298,-29.444868,-33.362087,-39.279552,-43.178047,-39.200397,-36.391674,-36.016434,-41.46711,-45.499287,-47.87616,-44.05175,-36.759388,-32.450516,-33.349995,-37.115257,-36.445034,-41.92637,-45.57277,-45.128296,-46.50287,-45.97245,-47.19758,-39.676476,-31.802444,-33.270462,-37.451046,-39.789684,-44.005814,-44.00787,-41.812206,-42.110638,-43.508057,-45.163685,-47.78309,-47.931656,-46.917614,-46.270176,-42.539154,-42.540184,-43.332314,-42.12037,-43.681988,-44.241615,-43.016697,-44.296463,-44.36161,-43.71357,-31.705109,-26.323704,-28.323376,-33.171944,-37.569397,-40.59296,-41.875244,-44.29708,-46.78898,-45.912918,-46.94335,-48.249435,-47.436455,-44.636948,-45.116177,-45.226433,-47.683582,-46.71688,-44.252464,-43.012802,-43.330463,-45.658108,-47.663666,-47.741817,-48.5673,-48.420692,-48.749504,-35.163303,-30.466822,-31.685322,-35.009014,-40.463722,-44.737453,-45.81986,-45.533546,-43.729477,-44.04763,-46.967896,-47.380352,-49.50187,-51.302116,-48.88984,-48.32229,-52.198196,-50.601063,-48.305244,-49.249516,-48.104904,-50.80864,-50.626102,-50.108433,-36.58472,-26.604305,-27.097036,-32.67401,-37.393253,-41.569817,-43.5627,-46.81192,-46.74508,-49.06626,-47.417625,-44.77944,-46.118465,-48.729843,-50.31734,-50.741505,-51.096344,-49.83736,-39.52032,-34.750202,-34.116516,-35.73307,-38.447815,-41.62338,-45.056988,-45.295586,-33.90191,-29.957813,-31.859592,-37.66586,-41.426792,-42.004284,-44.366837,-43.27885,-45.343376,-47.346405,-47.276535,-48.3367,-48.932014,-49.968204,-50.85907,-49.25596,-46.74551,-47.880154,-46.620884,-47.23946,-47.357178,-50.215813,-47.634384,-43.06593,-40.7828,-30.39212,-29.007301,-32.165535,-36.90874,-42.228897,-45.62879,-47.51404,-48.65203,-50.605194,-52.198196,-52.198196,-52.198196,-51.325035,-51.7828,-52.198196,-52.198196,-52.198196,-49.390625,-44.07959,-42.151825,-47.143024,-49.729736,-52.198196,-49.63408,-45.823837,-35.9356,-32.38288,-36.384396,-40.27901,-41.989883,-43.51417,-45.573967,-49.800873,-49.922432,-52.198196,-52.198196,-52.198196,-52.198196,-49.137016,-45.568054,-51.188774,-52.198196,-49.84051,-48.380836,-45.79001,-41.83289,-42.917374,-49.498817,-38.991333,-27.82763,-27.706455,-32.337116,-33.776,-35.762413,-40.150146,-45.062138,-42.654858,-41.035923,-44.818798,-47.27893,-48.868935,-49.059853,-49.318867,-49.250122,-48.010605,-46.59956,-42.86955,-42.442635,-44.615303,-47.98227,-51.14523,-51.893127,-50.64837,-36.65325,-30.308434,-33.26647,-38.127407,-40.812763,-43.450314,-47.134403,-44.70562,-41.197666,-41.753162,-42.641518,-43.898262,-45.608055,-43.72287,-40.584835,-38.181263,-35.311806,-34.764313,-35.795258,-33.763653,-29.052048,-24.502966,-25.931625,-29.774046,-27.395575,-28.329365,-30.257692,-28.566105,-32.26344,-36.096027,-35.860817,-35.348366,-35.555668,-38.782227,-50.036007,-51.60438,-49.54098,-44.01615,-39.982655,-38.383995,-38.652004,-40.0315,-43.42581,-46.158096,-45.209652,-44.9308,-48.251537,-52.018753,-39.585335,-32.30946,-34.435013,-39.910263,-42.19675,-43.886204,-47.039368,-50.594936,-49.87436,-49.0312,-51.773525,-51.783997,-52.03541,-49.56157,-51.45483,-51.35872,-52.198196,-52.198196,-52.198196,-52.198196,-52.198196,-52.198196,-52.198196,-49.41843,-45.842686,-32.746758,-29.17073,-31.416637,-34.116394,-40.452538,-43.182983,-45.439827,-49.63402,-50.908314,-50.851383,-52.198196,-52.198196,-51.50951,-48.26746,-48.219646,-49.260773,-49.75683,-46.050102,-42.524635,-40.901924,-32.397274,-31.773035,-37.665985,-40.854473,-41.06962,-32.94215,-30.281809,-33.401794,-36.604904,-39.407684,-43.158638,-46.875687,-52.198196,-52.198196,-52.198196,-52.198196,-52.198196,-46.888718,-35.480354,-34.178856,-39.961132,-43.67951,-44.14007,-47.164097,-50.2247,-49.99317,-51.831207,-51.021194,-47.217674,-32.165382,-28.310251,-31.381285,-35.92281,-40.49798,-45.30642,-45.780544,-42.47688,-43.719387,-47.0569,-52.198196,-52.198196,-51.351288,-50.01955,-50.083176,-52.198196,-41.740643,-37.072254,-42.19975,-46.985493,-49.219288,-51.97213,-52.198196,-52.198196,-45.911144,-32.56498,-31.002228,-35.815765,-40.302944,-42.664307,-44.82213,-49.256958,-52.198196,-52.198196,-52.198196,-52.198196,-52.198196,-52.198196,-52.198196,-43.59778,-34.207596,-31.108627,-29.789057,-27.077562,-28.27445,-25.218086,-20.666368,-18.814436,-14.47262,-11.887655,-10.869484,-11.344437,-12.054032,-12.886501,-14.157362,-16.90903,-20.051765,-23.358032,-29.295492,-28.659065,-28.144342,-27.53387,-28.431559,-30.145107,-30.911905,-30.15928,-28.390617,-27.556358,-31.175165,-32.647274,-33.93898,-34.05697,-34.407494,-33.710922,-29.736002,-30.125542,-31.150158,-33.033165,-33.927513,-34.259537,-35.169113,-36.657005,-37.015118,-36.204018,-36.25404,-37.58262,-38.035618,-37.308376,-36.9498,-34.993137,-34.32109,-34.701694,-33.379246,-32.540287,-32.379204,-33.57831,-34.795765,-34.709564,-32.622875,-27.800606,-28.979158,-31.634747,-31.515629,-33.371643,-34.06356,-36.24634,-43.230896,-42.32499,-37.407814,-32.86059,-30.102028,-29.914188,-34.74237,-39.672047,-37.07189,-38.09346,-36.97234,-37.903835,-42.8645,-49.00085,-44.435555,-43.86515,-42.67559,-37.28071,-36.332336,-39.353874,-42.793064,-45.39347,-46.70771,-47.71067,-45.493378,-44.098328,-49.053913,-50.166553,-48.042507,-47.987247,-49.418835,-47.032448,-45.680984,-49.288048,-51.911057,-52.198196,-52.198196,-52.198196,-52.006336,-50.409657,-44.35017,-29.634708,-28.395529,-33.719795,-37.202717,-41.31357,-42.296165
-41.464462,-46.654,-52.198196,-52.198196,-52.198196,-50.969574,-50.409203,-52.198196,-52.198196,-52.198196,-52.198196,-52.198196,-44.806046,-42.47888,-41.718987,-33.098347,-29.11391,-29.075245,-31.325531,-30.74966,-26.387281,-24.850513,-25.244701,-21.01734,-14.171179,-11.547184,-10.878501,-11.356134,-14.947242,-23.681465,-43.758736,-40.262665,-37.420708,-31.392508,-22.57903,-17.927128,-17.41158,-18.357029,-20.47654,-24.62397,-34.70612,-39.611015,-34.01205,-27.125366,-23.921297,-23.014105,-23.184214,-24.773016,-27.281822,-30.68116,-35.227924,-42.81331,-44.76953,-44.29312,-44.30451,-43.210022,-41.828594,-43.946156,-44.274353,-44.740074,-46.563194,-45.067513,-44.60785,-44.191833,-47.294464,-43.670002,-43.13182,-46.547142,-44.504776,-32.09767,-30.916222,-35.71984,-37.47754,-39.86668,-44.758698,-47.781258,-51.044,-52.198196,-52.198196,-46.530426,-45.882988,-49.906036,-52.130554,-50.883034,-48.66612,-47.144886,-48.265804,-46.261787,-48.093494,-47.93987,-46.248554,-44.006317,-46.380688,-31.721272,-25.673124,-28.848515,-34.338078,-40.102516,-42.482643,-44.509068,-47.959267,-47.92048,-46.637108,-47.97654,-51.719948,-52.198196,-52.198196,-47.03922,-47.20413,-48.16388,-47.541336,-43.97509,-44.746624,-44.033813,-40.450073,-42.050728,-44.515224,-47.80373,-42.52533,-33.632633,-33.493572,-37.388878,-38.244682,-41.803078,-47.829468,-46.95511,-45.891617,-42.758965,-43.313766,-45.0836,-45.551662,-47.121082,-47.30289,-43.73368,-42.650726,-45.51265,-46.3521,-46.126083,-49.531174,-50.10651,-47.175446,-42.310623,-31.860016,-26.604834,-30.597588,-36.76126,-40.318104,-43.588318,-46.152172,-48.592934,-49.853058,-52.198196,-52.198196,-51.90709,-51.37367,-48.499027,-48.82392,-49.719406,-49.625816,-51.017384,-46.91098,-43.789566,-45.444775,-45.203613,-46.837646,-47.73109,-49.982227,-42.444706,-33.378597,-34.23389,-37.169716,-39.69646,-44.23992,-46.571114,-49.336884,-50.449543,-49.90493,-49.18409,-48.965385,-47.786346,-48.218414,-48.437687,-46.532993,-46.422,-45.85211,-50.698017,-51.189224,-44.446114,-40.14971,-40.484043,-45.36123,-45.858704,-35.258675,-28.14043,-30.18281,-35.43403,-37.35103,-38.82891,-41.217964,-47.607597,-49.7408,-50.57242,-46.880806,-45.065063,-46.231884,-42.58415,-40.197376,-42.09355,-44.46038,-41.700954,-38.661915,-39.18792,-43.704277,-47.2048,-47.271038,-45.811752,-45.51813,-39.231052,-31.944628,-33.30081,-36.432602,-40.554153,-43.47148,-44.51601,-48.801903,-48.9494,-46.81461,-46.15503,-45.4591,-47.450443,-49.25721,-49.707584,-49.958645,-44.962654,-38.404152,-39.084236,-46.03224,-51.05571,-51.770405,-51.211655,-48.253174,-43.443092,-33.11438,-28.98534,-30.818676,-33.212505,-38.099358,-40.75595,-40.219406,-39.27003,-40.06405,-44.865936,-47.556,-47.016674,-46.60541,-46.024223,-44.95758,-42.906776,-41.947063,-44.516678,-40.784782,-38.720383,-41.87935,-43.584522,-45.234028,-49.27771,-48.63607,-44.395103,-34.154823,-32.341053,-34.64945,-38.559086,-42.30263,-46.041225,-49.240726,-50.95697,-50.921562,-49.17002,-49.536095,-49.998367,-50.245556,-49.45819,-45.673996,-43.530235,-43.533127,-47.276962,-50.46686,-52.198196,-51.833878,-46.57241,-40.078922,-38.628387,-33.178223,-27.924755,-31.580172,-37.39421,-39.76659,-41.85375,-46.49353,-49.95422,-50.928734,-52.198196,-52.198196,-52.198196,-52.198196,-52.198196,-52.198196,-52.198196,-52.198196,-52.198196,-41.723423,-39.320812,-43.890404,-45.67096,-48.779106,-48.924477,-38.788963,-35.23999,-31.393415,-25.877514,-26.743683,-30.799282,-31.130936,-36.1615,-32.0169,-27.920244,-27.143156,-30.160362,-32.244545,-37.073143,-36.0086,-26.978361,-21.655426,-22.6007,-28.509169,-31.513155,-34.285778,-33.51413,-22.522114,-17.08769,-13.978595,-12.575127,-14.363104,-23.357992,-29.634377,-32.077538,-34.836594,-33.8836,-32.537266,-31.481972,-33.60338,-31.642101,-33.8566,-34.79166,-32.709816,-33.288525,-33.907898,-37.91653,-40.334595,-35.25124,-35.463623,-34.917484,-34.684204,-37.627216,-37.630123,-34.846985,-32.119934,-33.19896,-31.830208,-27.13797,-28.459084,-32.029594,-35.059055,-36.218407,-37.2057,-39.476566,-39.76976,-39.331974,-39.400925,-35.461693,-35.747307,-35.532852,-35.928555,-37.906593,-38.352264,-35.468376,-31.730993,-32.70438,-36.108387,-39.231155,-39.348213,-39.220463,-32.606583,-27.637253,-30.842264,-35.59551,-36.68837,-35.952038,-36.295773,-36.563,-38.42558,-38.825287,-36.76826,-37.55552,-37.31298,-38.40366,-38.513123,-40.437473,-44.45602,-43.8439,-42.498665,-43.62036,-45.71412,-42.921276,-42.04079,-44.0867,-46.61556,-34.090427,-31.022463,-35.41756,-40.033184,-43.15609,-43.61914,-42.824265,-44.38237,-42.740173,-40.54636,-40.122116,-38.85056,-36.551434,-36.82386,-36.98591,-35.97413,-36.030907,-37.576347,-37.82621,-37.49291,-37.35038,-37.777397,-38.793182,-37.53845,-37.060947,-30.342693,-24.726456,-26.655285,-33.765503,-37.138004,-36.78898,-37.40765,-37.022614,-38.682514,-43.290592,-43.064194,-46.52587,-51.13859,-43.209732,-41.820854,-42.12348,-41.97693,-42.17503,-41.54409,-44.55861,-47.18626,-48.475536,-47.297256,-45.9565,-42.610966,-34.142593,-34.172993,-38.148247,-41.65702,-43.31022,-45.01087,-48.313507,-46.248302,-44.854744,-47.9329,-50.77487,-48.448048,-44.67821,-43.04663,-44.31415,-47.206764,-47.694164,-46.52732,-45.744972,-41.789886,-42.524014,-45.057903,-47.499123,-46.49387,-33.173973,-26.699451,-28.256145,-34.421745,-38.339417,-41.759983,-44.78581,-48.458744,-50.423855,-52.198196,-52.198196,-52.198196,-51.365448,-51.612415,-52.198196,-52.198196,-52.198196,-48.996677,-35.861645,-30.122969,-30.60139,-31.959534,-33.32802,-35.12081,-34.127842,-35.72499,-31.892622,-31.82089,-33.85122,-35.09392,-35.466812,-36.26195,-41.485214,-40.50129,-41.231,-42.764668,-40.144302,-38.86898,-43.908775,-41.38517,-34.807278,-34.560276,-39.132965,-38.786564,-40.33648,-47.161697,-41.62672,-39.85108,-38.59713,-37.499435,-30.021976,-26.124752,-28.877037,-34.812656,-38.694378,-40.953045,-42.871708,-44.80846,-44.324528,-45.321674,-46.995224,-46.502068,-44.79446,-44.471474,-41.559822,-38.717762,-39.832657,-41.39306,-39.580124,-39.78901,-43.611694,-46.630116,-44.757427,-46.417004,-47.46317,-34.75617,-27.674156,-28.655537,-33.85621,-36.26584,-39.530865,-43.445263,-44.64025,-48.166023,-50.484932,-46.94081,-45.067745,-44.608955,-47.997566,-52.198196,-51.99494,-49.55001,-45.078545,-42.908524,-44.77153,-42.36712,-40.746037,-40.778732,-42.857796,-46.163498,-44.435787,-31.422588,-28.533947,-31.62785,-38.76473,-42.658367,-45.081528,-46.614693,-47.547607,-46.972458,-44.90536,-46.324417,-47.781372,-43.86677,-41.477283,-44.274693,-43.760437,-41.58828,-36.297222,-36.984333,-42.252052,-44.255554,-42.45685,-40.794044,-41.081978,-44.88331,-39.09204,-30.417915,-31.45416,-36.759647,-38.49061,-38.330887,-42.15305,-45.54247,-47.14971,-46.952328,-44.640167,-43.673893,-46.43518,-48.462105,-44.41857,-43.596344,-45.40523,-42.814705,-41.274384,-41.26362,-43.33905,-43.611492,-42.17972,-40.2061,-39.64586,-35.762905,-28.554989,-29.79182,-34.78011,-37.392853,-39.75244,-40.247513,-38.655876,-41.074905,-43.49708,-44.71096,-44.26369,-41.86575,-43.00846,-43.686596,-42.768295,-44.03242,-41.192574,-36.976025,-38.41391,-40.161118,-42.147083,-40.206455,-37.88439,-38.49667,-39.581924,-34.737328,-32.182426,-33.487553,-35.725742,-41.533173,-45.497967,-47.49225,-50.702843,-52.198196,-52.198196,-52.198196,-52.198196,-52.198196,-52.198196,-52.198196,-52.198196,-52.198196,-52.198196,-52.198196,-52.198196,-52.198196,-52.198196,-52.198196,-52.198196,-36.69301,-29.19996,-31.12256,-34.524467,-39.305027,-40.637993,-31.973015,-28.488586,-24.877234,-24.75676,-31.191196,-33.53212,-32.54988,-32.227787,-36.309475,-45.41042,-47.138042,-44.542168,-25.155924,-17.489502,-14.436651,-12.62087,-11.778184,-11.237889,-10.564863,-10.916252,-12.251276,-13.550796,-19.278553,-30.46049,-33.09681,-30.53382,-29.508514,-27.001099,-24.536434,-26.336939,-31.098927,-41.65508,-42.214706,-43.432636,-45.18773,-39.110725,-33.551292,-35.87623,-37.441555,-38.345387,-40.91268,-38.981102,-39.59123,-42.67569,-46.595425,-42.139698,-27.859856,-26.052471,-31.241732,-35.3919,-40.183586,-43.797535,-45.05616,-45.98902,-50.798817,-50.463287,-48.74453,-47.500526,-48.61682,-49.23831,-51.380024,-49.189407,-46.95865,-42.672863,-39.556343,-41.87531,-45.792145,-49.603516,-51.862087,-51.90763,-46.33895,-34.28404,-32.10753,-35.517376,-40.83376,-44.594482,-47.72486,-50.904823,-52.198196,-52.198196,-52.198196,-52.198196,-52.198196,-52.198196,-52.198196,-52.198196,-52.198196,-52.198196,-52.130013,-52.198196,-51.730038,-40.941776,-34.51398,-32.821648,-26.980228,-23.83253,-22.974062,-23.828573,-27.331388,-35.746437,-39.655037,-36.504032,-41.374687,-45.477367,-46.016426,-42.499306,-44.26095,-46.46433,-43.028008,-42.72847,-43.305557,-42.836575,-42.692215,-45.59959,-44.377827,-43.78124,-44.26335,-47.282177,-49.78193,-38.298866,-30.810678,-33.8504,-40.391945,-41.20452,-43.76683,-46.03426,-44.231575,-45.115246,-46.347843,-48.693512,-50.206375,-48.78665,-48.810963,-48.006012,-43.937763,-43.970566,-45.51159,-44.084885,-45.09167,-46.139687,-46.142178,-46.864693,-45.86799,-44.965286,-36.250965,-29.649384,-30.488926,-36.58456,-43.12924,-45.389954,-46.61613,-47.20575,-47.994446,-46.992664,-48.272377,-48.057785,-46.88549,-45.78338,-46.40246,-47.598034,-48.978004,-47.87072,-46.208683,-43.76484,-43.032303,-47.0029,-46.82488,-46.04859,-48.23137,-49.99771,-49.814816,-36.632393,-31.715239,-32.19815,-35.26802,-38.91458,-43.28142,-46.554253,-45.41919,-45.40248,-46.107594,-46.292305,-45.850708,-48.995407,-50.26031,-48.173717,-48.31917,-48.536324,-46.453865,-45.10135,-47.061554,-50.24277,-52.198196,-48.460957,-46.547413,-36.32425,-26.85535,-26.862429,-31.511963,-37.060577,-41.71411,-44.640125,-47.376743,-49.49716,-52.024654,-49.96204,-48.233986,-49.61727,-49.721863,-48.857147,-49.95115,-51.521378,-50.429886,-41.940628,-39.831345,-40.932625,-44.184784,-46.013023,-45.039436,-46.28452,-45.779747,-33.478867,-29.912548,-32.992325,-38.14288,-41.105408,-41.830376,-43.911137,-44.089844,-46.064476,-46.652573,-45.363194,-46.960968,-49.089798,-50.37883,-51.42624,-48.45742,-46.020836,-46.476704,-44.84739,-45.75817,-47.856068,-49.983906,-48.836548,-46.023033,-42.228134,-30.559742,-27.025246,-29.412329,-35.3334,-41.504448,-45.332294,-45.818382,-47.684074,-50.99214,-52.198196,-52.198196,-52.198196,-50.0896,-49.963623,-52.198196,-52.198196,-51.470913,-48.704018,-43.44553,-40.070248,-43.876236,-48.345634,-49.304504,-49.379707,-47.60167,-35.7365,-29.83374,-32.94438,-37.886692,-41.224007,-43.873848,-45.32448,-49.60699,-52.198196,-52.198196,-52.198196,-52.198196,-52.198196,-51.015965,-47.801422,-52.198196,-52.198196,-51.070427,-49.834347,-48.256817,-43.24581,-43.126396,-48.18154,-38.42665,-27.05082,-27.457666,-33.274708,-34.754414,-35.930183,-41.370388,-45.062958,-42.038933,-43.152306,-44.249043,-45.0625,-45.79782,-50.57335,-50.96299,-52.048134,-51.600605,-47.947495,-43.810524,-42.890747,-44.958023,-47.248577,-47.629456,-49.833527,-49.80379,-38.628483,-31.920322,-33.6521,-37.747032,-41.26721,-44.502,-47.140877,-45.238853,-42.339058,-41.65855,-42.15357,-44.77089,-45.676567,-42.96338,-41.575886,-40.35788,-37.176174,-36.794376,-39.89116,-36.772305,-31.601706,-26.03975,-26.076,-30.014519,-28.565187,-28.53366,-28.951399,-26.550827,-30.987568,-33.44833,-33.527607,-33.39687,-36.08667,-42.17358,-50.2325,-52.198196,-48.049423,-43.1821,-40.916588,-42.741753,-41.049232,-40.23478,-42.753242,-46.36745,-44.419437,-44.05491,-45.982704,-47.755276,-40.653847,-32.820694,-34.373077,-39.83248,-43.326614,-45.815475,-47.486755,-46.489223,-49.075314,-50.830704,-51.139675,-50.25202,-52.198196,-51.029476,-51.376034,-52.198196,-51.928486,-52.198196,-52.198196,-52.198196,-52.198196,-52.198196,-52.198196,-49.86588,-45.176697,-31.013828,-26.706179,-30.355227,-35.177685,-38.973774,-43.201332,-46.045723,-48.188614,-48.78322,-51.12472,-52.198196,-52.198196,-52.198196,-50.305595,-50.35408,-50.92142,-49.28867,-44.978386,-42.1987,-37.4906,-24.570675,-22.788317,-28.622223,-36.07263,-35.837097,-34.922115,-32.34736,-33.22316,-36.28147,-40.825687,-45.007744,-48.770737,-49.376522,-51.190536,-52.198196,-52.198196,-52.198196,-44.18196,-29.781754,-27.646486,-33.482147,-39.866806,-39.160732,-41.902145,-48.801113,-51.3538,-52.108303,-52.057453,-46.416214,-31.871838,-28.120287,-31.006155,-37.157055,-42.613785,-44.913578,-45.678,-44.107338,-45.0016,-48.70213,-51.493942,-50.85357,-51.60269,-48.420204,-48.95542,-52.198196,-43.470306,-37.719414,-40.75451,-48.89368,-52.198196,-52.198196,-52.198196,-52.198196,-44.03551,-32.28673,-31.886406,-35.89788,-39.57879,-40.745193,-44.501785,-49.75908,-52.198196,-52.198196,-52.198196,-52.198196,-52.198196,-52.198196,-52.198196,-40.48049,-30.92382,-29.781418,-30.047834,-29.931007,-29.524729,-21.796387,-17.790741,-17.700174,-19.669882,-23.010536,-18.985842,-15.787315,-13.446797,-13.079884,-12.907392,-13.220681,-12.423521,-11.529182,-11.688362,-11.608142,-11.448859,-11.910618,-12.21389,-11.637687,-11.382269,-11.650589,-12.240358,-13.136754,-13.247403,-13.759179,-14.78058,-15.68492,-16.222958,-17.799927,-19.963148,-23.297588,-24.568855,-25.197342,-25.913597,-27.998047,-28.009571,-28.19111,-27.377522,-28.245155,-29.21597,-29.057138,-30.114052,-32.313198,-32.717354,-31.726988,-31.509695,-32.168785,-31.975037,-31.198784,-31.096844,-31.511616,-31.22367,-31.286503,-32.31241,-30.839825,-29.938927,-31.374886,-32.29049,-32.13678,-30.614452,-31.997309,-39.799843,-43.331306,-40.779694,-36.06149,-30.698513,-29.703905,-36.255478,-44.347786,-41.241856,-38.42928,-35.364475,-35.286686,-41.679188,-47.65852,-43.70663,-40.524323,-40.228806,-33.354298,-32.269894,-39.472916,-43.857704,-45.141327,-45.014275,-44.456635,-43.014923,-42.64611,-48.2313,-51.009445,-49.741512,-49.11628,-47.575676,-46.15339,-46.10262,-48.895996,-50.589146,-49.46773,-47.7192,-47.21716,-47.435555,-48.690453,-45.090767,-33.500313,-30.825441,-34.15444,-36.420372,-39.361717,-40.345284
-41.94182,-46.762856,-52.198196,-52.198196,-52.198196,-52.119453,-49.75138,-52.198196,-52.198196,-52.198196,-52.198196,-50.500965,-43.113518,-42.113804,-41.25792,-33.690823,-30.541245,-30.717506,-33.298916,-32.7919,-25.808205,-17.392866,-12.728189,-12.688053,-13.136243,-15.469643,-19.376,-18.916994,-17.810919,-23.559725,-37.47973,-39.89835,-41.540627,-32.050014,-20.659523,-18.964258,-23.875698,-24.84684,-24.802357,-29.312366,-39.196102,-42.15444,-35.386772,-30.933084,-29.444044,-28.169174,-29.239454,-33.32554,-36.910843,-39.420143,-41.938812,-45.818382,-47.18277,-45.369164,-46.117176,-47.545876,-46.501274,-46.30337,-44.935116,-45.31365,-46.85743,-46.707146,-41.60537,-41.77774,-46.711647,-46.912197,-44.438457,-47.37491,-47.53872,-34.48739,-31.888515,-35.06591,-38.829884,-41.564514,-46.268913,-47.65806,-51.88934,-52.198196,-52.198196,-44.253693,-44.46629,-48.422756,-52.192383,-52.198196,-50.67587,-49.05201,-47.453407,-46.022667,-47.810497,-47.81365,-46.73981,-45.923687,-48.075996,-32.51693,-25.343307,-27.90691,-34.752155,-40.78006,-42.70713,-44.288883,-47.97476,-48.41778,-47.335663,-48.76117,-50.895935,-51.70899,-50.663513,-48.27004,-45.75237,-46.55012,-46.837505,-41.98236,-42.985645,-43.779366,-42.11463,-41.89473,-41.90407,-46.074455,-42.308826,-32.76329,-31.94899,-35.98321,-40.1921,-42.683147,-47.058258,-45.753025,-45.839455,-42.726246,-41.778305,-45.27037,-46.045116,-45.584625,-46.667713,-44.47186,-46.676704,-48.357796,-47.141365,-46.599403,-49.708103,-49.005295,-46.365273,-44.136055,-33.734116,-28.074287,-31.668896,-36.205845,-38.239902,-42.800194,-46.825317,-49.39734,-52.198196,-52.198196,-51.402,-49.382,-50.55404,-46.50291,-46.53984,-47.200207,-48.165405,-50.416626,-42.805706,-39.685562,-44.369972,-45.25522,-48.204918,-49.40612,-51.27235,-43.478508,-33.220123,-33.0943,-35.77582,-40.479866,-44.049915,-45.634,-48.263973,-48.7276,-50.519356,-50.564034,-47.141907,-45.714622,-45.560493,-47.22348,-43.9262,-44.64122,-44.58406,-50.29749,-50.036293,-44.49585,-44.1309,-46.7386,-47.63338,-49.126835,-30.737812,-23.761282,-25.793001,-33.06048,-36.657166,-36.94093,-41.61188,-46.070984,-49.5602,-49.429096,-46.006134,-45.61386,-47.76445,-43.546795,-39.906517,-41.864487,-42.67452,-41.600067,-37.769085,-37.854362,-41.431126,-43.7801,-45.333298,-45.17119,-46.37545,-41.63909,-32.869324,-31.578997,-35.689335,-40.921368,-43.30572,-44.71758,-46.478477,-49.96161,-49.29569,-46.456726,-44.104767,-46.642727,-48.645073,-49.879066,-50.030334,-45.47207,-42.093525,-41.99974,-44.790894,-50.231743,-50.81893,-50.40556,-48.726723,-44.068066,-27.916237,-22.56018,-25.126219,-31.68001,-38.888233,-41.056328,-41.9112,-39.98731,-39.31292,-44.97265,-49.941605,-47.66754,-46.294884,-45.2791,-45.644417,-45.89937,-44.196747,-45.38407,-36.901596,-35.26381,-40.864082,-40.48284,-40.260082,-48.578945,-48.499683,-44.22448,-33.541588,-31.453781,-34.738506,-38.87444,-41.943073,-43.71546,-47.145905,-51.396946,-51.438034,-47.95703,-46.502438,-49.32758,-50.7765,-48.748547,-44.977196,-42.58135,-42.270737,-46.036472,-50.430977,-52.198196,-52.198196,-46.90599,-40.276924,-38.467632,-30.818176,-25.700266,-29.358818,-35.776398,-39.237244,-42.273502,-46.54867,-51.906555,-52.198196,-52.198196,-52.198196,-52.198196,-52.198196,-52.198196,-52.198196,-52.198196,-52.198196,-47.283142,-38.586124,-38.541534,-44.203514,-47.645462,-50.008312,-48.835213,-40.037437,-34.80111,-31.649656,-28.325274,-29.459925,-34.247173,-35.504326,-39.418083,-35.711933,-31.9423,-29.501093,-30.562479,-31.523745,-36.96768,-35.28259,-25.542917,-24.271688,-27.391361,-29.361877,-29.836021,-33.224243,-30.57356,-18.262695,-17.594818,-24.959333,-30.641026,-26.197708,-28.74508,-31.383753,-34.068844,-34.55145,-33.1306,-34.561073,-34.872837,-35.701744,-33.75467,-36.507324,-38.646976,-38.23922,-36.58132,-34.419895,-36.67742,-42.480103,-36.846592,-33.96335,-32.09378,-32.313812,-36.986126,-38.95486,-34.382977,-32.974236,-34.129486,-33.766167,-29.263975,-28.258038,-32.408077,-36.08022,-36.959415,-37.539803,-39.829903,-40.508484,-40.350487,-40.0382,-35.06987,-34.018806,-34.457325,-34.054558,-36.775288,-37.608147,-35.237175,-33.6887,-35.579372,-38.779,-40.37474,-40.601307,-41.124092,-31.485872,-26.607763,-29.330528,-33.739735,-34.924026,-36.806496,-39.41896,-41.22044,-45.063965,-44.975876,-44.043182,-45.246258,-45.111538,-43.15279,-41.18563,-41.573463,-42.90029,-42.572094,-40.600437,-41.869926,-44.02645,-45.46203,-47.333755,-45.933044,-43.98275,-36.797745,-32.355827,-33.66838,-38.957947,-42.512356,-41.750664,-40.346992,-40.22739,-40.62905,-40.256393,-39.933655,-40.325882,-39.836132,-39.1849,-39.54908,-41.504627,-44.128437,-45.993294,-44.982418,-44.20519,-45.298927,-47.09255,-47.308167,-45.976456,-43.4885,-30.73744,-25.476492,-28.507423,-34.853767,-37.154346,-40.15224,-45.446342,-44.72511,-43.21239,-44.28757,-43.252426,-46.31088,-51.411255,-43.589283,-42.1422,-42.797142,-41.494144,-40.0029,-39.989277,-44.44534,-47.982803,-50.513565,-49.141598,-45.96085,-43.140038,-36.156116,-34.74853,-36.20887,-41.572884,-44.218407,-44.94595,-48.790634,-50.12762,-49.633923,-50.661156,-49.78226,-46.274727,-44.949677,-44.425777,-45.27021,-47.520023,-48.783535,-49.93728,-46.770763,-43.2218,-43.287323,-45.71857,-47.754326,-43.982544,-32.742756,-26.7484,-28.255207,-34.34519,-38.311954,-43.01841,-46.34297,-48.88283,-51.586754,-52.198196,-52.198196,-52.198196,-51.6085,-50.864227,-52.198196,-52.198196,-52.198196,-47.83272,-35.806213,-32.645916,-32.403397,-35.57086,-33.661762,-31.146185,-32.884113,-35.512997,-31.485455,-32.081715,-35.980152,-37.336395,-39.427,-41.275753,-44.361782,-43.164616,-43.646515,-44.111477,-43.54001,-41.827282,-43.94976,-43.879513,-39.952156,-37.71254,-37.643246,-37.18123,-39.53499,-46.448235,-43.28379,-42.62186,-43.046154,-43.560974,-32.86367,-29.130527,-31.551613,-36.71479,-40.7383,-42.2647,-43.77282,-43.01035,-44.311333,-46.372482,-46.651535,-47.31076,-45.20896,-43.517384,-40.73163,-40.13896,-42.499344,-43.140213,-35.599792,-36.41256,-42.544765,-44.883614,-45.895638,-47.2575,-49.34417,-36.04322,-27.45446,-27.295624,-32.72408,-36.853027,-40.65067,-42.617756,-44.23123,-45.318752,-47.421707,-48.313427,-45.705673,-42.990337,-46.51021,-52.14973,-52.15853,-47.668694,-44.264416,-43.76655,-45.13852,-43.54481,-44.044567,-44.910713,-47.541523,-50.906136,-41.757168,-29.562368,-27.48568,-32.818626,-39.388687,-43.768166,-44.598663,-45.963303,-46.844032,-46.116753,-45.33793,-47.186436,-49.94454,-44.027374,-41.171627,-38.716442,-41.26378,-40.62239,-34.687607,-35.806076,-41.467056,-43.73799,-41.869854,-42.550446,-43.50495,-44.947662,-39.08059,-30.914284,-31.576569,-33.91416,-38.47218,-42.061646,-44.172707,-45.664955,-46.0646,-45.63326,-47.716965,-46.988937,-48.246124,-49.47142,-44.509678,-43.602844,-45.050667,-41.5437,-38.420227,-38.127636,-40.340847,-42.05294,-39.436348,-38.686775,-39.690266,-35.880558,-29.283201,-30.840874,-36.62661,-37.847916,-41.438576,-40.10895,-38.356766,-42.33047,-45.124634,-46.879204,-44.673023,-42.358128,-42.814907,-42.594124,-42.858845,-45.206867,-44.36328,-40.406643,-38.03942,-38.85815,-41.987724,-41.328857,-37.682934,-39.79591,-40.697197,-32.382607,-29.296877,-33.319405,-38.080376,-40.452774,-43.843353,-48.04641,-50.774494,-52.198196,-52.198196,-52.198196,-52.198196,-52.198196,-52.198196,-52.198196,-52.198196,-52.198196,-52.198196,-52.198196,-52.198196,-52.198196,-52.198196,-52.198196,-52.198196,-33.755997,-25.42386,-27.948738,-34.66291,-36.53617,-38.900898,-33.322342,-29.570038,-29.567034,-31.100288,-32.973164,-32.44714,-30.833303,-31.346268,-36.01991,-44.62983,-45.687733,-42.417034,-23.811815,-14.814232,-13.769205,-16.6242,-23.245028,-32.05791,-31.76965,-24.13881,-21.166983,-22.096863,-25.316944,-30.135036,-33.857452,-33.819843,-33.072155,-24.613632,-23.121788,-25.749268,-31.183197,-42.617188,-43.44738,-45.9866,-46.29281,-39.767864,-34.89821,-38.200176,-42.934372,-44.185654,-44.0658,-44.441673,-45.456024,-46.668686,-48.412704,-44.20206,-32.56781,-31.417328,-34.515324,-38.83053,-44.029675,-44.83431,-45.580956,-46.909218,-50.309223,-50.76143,-50.720387,-50.4526,-49.52104,-50.215412,-49.954945,-47.791935,-47.39603,-43.746777,-39.512016,-41.01913,-45.17482,-50.066,-51.316605,-52.198196,-45.863815,-32.438923,-30.566456,-35.244858,-40.775406,-44.90394,-47.2686,-50.18035,-52.198196,-52.198196,-52.198196,-52.198196,-52.198196,-52.198196,-52.198196,-52.198196,-52.198196,-52.198196,-52.198196,-52.198196,-52.198196,-42.791386,-36.037792,-31.444807,-32.109047,-33.30323,-28.004684,-29.175241,-35.287064,-41.24844,-39.004566,-31.627613,-28.79204,-31.941032,-37.50561,-38.006588,-44.468903,-47.105064,-43.68296,-43.513382,-45.320744,-43.739418,-39.789146,-41.304047,-46.073334,-45.700188,-42.343346,-41.51387,-41.156612,-40.003113,-34.13265,-34.88427,-37.433723,-39.729187,-44.387733,-46.91761,-46.855274,-47.499123,-48.585587,-51.788597,-51.21185,-49.685684,-51.579124,-52.198196,-51.60534,-51.06728,-52.198196,-52.198196,-49.65214,-48.714558,-48.28318,-51.03825,-52.198196,-51.95664,-38.88128,-31.172981,-31.398497,-38.120213,-43.675568,-45.764473,-46.79718,-47.980312,-47.86901,-47.44991,-49.50516,-50.684616,-48.43017,-48.846416,-49.608185,-50.087833,-50.61991,-51.077835,-51.41769,-46.05744,-41.45739,-43.059727,-47.608635,-48.880814,-51.509804,-50.89177,-50.259174,-37.117493,-31.159506,-32.475037,-35.30878,-40.268265,-46.660595,-47.654224,-42.991146,-38.41254,-39.462414,-43.634773,-45.406948,-48.701283,-49.107853,-49.79728,-52.198196,-52.198196,-50.73704,-46.663116,-49.291122,-48.508774,-51.27353,-51.24085,-50.016167,-34.995235,-26.083588,-27.399384,-32.04486,-35.81621,-40.519608,-45.009174,-47.556335,-48.883778,-52.198196,-51.705776,-47.705193,-48.532402,-48.827557,-48.768047,-50.757507,-51.7713,-51.23088,-42.630882,-40.976402,-42.04705,-44.096397,-47.056084,-47.213177,-49.18528,-41.780525,-28.231377,-27.072872,-32.66981,-37.29822,-40.258965,-41.055893,-43.649117,-45.546944,-44.4239,-45.62082,-49.599606,-49.857895,-51.35927,-51.028862,-49.67949,-49.233135,-50.194008,-49.17566,-48.13851,-48.681976,-46.403786,-48.84356,-48.14787,-45.24639,-41.815865,-28.558256,-25.985435,-30.396877,-34.93425,-39.521202,-43.85266,-44.291397,-48.373238,-52.198196,-52.198196,-52.198196,-52.198196,-52.198196,-52.198196,-52.198196,-52.198196,-51.0739,-48.787445,-42.879326,-39.36378,-43.53993,-50.30937,-51.12474,-49.96421,-46.935993,-37.19197,-31.378506,-32.897194,-36.30279,-40.472504,-46.83653,-47.562542,-50.27688,-52.154533,-52.198196,-52.198196,-52.198196,-52.198196,-52.198196,-51.863113,-52.198196,-52.198196,-52.198196,-49.3543,-46.355988,-42.92049,-41.120956,-43.92592,-38.570618,-28.361395,-28.33609,-32.77564,-37.22319,-41.79838,-44.247726,-46.6258,-43.93994,-43.54053,-45.608925,-44.03116,-45.426556,-48.074375,-48.537144,-49.57062,-49.926373,-45.597645,-41.08169,-43.020397,-46.63363,-46.896835,-47.986412,-49.49933,-50.144615,-38.725357,-31.390507,-32.65198,-36.721382,-40.08556,-42.452778,-45.753746,-42.919914,-39.188812,-38.160732,-41.990997,-45.32278,-44.683395,-42.160397,-42.908524,-40.845024,-36.911957,-35.859398,-38.056572,-35.458786,-32.07971,-28.768007,-29.973598,-32.84016,-29.007147,-29.030628,-31.499756,-30.909191,-34.17691,-35.08776,-35.65184,-36.567123,-37.03572,-40.14756,-50.237232,-51.76096,-45.038498,-41.18194,-36.416523,-36.842236,-39.49023,-39.74672,-41.57207,-45.215153,-45.03002,-45.027622,-45.395454,-45.7375,-41.102768,-32.906296,-32.79056,-36.45062,-41.197983,-43.99363,-45.44159,-46.774002,-48.839653,-49.675964,-50.348568,-52.158848,-50.0047,-46.37538,-49.35776,-52.198196,-52.198196,-51.63546,-52.198196,-52.198196,-52.198196,-52.198196,-51.509705,-47.883865,-43.082764,-30.79283,-27.767563,-33.166077,-38.938717,-41.157814,-42.98487,-46.87397,-47.45499,-50.411476,-52.198196,-52.198196,-52.198196,-51.525085,-48.109417,-47.947853,-48.781467,-49.17538,-43.29532,-40.12177,-41.99495,-39.143127,-40.434723,-46.004852,-49.445843,-50.026077,-35.070587,-29.936007,-32.53757,-38.297344,-43.48507,-43.694557,-46.40885,-48.463062,-51.55007,-52.198196,-52.198196,-52.198196,-50.872696,-45.566116,-45.15482,-49.43329,-51.393784,-49.35695,-50.434464,-52.198196,-49.838673,-49.877796,-50.696037,-44.71928,-31.485922,-29.481644,-34.656784,-39.55231,-41.44199,-44.337234,-43.93534,-43.69629,-45.14612,-48.584003,-51.36551,-51.397743,-51.834812,-49.609665,-50.46329,-52.198196,-41.310143,-37.07363,-40.989296,-46.318413,-48.734886,-51.87036,-52.198196,-52.198196,-43.62417,-32.27008,-32.16588,-35.909966,-39.74759,-43.255768,-47.414165,-51.161247,-51.542618,-51.28477,-50.974594,-47.54156,-49.226105,-52.198196,-52.198196,-43.36799,-33.107605,-31.642828,-31.371738,-28.9451,-29.8969,-23.54549,-18.945463,-16.815876,-13.218383,-11.323811,-10.909588,-11.582039,-12.84498,-13.83713,-15.197456,-18.60274,-24.800137,-26.228405,-21.385242,-18.496244,-17.32568,-17.147867,-17.166248,-17.022772,-16.95105,-17.20963,-17.116863,-17.52507,-18.314001,-19.16065,-20.333021,-21.591534,-21.825142,-22.390108,-23.03579,-25.865513,-27.385185,-28.142124,-28.847427,-30.444239,-30.33369,-31.259075,-30.81541,-31.478537,-32.014248,-32.164856,-32.586304,-33.472378,-33.536293,-31.87104,-31.167124,-31.566801,-31.335724,-30.72731,-30.829165,-31.875532,-31.845892,-31.297115,-31.908968,-30.976994,-29.375525,-30.249428,-30.550213,-31.454096,-31.287281,-33.209473,-41.717506,-42.872765,-38.697655,-37.90278,-38.63512,-39.1239,-41.27344,-42.788307,-39.11454,-39.871857,-41.769524,-45.152176,-48.734318,-49.948402,-46.987705,-40.049515,-37.383904,-33.478943,-34.558113,-39.091335,-41.19529,-45.07804,-49.89718,-50.517002,-48.65932,-46.380993,-50.034836,-52.198196,-48.165764,-45.87075,-49.266438,-50.154922,-48.92434,-52.198196,-52.198196,-52.031227,-52.198196,-52.15614,-51.82983,-51.92727,-50.18005,-37.104713,-30.862831,-27.043325,-30.494585,-39.223976,-37.741333
-39.46231,-44.36061,-51.397118,-52.198196,-52.198196,-52.198196,-49.867573,-52.198196,-52.198196,-52.198196,-52.198196,-47.098335,-38.402916,-38.699432,-43.135258,-41.64955,-36.35384,-32.408325,-30.711653,-29.534134,-27.82674,-26.468937,-20.05138,-14.567367,-9.474152,-7.828763,-8.049938,-8.722421,-10.860997,-18.229687,-31.361609,-32.628727,-36.654976,-29.781096,-18.388689,-14.339689,-14.552473,-15.8264265,-17.570007,-22.794817,-34.78473,-39.127037,-32.3404,-26.889555,-26.14412,-24.899036,-24.845161,-27.203167,-29.500126,-32.856266,-37.154076,-40.135292,-42.89702,-39.93306,-40.97343,-48.266525,-47.09303,-45.24856,-44.968475,-45.32788,-46.97251,-44.962444,-37.96042,-39.230843,-44.271034,-43.652473,-46.108204,-48.148163,-45.12587,-32.47029,-32.067177,-35.20253,-34.984276,-38.764122,-44.975754,-47.31057,-51.516357,-51.10581,-49.69454,-45.698013,-46.446075,-50.26995,-52.017635,-52.155388,-50.148994,-47.8575,-48.738617,-47.58371,-46.006355,-44.39328,-45.466423,-46.33635,-48.01321,-35.739998,-27.95783,-29.28033,-33.50537,-39.732304,-43.127438,-45.805832,-48.29738,-46.916557,-46.60682,-47.95921,-49.923824,-50.85318,-52.086517,-49.377293,-47.567192,-48.00121,-47.182293,-42.333412,-42.676434,-44.253277,-40.005146,-40.6006,-41.17716,-46.38835,-39.79136,-28.68161,-29.36242,-34.98383,-38.759304,-42.4045,-47.897144,-47.865604,-45.88643,-45.956326,-45.172535,-47.21621,-47.6958,-47.19024,-47.74183,-43.493027,-41.34581,-43.516922,-43.599277,-46.446236,-50.04254,-49.66497,-45.851143,-41.84715,-35.798958,-29.394772,-31.081768,-32.886406,-35.45566,-40.914097,-46.99453,-49.857925,-50.35688,-50.42053,-50.054535,-48.908215,-51.140404,-48.228245,-46.823906,-48.303574,-49.098034,-51.413025,-42.599,-39.8442,-45.281185,-44.800907,-46.12336,-48.534836,-52.198196,-40.556377,-30.795221,-30.88097,-33.790222,-37.65784,-42.68301,-44.67652,-47.153706,-49.18592,-50.910526,-49.787697,-47.962265,-45.50351,-44.074116,-46.94916,-46.180363,-46.91071,-48.55063,-52.198196,-50.61806,-45.10574,-42.949875,-41.27806,-41.993786,-43.90119,-34.275837,-26.989552,-28.794401,-33.9999,-37.32659,-39.60437,-43.46071,-46.531967,-48.02277,-46.349262,-46.221954,-46.64993,-46.567345,-41.87953,-40.198715,-40.95292,-41.9215,-41.571316,-37.974506,-40.016613,-43.72782,-44.60164,-46.00977,-46.111656,-46.413273,-40.051598,-31.810577,-31.506199,-35.846645,-39.635273,-44.352974,-46.93795,-47.38428,-48.66189,-48.608227,-45.924118,-44.79927,-47.729813,-48.468628,-50.026455,-51.391632,-47.637882,-41.30918,-40.126144,-45.73671,-50.194088,-49.266514,-47.937836,-47.803898,-44.716103,-32.3456,-26.608019,-27.915146,-32.85441,-37.58304,-42.693638,-42.64223,-39.89312,-40.96252,-45.1661,-49.97371,-49.702053,-45.66183,-45.563744,-46.178017,-45.086292,-44.767513,-46.109753,-38.99221,-36.41996,-39.444572,-39.52272,-39.146492,-45.84492,-48.818016,-44.866646,-33.87729,-31.368103,-33.780865,-37.98702,-40.008335,-43.635704,-46.891705,-49.4466,-52.198196,-51.316563,-48.482185,-49.523247,-52.198196,-50.059113,-45.954052,-44.603157,-45.645195,-48.80645,-52.1326,-52.198196,-52.198196,-48.34398,-41.986816,-39.073914,-33.950478,-28.972971,-31.294348,-36.919167,-39.055782,-42.755146,-47.407013,-52.198196,-52.198196,-52.198196,-52.198196,-52.198196,-52.198196,-52.198196,-52.198196,-52.198196,-52.198196,-41.660812,-33.391903,-35.48651,-42.612988,-44.344353,-47.062828,-49.052044,-38.91147,-32.711338,-30.11595,-27.320852,-27.392918,-32.334446,-34.432034,-38.57393,-34.829468,-28.13854,-27.705038,-33.07248,-36.079742,-40.524902,-36.41128,-26.297045,-21.99038,-24.357903,-30.291176,-36.085026,-38.032288,-32.159073,-18.015783,-13.653817,-13.342308,-13.351556,-14.005242,-21.615795,-31.544308,-31.733109,-34.31907,-33.353954,-33.444107,-34.293858,-34.50358,-32.20775,-34.235424,-36.516487,-36.78466,-35.88642,-34.70364,-39.121918,-42.594395,-36.254425,-32.230843,-33.19721,-35.914883,-38.801685,-40.21943,-40.507347,-37.042774,-35.92835,-30.703648,-28.680023,-30.482605,-33.82643,-36.917053,-36.472363,-36.085842,-37.52431,-39.3752,-40.480103,-42.086826,-38.037804,-36.780235,-36.41252,-37.26357,-40.38626,-38.766483,-35.34641,-33.35468,-34.979023,-38.054592,-39.945843,-41.014904,-43.290924,-33.8756,-27.942673,-31.353968,-36.372383,-35.810173,-36.612595,-38.366055,-40.39627,-43.83033,-43.50946,-43.559223,-44.59874,-43.07168,-41.453423,-40.43618,-39.992577,-41.328804,-41.284466,-39.519913,-41.285812,-43.48969,-45.944553,-48.143723,-46.66916,-43.460308,-36.64893,-32.940453,-34.348927,-36.686188,-38.64381,-39.34966,-38.728123,-37.78217,-37.712753,-37.24958,-37.228565,-37.452908,-37.192726,-37.22933,-37.959476,-39.149254,-41.764908,-43.900105,-42.975357,-42.153786,-43.77903,-44.712414,-44.819145,-44.04216,-42.559525,-33.050774,-28.047909,-30.383558,-35.271942,-37.026047,-40.576218,-43.20146,-42.467392,-41.348415,-43.274654,-43.9295,-45.850456,-51.324615,-43.642696,-42.67682,-42.832657,-40.257973,-38.464905,-39.19281,-43.00538,-45.673756,-48.397526,-49.736027,-46.919044,-41.21331,-34.056797,-33.86384,-37.21048,-40.235256,-42.228844,-46.40348,-47.820038,-47.28426,-47.874245,-49.009422,-48.553543,-47.51308,-45.013428,-43.839397,-44.193188,-47.116806,-49.26046,-49.14392,-45.538403,-43.21163,-43.336708,-45.66472,-48.80303,-47.776855,-32.22464,-26.220858,-29.01573,-34.50947,-36.657635,-41.0598,-46.48289,-49.643402,-49.786217,-52.198196,-52.198196,-51.077362,-51.34588,-49.491585,-51.61632,-52.198196,-52.198196,-45.54187,-35.103844,-32.23728,-31.26086,-34.394577,-32.176563,-29.642172,-31.596817,-34.52325,-31.719147,-31.919172,-32.728172,-36.0633,-35.228622,-36.271225,-41.763824,-42.07313,-42.604073,-41.587585,-38.02352,-36.49837,-40.704,-42.715492,-38.564716,-41.519398,-45.146065,-44.944534,-45.07218,-45.65818,-41.971466,-41.623222,-39.777466,-38.062103,-31.92295,-28.404123,-30.913332,-34.340565,-38.714497,-41.662277,-42.97894,-45.588158,-43.43693,-44.667374,-47.54913,-46.16836,-43.971752,-43.566338,-41.60326,-39.956013,-41.804203,-42.589207,-35.974266,-36.472466,-40.782238,-42.08191,-44.35484,-47.487793,-46.35904,-33.38867,-26.370668,-27.903664,-32.74801,-36.979492,-41.14767,-42.74736,-44.543617,-45.44349,-50.58133,-47.38137,-44.24829,-44.724686,-47.601624,-50.346485,-51.927395,-49.40916,-46.623787,-45.931087,-46.556824,-44.73687,-43.42241,-43.299942,-46.901207,-49.704132,-40.162704,-28.484581,-27.70215,-33.461166,-38.91908,-42.332184,-43.576767,-44.636265,-46.798588,-46.502037,-45.69227,-46.670975,-47.11777,-41.05934,-40.82363,-39.579674,-38.614223,-38.392982,-35.567463,-36.86962,-42.15857,-42.475327,-42.681202,-43.337257,-42.511856,-43.60542,-39.21054,-31.276894,-31.341906,-32.221794,-36.47498,-39.114475,-41.732796,-45.283653,-45.867096,-44.18755,-45.304714,-47.64208,-48.935757,-49.482346,-45.349274,-42.59274,-45.100903,-43.787388,-39.815666,-38.535286,-39.853207,-38.268047,-37.37474,-39.11825,-40.394783,-36.14253,-29.799479,-31.496052,-36.555088,-40.21879,-40.79734,-39.380524,-39.042175,-41.939884,-43.677616,-45.1699,-41.77974,-41.9058,-42.926426,-43.708527,-42.65104,-42.289284,-42.175976,-37.55609,-37.48725,-39.992836,-42.29311,-42.90913,-39.241478,-39.81761,-41.63813,-33.90733,-31.543882,-35.12836,-36.43658,-42.33517,-44.10097,-46.290245,-50.013237,-51.787964,-52.198196,-52.198196,-52.198196,-52.198196,-52.198196,-52.198196,-52.198196,-52.198196,-52.198196,-52.198196,-52.198196,-52.198196,-52.198196,-52.198196,-52.198196,-32.969204,-25.083862,-27.665611,-33.954933,-34.89377,-36.77938,-31.574648,-29.673859,-27.624142,-26.941067,-32.487694,-35.867752,-33.803505,-33.780792,-38.253216,-43.494385,-45.010323,-44.913654,-22.120903,-13.100515,-10.188408,-8.920884,-9.132771,-10.369165,-11.285738,-13.043879,-15.350799,-16.61186,-21.440617,-28.917969,-35.008423,-32.842117,-30.906315,-22.584831,-20.001078,-23.5495,-29.626448,-39.330276,-39.603924,-42.349625,-42.25317,-37.790417,-32.77655,-34.089607,-39.110638,-44.40462,-45.46424,-43.337234,-44.27938,-46.458897,-47.264374,-40.253445,-28.208944,-26.30458,-30.03558,-36.387745,-41.10753,-41.182194,-42.819954,-45.684666,-49.472767,-49.882927,-49.574146,-49.07741,-48.161335,-48.430386,-49.96208,-49.918594,-48.266144,-37.610313,-36.187107,-42.487453,-45.914894,-48.809372,-50.20802,-52.198196,-43.23604,-30.058792,-28.71521,-34.647476,-40.416718,-43.93955,-46.884888,-49.93962,-51.635593,-52.198196,-52.198196,-52.198196,-52.198196,-52.198196,-52.198196,-52.198196,-52.198196,-52.198196,-52.198196,-52.198196,-52.198196,-42.19528,-38.56949,-31.192991,-25.338837,-25.827934,-26.389696,-29.807373,-36.035007,-40.397217,-40.46217,-40.33725,-40.883804,-42.059666,-43.61801,-45.417133,-49.469917,-44.143757,-37.455135,-35.989384,-38.289364,-39.08345,-36.636436,-39.328552,-44.253372,-46.919804,-45.40853,-43.758553,-43.125347,-39.18799,-30.34128,-30.613304,-36.200912,-37.890404,-40.45406,-42.847908,-45.90367,-47.226414,-46.750584,-44.634064,-43.372314,-43.372467,-43.567337,-44.11946,-44.966446,-46.093727,-47.013123,-46.446095,-47.919964,-46.85186,-44.19357,-44.690544,-45.749588,-46.634773,-38.82567,-30.612566,-30.376814,-36.149033,-40.301163,-41.188248,-44.7139,-46.94988,-48.699326,-50.654408,-48.88286,-48.550533,-46.80811,-44.67916,-46.704994,-47.680634,-48.480484,-47.779816,-47.960968,-44.878498,-40.125305,-43.240246,-47.58658,-46.865826,-47.429115,-48.256668,-46.320114,-34.059196,-29.521645,-32.40741,-35.231052,-39.217026,-40.87366,-43.751568,-44.546783,-44.459846,-45.22216,-46.991314,-48.441574,-48.77207,-48.133892,-45.8671,-43.130783,-44.62776,-45.78575,-45.032467,-48.391037,-48.151966,-50.246857,-50.28877,-47.07563,-36.672157,-27.2511,-27.307957,-32.353455,-37.668823,-39.175983,-40.131012,-46.03716,-50.40679,-51.656727,-48.351715,-45.71846,-49.67347,-50.32804,-50.106293,-52.198196,-51.888077,-50.138878,-37.267815,-35.875813,-41.03099,-44.427353,-45.66849,-45.504677,-48.214382,-41.02902,-28.840042,-27.789097,-32.76133,-36.384636,-38.601475,-40.79284,-42.2127,-41.978867,-41.729233,-45.68173,-47.238304,-46.992844,-49.538185,-49.828484,-50.41571,-47.809177,-46.666985,-46.166958,-45.806335,-46.704674,-44.884346,-47.910263,-44.9245,-41.823036,-41.111263,-29.812576,-28.122408,-32.73601,-35.926414,-39.155853,-42.381714,-43.86506,-46.820724,-49.3755,-52.198196,-52.198196,-52.198196,-51.57705,-52.198196,-52.198196,-52.198196,-49.8044,-46.320614,-41.84824,-38.526337,-42.584988,-49.825226,-51.574913,-48.39127,-45.90706,-33.14342,-28.551563,-31.670757,-34.580914,-38.537926,-43.236767,-47.932846,-48.815475,-49.70802,-52.198196,-52.198196,-52.198196,-52.198196,-52.198196,-49.999165,-52.198196,-52.198196,-51.79069,-51.020718,-46.874825,-41.288696,-40.424862,-44.131813,-40.677353,-29.278355,-27.421432,-32.423393,-36.727528,-40.632256,-42.69772,-45.982452,-43.019226,-42.788853,-49.26095,-49.465057,-49.163357,-49.826393,-47.026543,-44.156376,-40.226025,-38.938698,-37.269016,-40.11604,-45.019802,-46.064144,-46.45391,-49.17582,-48.470654,-37.968338,-30.36361,-32.28222,-36.367973,-40.66819,-42.467094,-45.826305,-43.84817,-40.788826,-40.74665,-43.765884,-45.358295,-42.935566,-41.892124,-43.003403,-39.54688,-34.741543,-35.76243,-38.86578,-38.199245,-36.39875,-31.323296,-31.490662,-33.828686,-29.57054,-29.20811,-29.537552,-28.01591,-33.12417,-36.43101,-35.380856,-35.932953,-36.320198,-40.657696,-49.168682,-51.08605,-48.39396,-42.45289,-39.17789,-38.87678,-37.201824,-39.675648,-43.7108,-45.026054,-45.44896,-47.99953,-47.803543,-48.886753,-39.568417,-31.27312,-32.13755,-36.802296,-40.17083,-42.621063,-44.893913,-47.13821,-49.051353,-51.594635,-50.99685,-50.094994,-50.48063,-49.407623,-50.913788,-50.834373,-50.769104,-50.13051,-49.03431,-50.42836,-52.058697,-52.198196,-52.198196,-48.248882,-45.533527,-33.753918,-28.716152,-30.82851,-36.862885,-38.776524,-42.98845,-46.618652,-47.23202,-47.075012,-49.516403,-52.198196,-52.198196,-51.463303,-47.915844,-49.300327,-50.3578,-50.723957,-42.982536,-39.494213,-41.296158,-40.15464,-41.190968,-45.57816,-48.205643,-47.79592,-32.22383,-29.081596,-32.87845,-37.395115,-40.205532,-40.349754,-41.862812,-42.56004,-46.747574,-50.27562,-51.63459,-52.198196,-49.446884,-45.10716,-46.38933,-47.758995,-47.79693,-46.893963,-47.612663,-40.57745,-34.107765,-36.256924,-39.79079,-40.09083,-29.831116,-27.693604,-32.09316,-36.767853,-40.748734,-43.424385,-43.080975,-43.690514,-45.109406,-49.76895,-52.198196,-52.198196,-52.198196,-51.89236,-52.198196,-52.198196,-40.873188,-36.215492,-40.0093,-44.441395,-47.47108,-50.45337,-52.198196,-52.198196,-42.606117,-29.634384,-27.80046,-31.826174,-37.42463,-41.849133,-47.65758,-49.77568,-50.54374,-51.357994,-51.681522,-49.3254,-50.958996,-52.198196,-52.198196,-43.11808,-33.323254,-30.650684,-32.871887,-34.35061,-30.698328,-22.190435,-17.896622,-18.805216,-20.597404,-18.586958,-15.125605,-13.355574,-11.922487,-11.423952,-11.016249,-10.658689,-10.239578,-10.332509,-11.138138,-11.672067,-11.698447,-12.039438,-12.545162,-12.115238,-12.228533,-12.577939,-13.019322,-14.302475,-14.656704,-15.097605,-16.074322,-17.25134,-18.30653,-20.041145,-22.237947,-25.243374,-28.72015,-27.735052,-29.87062,-32.44515,-33.171143,-33.474014,-33.362984,-32.48896,-34.500626,-35.040947,-36.123577,-36.974327,-37.987373,-37.057705,-35.85303,-36.94859,-37.311005,-36.319927,-36.524334,-36.749905,-37.03443,-37.44146,-36.995483,-31.825817,-30.78331,-35.179348,-36.477673,-37.656967,-35.644474,-36.868168,-43.731857,-44.814392,-41.193447,-34.947052,-31.31166,-30.879202,-37.137333,-44.346977,-38.89989,-36.22493,-37.70302,-40.60185,-44.702217,-47.42855,-47.068108,-46.352844,-38.23152,-30.92268,-31.408,-35.051235,-37.732353,-41.14128,-42.823616,-46.094646,-46.435715,-45.338345,-49.39936,-49.59233,-48.783146,-46.58156,-46.64405,-49.27742,-48.50963,-49.924454,-50.46399,-50.530617,-51.336063,-49.258553,-47.83734,-47.4777,-46.837296,-34.33089,-29.851936,-28.477283,-32.723385,-40.33955,-39.65779
-37.948338,-43.34762,-51.843967,-51.575356,-51.749138,-49.171143,-47.363953,-52.049248,-52.198196,-52.198196,-52.198196,-44.519264,-35.649673,-36.34305,-42.653347,-39.17542,-36.089355,-35.94893,-38.12507,-31.133545,-24.183636,-14.576143,-10.675089,-12.7633095,-18.821022,-27.275043,-29.119099,-28.178417,-29.07591,-30.889843,-41.51574,-45.982918,-43.71902,-34.769005,-26.185318,-27.179272,-34.682434,-33.56639,-34.681553,-34.986782,-41.835667,-40.21682,-37.677498,-39.371487,-32.420544,-30.700663,-31.024471,-34.848995,-41.414246,-42.70227,-45.642708,-46.885056,-46.60255,-45.141808,-46.36158,-48.660755,-47.32524,-47.08611,-45.400925,-46.643185,-48.332615,-45.775333,-40.033684,-40.514393,-45.192467,-46.909447,-46.74227,-47.96177,-42.20697,-29.932222,-29.624527,-35.313335,-38.365757,-41.515533,-45.989517,-48.46355,-50.030704,-49.666256,-49.695072,-49.13311,-50.17908,-51.72911,-52.198196,-52.198196,-52.198196,-49.12466,-48.099518,-48.45794,-49.410324,-48.741585,-46.85497,-45.652847,-48.57122,-36.07198,-28.68911,-28.838661,-31.965363,-38.165718,-44.54697,-45.72129,-47.260086,-48.12283,-48.090508,-48.750412,-50.37285,-50.98158,-51.69671,-50.577072,-48.776733,-48.85341,-45.73919,-38.08635,-38.843094,-44.180885,-42.513443,-42.983723,-46.678337,-49.171337,-38.58443,-27.137701,-28.17453,-36.00377,-39.183865,-42.566025,-45.872913,-47.02568,-46.20457,-45.393074,-44.353218,-44.584064,-46.261543,-48.44744,-48.666267,-47.464027,-47.072445,-48.622322,-47.98929,-50.4335,-52.106956,-50.339348,-47.576653,-45.395584,-32.758858,-26.654425,-29.409184,-33.520187,-38.01104,-41.63392,-45.32457,-49.693893,-50.862408,-50.092606,-51.417637,-51.345566,-52.198196,-51.81034,-49.631134,-48.2163,-49.089527,-52.198196,-42.265285,-38.787796,-43.09326,-44.338203,-46.472263,-46.75962,-50.648228,-37.897972,-28.224642,-28.441965,-32.428856,-37.879166,-44.92062,-46.99904,-47.972073,-49.420666,-52.198196,-50.59086,-48.202118,-45.33084,-44.133026,-46.735004,-46.111275,-46.48797,-47.9115,-50.939938,-49.65698,-47.296646,-45.720276,-44.73473,-45.91855,-46.89263,-35.803143,-28.83089,-29.351398,-32.95642,-37.418354,-39.58842,-42.13236,-46.02638,-48.391838,-48.45055,-47.74626,-46.203533,-47.67376,-43.97206,-41.781918,-41.855324,-40.3009,-40.438618,-37.58861,-37.464184,-41.466194,-46.05976,-46.006207,-45.93833,-46.913647,-38.373665,-29.41851,-29.06186,-33.901184,-38.927746,-42.408787,-45.394897,-48.69474,-49.30378,-48.133717,-46.673782,-46.326767,-47.99747,-49.769573,-51.631485,-52.15549,-48.86962,-44.80713,-43.780933,-47.819523,-51.917976,-50.70945,-51.26542,-50.71118,-46.15912,-37.145134,-27.991007,-27.06636,-30.337296,-36.863323,-42.417015,-42.34915,-41.090286,-42.486298,-46.10993,-50.56322,-51.25492,-47.533512,-46.138275,-47.668804,-45.872234,-45.514317,-46.1101,-38.492527,-35.444588,-38.15611,-41.84103,-42.3071,-46.346024,-47.805573,-43.177074,-31.311237,-29.13958,-33.343056,-38.326168,-42.74523,-47.373833,-51.003075,-52.198196,-52.198196,-50.41207,-49.378937,-50.819134,-52.198196,-49.66237,-44.803196,-45.107697,-45.89298,-48.866165,-51.36863,-52.198196,-52.198196,-48.793606,-43.76106,-39.817192,-34.638866,-29.786983,-32.16249,-35.94548,-39.76534,-43.031044,-47.266216,-51.10039,-51.436386,-52.198196,-52.198196,-52.198196,-52.198196,-52.198196,-52.198196,-52.198196,-52.198196,-42.9488,-34.8503,-37.218494,-44.719345,-45.244274,-47.71591,-48.89125,-38.804863,-33.10724,-29.312458,-27.057842,-28.686836,-33.34083,-36.07847,-39.055653,-36.26,-32.35764,-31.781052,-35.09606,-37.401775,-41.406044,-37.055172,-28.121704,-26.493265,-27.541124,-29.020712,-34.30736,-37.610104,-33.15943,-21.767525,-19.738083,-17.73085,-16.847841,-20.082495,-28.21907,-28.123573,-31.237715,-35.15015,-33.958466,-35.0952,-38.21871,-37.5493,-36.388695,-37.467426,-37.581364,-36.472054,-33.827007,-33.03015,-36.734623,-44.525486,-37.181847,-33.631252,-33.42669,-34.546627,-38.29536,-41.426453,-41.198784,-37.37809,-34.13425,-28.770237,-26.967554,-31.143982,-35.378014,-37.599216,-37.108444,-35.780746,-35.903477,-40.284966,-40.14885,-40.634827,-38.85373,-34.805862,-35.37603,-36.79847,-37.621185,-35.160946,-33.32323,-33.44302,-34.41612,-34.99875,-34.440544,-35.520813,-36.49829,-32.152344,-28.611187,-30.890387,-34.63794,-36.456085,-38.87242,-40.153046,-38.02899,-39.603054,-40.116844,-39.374187,-40.766376,-41.38881,-41.05404,-41.252674,-40.816277,-40.29041,-37.661263,-37.25968,-40.185402,-39.7952,-40.684135,-43.39102,-43.08681,-40.823666,-33.067852,-30.048878,-34.058746,-35.9089,-37.47461,-38.468224,-38.218163,-38.761814,-40.42556,-40.94631,-40.55756,-39.82213,-40.511276,-42.450623,-44.924545,-44.98175,-46.10737,-46.351246,-47.118782,-46.96978,-48.97903,-47.831608,-47.964806,-47.915817,-47.074768,-30.488195,-25.019161,-27.143906,-32.063873,-38.333508,-40.88058,-43.507156,-46.410187,-45.24879,-43.019543,-44.2937,-46.665855,-50.05217,-45.04307,-44.060013,-43.91069,-42.092113,-37.999504,-38.732937,-42.51657,-45.334595,-48.794132,-50.319275,-49.675644,-42.056538,-33.13574,-32.38958,-34.97338,-38.1983,-42.703354,-43.666534,-44.327255,-47.043667,-48.652122,-50.511543,-48.6905,-46.389008,-44.54358,-46.39542,-46.965637,-48.65196,-49.798428,-47.92684,-45.28589,-43.094845,-43.770805,-45.8489,-47.414776,-47.27317,-32.37716,-27.262787,-29.391079,-33.60219,-37.39703,-42.14754,-46.974167,-49.986893,-50.69693,-52.198196,-52.198196,-52.198196,-51.45401,-52.198196,-52.198196,-52.198196,-52.062946,-45.50819,-36.12731,-35.626415,-40.303783,-44.54533,-46.484222,-46.852356,-49.378075,-33.190075,-26.70383,-29.202168,-32.778133,-35.617897,-36.327408,-38.16408,-41.68109,-44.120453,-44.81141,-45.083992,-45.886383,-45.014797,-47.754982,-45.4152,-38.683388,-37.77224,-40.94637,-40.141953,-41.107784,-46.092876,-42.51609,-43.08525,-45.15637,-42.030464,-30.44732,-26.699059,-29.31976,-34.496204,-39.621387,-42.842365,-44.48951,-45.155052,-43.808617,-45.16012,-48.06575,-46.818565,-44.3858,-45.007057,-44.60497,-40.971413,-42.54873,-42.84828,-36.150097,-36.638447,-41.075012,-43.948524,-46.28588,-49.28054,-49.915234,-35.04292,-27.631407,-28.889875,-34.05525,-37.781334,-40.9665,-42.415462,-44.0057,-48.292725,-52.198196,-49.502647,-47.389168,-47.25943,-48.606544,-50.221565,-51.5995,-48.127228,-47.3609,-47.29348,-45.13922,-42.464516,-41.251755,-42.457542,-45.86765,-49.88312,-35.498905,-24.376574,-25.208733,-32.529236,-37.140583,-41.717857,-43.672012,-44.19315,-45.35318,-45.23979,-45.836483,-47.881752,-49.618904,-43.777233,-42.43546,-41.722073,-42.956947,-40.396057,-33.22219,-35.07452,-42.314003,-42.204742,-41.445038,-42.828796,-43.887123,-43.989845,-40.393906,-31.00115,-28.880644,-31.42296,-39.503036,-40.943863,-42.212738,-47.457527,-49.409237,-47.72013,-45.524612,-45.687866,-47.482018,-48.890118,-45.77969,-43.161602,-45.69619,-43.379284,-38.831203,-38.58109,-39.953487,-39.699543,-38.994495,-40.50952,-41.326145,-34.807354,-27.671242,-28.712996,-34.66116,-39.732513,-40.88533,-39.834946,-39.900078,-41.051605,-41.824234,-44.384583,-43.56178,-42.947403,-42.895603,-43.541378,-43.80963,-43.556362,-43.038387,-38.37034,-38.442406,-39.189503,-41.741467,-44.303192,-40.43945,-40.936813,-41.224327,-32.052425,-28.68042,-31.254644,-34.128036,-40.44956,-45.715836,-48.52672,-51.087547,-52.198196,-52.198196,-52.198196,-52.198196,-52.198196,-52.198196,-52.198196,-52.198196,-52.198196,-52.198196,-52.198196,-52.198196,-52.198196,-52.198196,-52.198196,-52.198196,-32.255394,-25.655983,-29.084526,-36.87385,-40.554497,-41.97654,-38.875587,-33.608807,-29.743553,-31.657228,-35.175983,-35.71064,-34.385403,-34.617584,-37.921833,-46.097862,-47.973778,-42.60469,-27.501772,-19.652412,-20.78787,-27.249458,-23.052902,-17.843258,-15.413619,-14.560316,-14.849491,-16.067116,-20.745651,-27.363909,-32.70492,-34.970432,-33.71758,-27.999516,-27.205128,-29.118546,-33.778847,-41.103954,-42.261845,-45.158253,-44.34536,-36.1837,-29.505169,-31.571253,-37.085033,-40.7291,-44.387226,-44.617733,-47.010605,-49.930477,-49.200138,-41.06316,-28.905006,-27.408789,-31.48891,-37.798676,-40.567154,-41.230423,-44.708385,-47.90246,-48.234917,-48.199814,-48.672646,-50.626907,-49.193497,-48.67245,-51.416645,-50.955925,-48.570183,-34.92369,-33.53116,-39.50778,-43.784706,-49.177097,-51.267895,-52.198196,-42.715435,-29.818914,-28.642284,-34.300896,-39.12504,-43.528103,-47.410065,-50.74472,-52.137848,-52.198196,-52.198196,-52.198196,-52.198196,-52.198196,-52.198196,-52.198196,-52.198196,-52.198196,-51.179024,-52.198196,-52.198196,-43.1974,-35.47394,-34.760277,-36.250008,-28.148653,-25.260536,-28.873375,-35.260895,-40.432602,-38.89633,-35.179375,-36.839756,-39.60022,-42.46997,-42.842148,-47.48757,-46.028095,-42.19797,-40.84791,-41.077583,-39.85845,-37.290764,-40.427,-44.474773,-45.988735,-46.40865,-49.626766,-51.41068,-38.11032,-28.807854,-28.925682,-34.841446,-38.114952,-39.70406,-42.902294,-46.087833,-46.818615,-45.35523,-43.323895,-41.790535,-42.439957,-42.32337,-41.960022,-42.023354,-43.175106,-44.81568,-44.516758,-46.273113,-46.411663,-44.08529,-43.90142,-43.631573,-44.019386,-31.210785,-25.258488,-28.144024,-35.243217,-37.892548,-40.60892,-44.89593,-47.0271,-48.222538,-48.49311,-47.640373,-47.513332,-46.67509,-44.012638,-45.698627,-46.146603,-49.385925,-49.99405,-48.163406,-47.32121,-44.39918,-44.57615,-46.361233,-48.7751,-48.23709,-48.1718,-47.867813,-31.224033,-27.319433,-31.975384,-35.52117,-38.857784,-41.719185,-44.840664,-46.69896,-46.406624,-46.068005,-44.91922,-45.42175,-51.935925,-51.16333,-49.178253,-47.483402,-47.259937,-47.75301,-46.989742,-50.049545,-50.039616,-51.71818,-52.198196,-51.608665,-39.50396,-29.6185,-28.91777,-31.774815,-38.63993,-40.477833,-42.037132,-47.131687,-50.59322,-50.699673,-48.52224,-46.540993,-48.4049,-48.823174,-49.623672,-51.177834,-50.780647,-50.56419,-39.415302,-38.246845,-43.218475,-45.448982,-48.180843,-49.074577,-50.265526,-42.83598,-30.22379,-28.935486,-33.582348,-36.277435,-39.757202,-42.474293,-44.70776,-44.69412,-43.975876,-46.15099,-48.278545,-47.67311,-49.58208,-49.939026,-49.865913,-49.60624,-49.85016,-49.542084,-47.884743,-45.752106,-43.251785,-45.34866,-47.319298,-44.39253,-41.3853,-29.996645,-27.828545,-32.57819,-38.764965,-40.93354,-44.30359,-47.29872,-49.179996,-49.748558,-51.94184,-52.198196,-51.109596,-51.497055,-52.198196,-52.198196,-52.198196,-49.654808,-48.38311,-44.632874,-41.84967,-44.50425,-48.144875,-52.198196,-49.24168,-45.957886,-31.078245,-27.721333,-31.421478,-32.96778,-37.136383,-45.83902,-47.335846,-47.731037,-50.6134,-52.198196,-52.198196,-52.198196,-52.198196,-52.034126,-51.174408,-52.198196,-52.198196,-50.213264,-49.64125,-47.535137,-43.215042,-40.39601,-43.469856,-40.549355,-29.753574,-28.058283,-32.59628,-37.40812,-41.960835,-45.50304,-45.724045,-42.591858,-43.64634,-46.319458,-44.820503,-47.13582,-50.45076,-47.24115,-45.86224,-43.10963,-39.67114,-36.167072,-38.547443,-43.1843,-47.24923,-46.36727,-47.156982,-48.722992,-34.55444,-27.47218,-29.562437,-34.560303,-40.05616,-43.51914,-45.841713,-44.922874,-41.174652,-41.137848,-41.506027,-41.38328,-41.395287,-39.68045,-40.56772,-40.702496,-37.614113,-37.932743,-37.096745,-34.48357,-33.63855,-28.101328,-29.202967,-33.74145,-28.721516,-28.72162,-31.84814,-31.851032,-35.06848,-37.058254,-36.433853,-38.09897,-37.99944,-40.468594,-49.021606,-51.330566,-51.310696,-42.902187,-39.213577,-40.25292,-35.840958,-37.807293,-43.96551,-45.312878,-43.70316,-44.425125,-43.100933,-44.525078,-38.946564,-30.560581,-30.636976,-34.900063,-38.74802,-42.582127,-44.88966,-48.023106,-50.27587,-51.450825,-51.40689,-50.50659,-50.820633,-50.026604,-51.400906,-49.9831,-49.950695,-51.065517,-51.29568,-51.709705,-52.198196,-52.198196,-50.620213,-46.969643,-44.74547,-30.47436,-27.282305,-29.322435,-35.34623,-41.165462,-44.27385,-47.282963,-48.71003,-49.024292,-50.31898,-52.198196,-52.198196,-52.198196,-50.021404,-49.7563,-49.71092,-50.683983,-39.30327,-36.547733,-39.37424,-38.644634,-40.584885,-44.204506,-46.93081,-47.924828,-33.74875,-28.801823,-29.787989,-34.459995,-41.64032,-45.66696,-46.856567,-47.42683,-51.685555,-50.553917,-49.799805,-52.198196,-48.143177,-41.786655,-43.40763,-49.44225,-50.931137,-51.777073,-50.776337,-42.221405,-36.058983,-38.310043,-41.58821,-41.37575,-29.097902,-26.761639,-31.580278,-36.13128,-39.292294,-42.216927,-44.930115,-46.618114,-48.684067,-51.58384,-52.198196,-52.198196,-52.198196,-50.360256,-51.721992,-52.198196,-43.815346,-38.513786,-40.808548,-44.65756,-48.532837,-51.6132,-52.198196,-52.198196,-39.8569,-26.542145,-24.46194,-28.623173,-34.71396,-41.33061,-46.616383,-48.70201,-50.283447,-52.198196,-51.547108,-52.198196,-52.198196,-52.198196,-52.198196,-43.971695,-34.34681,-33.38914,-34.158634,-31.113548,-31.387938,-23.18695,-18.492352,-17.394634,-13.264345,-11.979342,-12.40862,-12.597382,-13.527557,-14.145344,-15.609374,-19.212233,-22.976158,-18.927675,-16.473925,-15.182933,-14.479331,-14.378977,-14.62544,-14.51392,-14.663116,-15.025531,-15.023657,-15.829987,-16.692926,-17.447899,-18.523905,-19.977718,-20.819616,-21.82847,-22.902048,-25.77185,-28.970888,-28.478867,-30.569532,-32.559727,-33.038418,-33.645317,-34.050327,-33.151047,-34.612835,-35.687992,-36.010788,-36.053776,-36.323322,-34.653694,-33.091377,-34.046696,-34.490707,-33.372303,-33.8917,-34.87922,-35.387245,-34.78312,-33.780853,-28.780907,-27.481953,-31.228466,-32.706093,-34.60585,-33.491356,-35.510925,-44.39333,-42.53575,-38.9318,-42.275543,-43.6427,-43.26319,-48.095016,-47.11574,-41.881287,-37.78674,-37.890564,-41.44785,-44.965855,-48.323257,-46.744667,-43.210022,-34.17685,-27.682161,-29.46008,-33.76075,-39.76755,-43.707436,-45.145554,-47.936768,-48.51684,-48.230495,-51.05845,-49.85396,-49.22186,-47.948627,-46.79455,-47.931255,-49.68935,-50.84211,-51.643024,-50.763863,-51.79756,-50.57642,-49.249725,-50.584816,-48.8888,-35.250763,-30.01728,-31.364996,-35.924522,-40.151936,-42.751713
-38.351257,-43.457394,-50.739235,-52.198196,-52.198196,-50.363358,-49.303913,-52.198196,-52.198196,-52.198196,-52.198196,-45.59153,-37.611767,-39.156525,-43.819107,-38.11626,-35.702972,-35.708893,-38.582375,-29.868078,-24.837986,-18.83368,-12.191113,-10.2577,-8.720295,-9.0286455,-9.80275,-10.2948475,-12.334267,-20.022203,-34.741676,-40.02077,-40.275528,-30.17684,-17.795183,-14.302187,-15.559407,-16.297873,-17.815847,-22.941954,-35.914402,-40.667618,-34.69887,-28.658707,-27.181862,-27.045687,-27.018654,-29.019299,-31.968975,-35.34137,-36.948174,-40.446938,-41.68503,-40.39788,-42.199203,-45.55442,-47.94892,-48.01584,-46.530323,-46.141506,-46.079346,-47.39705,-45.222095,-42.606243,-44.71546,-44.268433,-44.61245,-49.134087,-40.763187,-28.226614,-27.92386,-32.672737,-37.436977,-43.32758,-46.989235,-47.81022,-48.681435,-51.303616,-51.252613,-47.69585,-48.111443,-50.250626,-50.32989,-49.693237,-51.187157,-48.409645,-49.778625,-49.52189,-48.64644,-48.478397,-50.10126,-49.463974,-51.32894,-32.13957,-25.53627,-27.62984,-31.644556,-38.5766,-44.14711,-45.166286,-47.431557,-48.49289,-48.293377,-50.69124,-52.198196,-52.198196,-52.14214,-52.198196,-51.119904,-50.913013,-42.703625,-33.37169,-35.297768,-43.296776,-41.102135,-41.996414,-44.076637,-47.808395,-42.440323,-29.874134,-28.56985,-34.32183,-39.11464,-44.64409,-45.451584,-45.30998,-45.551586,-44.031998,-44.438175,-47.115345,-47.96555,-48.05548,-48.314896,-47.347656,-44.41557,-44.848156,-46.953053,-49.572296,-51.31315,-50.80741,-48.643036,-46.580982,-31.33581,-24.437372,-27.58413,-34.531654,-37.79531,-42.128647,-45.27464,-47.10539,-49.284023,-49.960854,-51.19072,-52.198196,-51.826138,-51.199287,-50.43248,-50.58703,-51.646442,-52.198196,-45.462204,-40.502144,-43.097424,-45.91152,-48.9358,-50.671494,-51.91454,-36.13035,-26.913164,-27.166212,-31.384459,-38.642612,-45.440475,-46.20961,-47.187977,-50.092934,-51.817734,-49.80585,-49.70232,-49.508175,-48.379955,-48.085896,-47.807533,-45.41536,-46.742638,-52.198196,-51.110798,-48.526955,-44.795246,-43.70834,-42.767876,-44.621048,-32.04362,-26.200321,-29.22054,-32.828587,-35.614758,-38.885265,-42.66295,-46.776955,-48.714672,-49.12209,-47.11863,-47.841743,-51.38453,-45.48403,-41.34774,-40.825886,-43.38575,-44.476704,-38.376007,-37.826077,-42.672253,-45.61379,-46.58027,-47.06112,-48.765026,-37.23641,-29.391958,-29.473415,-31.574368,-37.76127,-42.842316,-46.144264,-48.65586,-49.34397,-50.338104,-50.63023,-50.819023,-49.505295,-50.106644,-50.942078,-51.108086,-50.084095,-49.134445,-47.59353,-47.77984,-50.142933,-52.198196,-50.308197,-49.36337,-47.529343,-37.377518,-29.319036,-28.094597,-30.62195,-35.441452,-39.387497,-42.102757,-41.4256,-43.28516,-47.265488,-49.449417,-48.846626,-48.14833,-46.757385,-47.639366,-48.587605,-45.811497,-47.258564,-38.471912,-34.45164,-38.148014,-42.459587,-43.62774,-46.36995,-48.50687,-40.635086,-28.235401,-26.823433,-31.077442,-36.92742,-41.44671,-45.485283,-49.474064,-51.885635,-51.786583,-48.480816,-49.085915,-52.198196,-52.198196,-49.675823,-47.38136,-46.360664,-44.493095,-46.96685,-52.198196,-52.198196,-51.863068,-50.98248,-47.14607,-44.588245,-35.875614,-30.529102,-32.578663,-36.219036,-39.436783,-43.531,-46.529816,-48.00992,-50.283455,-52.198196,-52.198196,-52.198196,-52.198196,-52.198196,-52.198196,-52.198196,-52.198196,-45.949593,-37.43557,-39.072197,-44.47696,-46.984566,-49.55954,-50.06656,-37.967133,-31.7595,-27.339588,-25.354347,-27.195175,-31.416668,-34.99452,-39.54423,-35.526287,-29.27158,-28.71799,-33.813778,-36.20345,-39.88426,-39.54352,-28.706799,-24.242315,-26.99171,-32.211323,-37.0617,-38.83412,-31.792772,-17.449736,-14.126653,-16.011421,-16.490429,-15.86988,-21.475163,-24.980312,-31.320269,-35.702473,-32.814476,-34.007946,-37.472855,-33.790234,-32.451862,-32.019516,-35.29392,-37.115852,-35.770752,-35.35933,-38.09621,-47.178024,-40.88547,-34.861454,-33.655388,-35.271194,-37.667435,-37.56608,-37.616894,-37.779896,-34.539494,-27.59323,-26.648447,-28.874664,-32.57786,-36.2196,-36.495144,-36.93778,-38.417034,-40.12365,-40.251427,-40.44052,-41.775646,-39.042564,-38.545944,-38.96354,-39.18559,-37.559807,-37.60856,-36.834988,-37.035522,-36.50994,-36.28543,-38.028748,-40.070023,-33.433502,-27.914818,-29.207165,-32.855774,-35.712963,-38.699562,-42.971466,-41.717915,-42.713413,-42.336407,-41.14813,-42.28837,-42.95199,-42.95042,-42.368507,-42.643208,-42.393967,-39.043327,-38.21119,-41.505493,-41.83662,-42.55571,-44.467415,-44.305336,-42.08642,-34.3244,-30.481045,-31.874352,-35.762276,-39.136055,-39.135983,-39.798714,-40.682102,-41.523247,-42.16816,-41.7642,-40.950123,-41.899624,-44.731365,-47.81777,-47.617283,-47.96267,-47.91326,-49.03526,-49.589325,-49.83223,-48.10932,-49.556732,-50.173767,-48.322407,-32.048637,-26.353388,-28.330685,-33.298084,-39.2695,-42.579666,-45.75627,-47.6047,-46.984818,-45.278854,-47.062153,-48.93928,-52.198196,-48.710552,-46.05299,-45.61673,-43.39031,-40.56644,-39.965317,-42.61852,-46.331444,-49.810272,-52.198196,-50.862316,-38.468925,-30.439816,-30.371496,-32.613472,-36.92144,-41.729755,-42.889946,-45.825027,-51.173683,-48.71393,-48.373825,-49.745483,-47.726116,-43.729904,-44.770626,-48.550602,-48.84661,-49.68232,-48.507847,-46.51062,-43.237144,-43.364986,-48.34768,-48.219105,-49.172684,-31.3886,-25.270176,-25.970354,-31.406384,-37.92579,-40.88966,-45.091003,-48.827877,-49.615364,-51.137596,-51.573162,-50.89006,-52.198196,-52.198196,-52.198196,-51.58466,-51.577686,-45.37005,-36.019848,-35.01317,-38.58044,-43.52233,-46.22051,-48.313263,-51.136208,-32.67731,-26.041185,-27.229689,-31.012163,-35.471157,-35.30477,-38.270184,-43.850563,-44.758053,-45.563103,-44.17005,-40.470486,-40.314274,-45.95068,-43.38919,-41.75441,-43.53153,-41.48677,-39.40622,-39.36137,-40.23938,-38.806335,-38.813683,-39.133614,-38.04745,-26.216988,-23.574448,-29.0003,-35.13288,-38.838207,-39.762497,-39.574665,-43.0053,-46.418953,-47.82174,-48.384155,-44.98729,-43.73326,-46.73844,-46.416428,-43.862537,-43.705082,-39.635853,-33.24589,-35.2212,-39.353317,-41.18196,-43.325165,-47.74643,-48.4246,-37.263775,-29.593428,-29.45509,-32.623085,-35.86483,-41.44509,-46.56176,-46.3125,-48.115406,-52.198196,-50.132446,-48.457993,-50.527573,-52.198196,-51.630455,-52.198196,-51.1686,-50.687824,-50.767017,-48.912766,-46.735096,-46.190918,-45.27738,-47.31053,-51.958664,-37.393414,-26.699863,-27.563583,-34.62477,-36.83172,-38.93274,-41.424408,-43.928535,-44.349483,-42.15853,-43.457073,-45.921555,-49.71647,-47.637447,-44.345108,-44.1357,-43.281914,-40.08213,-33.14363,-35.211033,-43.75687,-42.57723,-41.940365,-44.905876,-47.59682,-48.102844,-44.70379,-32.31656,-29.598124,-32.912197,-39.43085,-40.61927,-41.727432,-46.90625,-47.139416,-46.367165,-45.48071,-44.11873,-47.12465,-49.861813,-47.01859,-45.234737,-47.27772,-45.104126,-40.92928,-41.28203,-41.46,-41.018738,-40.61884,-42.120228,-41.612278,-36.34291,-27.395367,-27.437716,-34.682137,-42.048805,-42.708633,-41.10698,-40.594368,-42.439137,-45.00997,-46.173492,-46.676067,-46.15158,-46.081955,-46.218052,-47.93812,-48.24368,-45.55405,-39.39552,-39.289368,-40.360954,-42.563637,-42.06362,-40.2549,-41.291904,-39.226173,-29.47569,-27.131866,-29.293434,-31.960363,-38.420273,-41.877235,-46.21443,-49.84974,-52.198196,-52.198196,-52.198196,-52.198196,-52.198196,-52.198196,-52.198196,-52.198196,-52.198196,-52.198196,-52.198196,-52.198196,-52.198196,-52.198196,-52.198196,-52.198196,-36.396576,-28.001432,-28.072472,-33.573795,-38.223316,-41.37486,-40.01837,-36.551853,-30.5544,-29.558775,-34.906174,-38.43332,-37.725132,-36.761955,-41.01165,-47.375065,-48.421623,-45.27992,-21.942104,-12.627691,-9.989407,-10.251684,-11.638409,-13.156836,-14.634004,-17.127117,-20.940859,-21.87604,-22.803812,-26.36171,-30.592508,-33.946365,-31.411686,-21.737125,-19.267841,-22.43085,-28.402472,-41.480415,-42.316647,-44.89922,-44.72555,-36.058216,-26.471388,-26.655746,-30.924213,-34.48166,-38.84033,-39.57675,-43.003853,-50.10543,-48.346558,-44.162468,-32.220844,-28.62794,-30.857151,-35.87075,-40.244946,-43.774124,-46.454704,-48.612404,-48.454918,-48.6302,-50.626892,-51.630737,-51.376133,-51.740982,-52.198196,-50.952423,-49.423824,-37.425514,-35.458588,-39.227264,-42.99463,-47.376675,-50.51312,-52.198196,-40.750347,-27.364216,-26.432232,-33.398415,-38.940815,-43.094513,-46.590733,-50.410828,-52.198196,-52.198196,-52.198196,-52.198196,-52.198196,-52.198196,-52.198196,-52.198196,-52.198196,-52.198196,-52.198196,-52.198196,-52.198196,-44.685608,-38.843456,-33.566807,-30.457771,-26.07101,-24.72028,-29.758978,-34.811386,-38.08555,-40.47982,-35.53067,-32.856155,-33.905716,-32.74826,-33.81682,-43.412968,-46.154655,-42.295387,-43.643433,-46.910877,-45.44171,-40.354218,-40.357365,-44.051277,-46.256557,-42.314857,-40.665253,-40.48329,-36.83636,-29.306366,-29.999577,-35.178787,-40.549625,-43.31326,-45.631416,-46.426968,-48.46716,-49.11165,-48.902187,-49.28836,-49.537582,-49.10031,-51.22814,-52.198196,-52.198196,-52.146717,-52.198196,-51.10771,-51.615883,-52.198196,-51.10872,-50.656754,-48.87883,-26.688515,-22.827585,-28.488882,-36.10921,-39.589916,-44.943333,-47.509308,-47.51306,-49.257637,-50.9885,-49.594196,-49.888245,-51.104397,-52.008442,-51.777843,-49.493095,-49.126907,-49.226078,-50.64306,-48.872612,-44.53837,-44.29486,-47.41518,-48.67566,-49.379063,-51.010765,-48.675903,-30.497425,-26.038008,-30.576504,-35.64932,-38.59753,-41.21089,-45.07153,-45.398643,-43.275673,-41.895542,-44.86303,-47.708435,-52.198196,-52.06896,-50.817604,-50.571846,-51.0992,-51.782322,-51.544247,-52.198196,-51.904446,-52.198196,-51.559845,-47.870132,-40.074394,-29.228819,-28.382616,-32.05742,-36.83322,-40.08628,-43.70991,-48.478348,-49.35182,-50.76039,-49.822685,-48.14003,-50.00785,-52.198196,-52.198196,-51.32982,-50.813393,-51.432854,-41.022797,-37.134785,-37.517086,-38.687424,-40.68117,-43.293972,-45.904713,-39.94043,-27.71951,-27.145988,-30.641998,-34.85181,-40.069202,-42.875828,-46.11473,-46.410393,-45.711662,-46.802937,-49.575523,-49.149178,-50.70458,-52.198196,-52.198196,-50.620724,-48.482704,-49.1644,-47.887794,-45.71075,-46.23239,-48.535175,-48.89503,-46.57348,-43.363113,-31.18493,-28.583118,-32.17771,-35.500824,-38.696133,-43.15101,-46.760933,-48.45789,-50.892357,-52.198196,-52.198196,-52.198196,-52.198196,-52.198196,-52.198196,-52.198196,-50.38388,-49.347424,-47.430805,-44.107025,-46.217842,-48.586784,-51.620132,-50.174812,-46.352573,-31.373903,-28.811464,-32.60409,-34.786133,-38.594044,-43.830826,-45.6428,-48.00023,-50.338856,-50.781994,-52.07302,-52.198196,-52.198196,-52.198196,-50.626186,-52.198196,-51.92269,-50.050205,-50.107574,-48.571106,-43.366314,-40.252647,-43.837357,-41.374897,-30.14865,-28.957775,-32.492367,-36.284397,-39.946808,-43.299255,-47.716866,-42.964394,-42.215878,-43.882202,-42.832123,-45.34648,-48.73635,-47.399097,-47.985924,-49.07623,-37.670815,-34.452675,-38.09466,-41.684666,-45.810883,-48.05531,-47.13418,-46.94674,-32.755302,-26.338251,-29.263506,-34.511837,-40.91927,-43.525578,-45.683247,-43.974037,-40.13764,-39.801525,-41.89634,-43.61476,-43.896107,-42.808624,-43.49952,-41.544037,-39.782726,-39.985405,-40.02453,-38.309708,-33.81165,-30.595572,-31.985302,-35.068695,-29.33707,-28.518,-30.571007,-31.102917,-34.13009,-36.367157,-36.05796,-36.950344,-38.600975,-43.149582,-50.11989,-51.229202,-48.153095,-41.556084,-36.28377,-36.107132,-37.02229,-38.67005,-42.921833,-47.373905,-44.750324,-45.679012,-45.35622,-46.240444,-37.232437,-28.790169,-29.45914,-34.43244,-39.96191,-42.837654,-45.06505,-47.514072,-49.421844,-50.44475,-51.207222,-51.866337,-52.198196,-50.54013,-50.673904,-51.850807,-52.198196,-52.198196,-52.198196,-52.198196,-52.198196,-52.198196,-52.198196,-48.51212,-43.403084,-30.26994,-27.597622,-30.245522,-36.17004,-42.739944,-44.640312,-47.504204,-47.36555,-49.367493,-51.53238,-51.04374,-52.198196,-51.820183,-48.073296,-49.975426,-52.040382,-50.226334,-37.997738,-35.968918,-38.59343,-31.097157,-29.688095,-34.05039,-37.624947,-37.023773,-29.851942,-26.683186,-29.12492,-34.932102,-40.271957,-43.59167,-47.397278,-48.93995,-52.149796,-50.988792,-50.137295,-52.198196,-46.437706,-35.404087,-34.030495,-38.838646,-42.619663,-41.643303,-44.829567,-48.269936,-49.11676,-50.85352,-52.09889,-47.338554,-31.483616,-28.053905,-30.896095,-35.69528,-38.670063,-42.570225,-45.633354,-47.097874,-48.62379,-49.369297,-51.138847,-51.070274,-52.198196,-52.198196,-52.198196,-52.198196,-41.43244,-35.482388,-38.636814,-44.37428,-49.350403,-49.95596,-50.582756,-51.992855,-38.894924,-26.795593,-26.336308,-29.815289,-34.46839,-38.504696,-43.06906,-47.10115,-50.25085,-50.45055,-52.198196,-52.198196,-52.198196,-52.198196,-52.198196,-45.326824,-33.95904,-32.242447,-33.797424,-31.733307,-32.33957,-23.079266,-18.459051,-19.172968,-20.169249,-18.766253,-15.842598,-13.629006,-11.97089,-11.101582,-10.712822,-10.540077,-10.980493,-11.632002,-12.684536,-13.63052,-13.86572,-14.489109,-14.901354,-14.444077,-14.436165,-14.964751,-15.4349785,-15.651087,-15.221118,-15.363337,-16.089157,-17.053581,-17.922222,-19.510153,-22.271542,-25.737143,-27.314413,-28.903423,-30.649654,-32.75057,-34.474663,-33.581623,-33.209396,-34.10538,-35.22393,-34.875122,-36.184464,-37.153416,-37.628258,-38.495388,-38.529045,-39.015038,-38.410736,-37.482113,-38.034702,-36.999252,-36.554237,-37.677994,-36.07287,-29.623888,-29.651222,-32.46029,-35.71922,-36.637016,-34.455902,-36.968796,-45.3265,-42.713146,-37.012764,-33.678165,-34.205624,-35.477787,-41.628574,-43.561646,-37.824253,-37.70992,-40.605568,-42.728294,-45.66772,-48.21131,-46.29806,-42.88752,-32.47578,-26.308584,-28.461384,-32.646263,-38.685825,-42.98871,-47.1493,-47.771763,-47.755386,-47.169853,-50.916515,-50.77154,-50.375618,-47.66796,-47.242886,-48.182358,-50.874043,-50.90572,-51.781765,-52.198196,-52.198196,-52.198196,-52.198196,-52.198196,-50.614494,-37.05989,-32.589752,-33.640156,-35.9404,-40.521248,-44.737877
-40.136772,-45.510895,-52.198196,-52.198196,-52.198196,-50.298504,-48.27393,-52.198196,-52.198196,-52.198196,-52.198196,-49.892715,-41.61006,-41.803635,-45.010056,-41.67938,-39.98781,-42.00336,-43.08114,-29.930157,-25.121958,-23.945816,-19.997435,-19.933693,-20.158522,-16.787111,-15.362397,-16.26713,-20.308302,-27.96556,-40.998882,-47.201668,-46.19907,-36.02524,-29.4772,-24.673288,-21.971966,-22.912931,-25.761023,-30.147694,-41.131264,-43.463303,-40.71745,-38.83923,-31.149647,-28.006367,-28.550016,-32.303135,-36.631504,-39.26581,-40.245968,-43.717216,-44.51778,-43.129765,-45.125927,-46.637924,-46.734528,-48.029285,-47.114685,-46.418594,-47.364082,-45.670834,-40.045135,-41.00575,-45.86956,-46.709007,-47.541718,-50.861916,-39.415848,-26.343937,-26.226141,-32.636524,-36.208717,-41.063496,-44.912952,-47.530483,-48.356647,-49.051033,-51.719975,-48.090538,-47.36344,-50.508957,-50.007698,-48.718147,-49.495354,-47.61,-48.581627,-50.311474,-48.33222,-47.08024,-50.4813,-50.573254,-51.26608,-34.75732,-26.94688,-28.540817,-33.723587,-37.358192,-42.3188,-44.46502,-46.97838,-50.769356,-52.12872,-51.024956,-50.3549,-52.198196,-52.198196,-52.198196,-50.755646,-50.547375,-46.935993,-39.48414,-40.678078,-46.258236,-43.398888,-42.619534,-44.918114,-48.292145,-38.053722,-25.166336,-24.807735,-32.716274,-36.243084,-40.763863,-45.107693,-46.431866,-45.0675,-44.612114,-46.964764,-49.060684,-50.94219,-47.689434,-47.86249,-49.21254,-47.382298,-47.56487,-47.79706,-49.050285,-50.53666,-50.67048,-49.34776,-46.720905,-36.200497,-28.91542,-30.015944,-33.6482,-36.828934,-42.70515,-46.625946,-50.41916,-52.198196,-52.198196,-52.198196,-52.198196,-52.198196,-52.198196,-50.17185,-50.614983,-52.06757,-52.198196,-48.42709,-43.471622,-44.57249,-48.081554,-50.00967,-52.198196,-52.198196,-35.554955,-27.163445,-28.689426,-33.696056,-37.443504,-42.40417,-45.404686,-48.49047,-51.70159,-52.198196,-52.198196,-50.547794,-50.84346,-50.73278,-49.887756,-49.4618,-50.114166,-49.493145,-52.198196,-52.198196,-47.820374,-45.499615,-44.609604,-43.24585,-44.937614,-34.936188,-26.567276,-27.032148,-33.179535,-36.09464,-39.82454,-43.37824,-46.976162,-47.519897,-48.925995,-48.028545,-45.879803,-47.687775,-45.08635,-41.20701,-41.343773,-45.020775,-43.209038,-38.470627,-38.650063,-43.001823,-45.968437,-47.779655,-47.93007,-49.854095,-36.774994,-29.148525,-29.383991,-32.779697,-39.09826,-45.29947,-45.697426,-48.04751,-50.904297,-49.97042,-50.272087,-50.76828,-50.32062,-48.864174,-50.555573,-51.608047,-48.976067,-45.09235,-43.609882,-47.086464,-50.731117,-51.367455,-51.661568,-49.168457,-46.12789,-31.872852,-25.629892,-26.148672,-30.401804,-37.61252,-41.477543,-42.46795,-41.82695,-44.139626,-46.702465,-49.24046,-50.80126,-50.879253,-48.843224,-48.259815,-48.45092,-47.538494,-48.56804,-41.671707,-38.02858,-42.871147,-46.51379,-46.10656,-49.5625,-50.94525,-38.718445,-27.132591,-27.20507,-33.16962,-36.614796,-41.924812,-44.507553,-48.037777,-50.973324,-52.198196,-51.103092,-50.55934,-52.198196,-52.198196,-50.906063,-47.846127,-45.833263,-45.323013,-46.909515,-52.038513,-52.12599,-51.04389,-48.793736,-47.630924,-45.07353,-38.424942,-31.586872,-31.132408,-36.975067,-40.61047,-42.980328,-45.324173,-48.85262,-52.198196,-52.198196,-52.198196,-52.198196,-52.198196,-52.198196,-52.198196,-52.198196,-52.198196,-51.940613,-41.876965,-40.63266,-43.154465,-47.703636,-51.099884,-52.184853,-43.322067,-36.2753,-27.749025,-25.285904,-28.63735,-33.52508,-38.241035,-40.159966,-35.64181,-31.966703,-33.371197,-37.578857,-39.295815,-42.641518,-38.45943,-30.160358,-28.675348,-29.605785,-30.727312,-35.762917,-38.204037,-34.992424,-24.096937,-19.285694,-16.178724,-15.294242,-17.531412,-24.692614,-24.151602,-29.125214,-34.9413,-34.629974,-37.81133,-39.809143,-38.094463,-36.777046,-36.66614,-38.645515,-40.065327,-37.684975,-35.687515,-38.80635,-45.63961,-41.66956,-36.944443,-36.017735,-37.955902,-39.404102,-39.142487,-39.072266,-38.265068,-34.803772,-25.698431,-24.668447,-28.668764,-32.4717,-37.38811,-41.514282,-40.514565,-42.82025,-44.7098,-45.174633,-45.057087,-43.153114,-40.30006,-40.314888,-41.42754,-40.80184,-37.47697,-36.5746,-37.074387,-38.216763,-37.433937,-36.80261,-35.96456,-37.250134,-33.21569,-28.053122,-29.303051,-32.24817,-35.42028,-38.92483,-42.964405,-41.237595,-40.839706,-41.969772,-42.237453,-42.156975,-42.732105,-44.56086,-45.782867,-45.222855,-41.671963,-41.48933,-42.641758,-42.076378,-39.477726,-40.579376,-42.610893,-44.810287,-46.37415,-36.371006,-32.335384,-33.356277,-36.538994,-40.559925,-43.512115,-43.752525,-44.23592,-46.82173,-48.15609,-46.15583,-45.136185,-45.105915,-47.22719,-47.860115,-48.610443,-49.35041,-47.98178,-47.328945,-47.564014,-48.567596,-50.234055,-50.28521,-48.44101,-47.868248,-33.16046,-26.858027,-28.235935,-32.70884,-34.55153,-39.194862,-45.279793,-48.354797,-48.06448,-46.04504,-46.699715,-48.48065,-52.01577,-47.63459,-46.307526,-48.300175,-49.25994,-44.79792,-43.742493,-47.237083,-49.638145,-52.198196,-52.198196,-50.13085,-37.52587,-29.939634,-32.614414,-36.47782,-39.42363,-43.466297,-45.066605,-47.466545,-49.608658,-48.464283,-49.50686,-52.150124,-48.84546,-45.92196,-45.22867,-47.304077,-50.120415,-49.470757,-50.094627,-48.86747,-44.80019,-45.009148,-50.468758,-51.884605,-51.436543,-33.7404,-26.364822,-26.48647,-32.791046,-38.115837,-41.6733,-43.42753,-47.234825,-49.497826,-50.304317,-51.0477,-52.198196,-52.198196,-52.198196,-52.198196,-52.198196,-52.198196,-44.109383,-34.37325,-33.974392,-39.64411,-43.754272,-46.881428,-48.927876,-51.698296,-32.248894,-26.140812,-29.265411,-34.451035,-36.803574,-35.255352,-37.90636,-44.73625,-45.483032,-46.216663,-47.094704,-45.977577,-45.29922,-47.787636,-41.87099,-38.046272,-41.56525,-44.047897,-43.735626,-41.490883,-41.907112,-41.34289,-41.63641,-42.506985,-39.0806,-25.394648,-23.720428,-29.648361,-34.334045,-37.634502,-40.325542,-40.07846,-44.13898,-48.2573,-49.456997,-49.61747,-45.720478,-44.581345,-47.25546,-46.302216,-43.059326,-44.316555,-41.656532,-35.507515,-37.503757,-42.279694,-46.44518,-48.616547,-49.417297,-50.10876,-37.87475,-30.106256,-28.025993,-30.247185,-37.19871,-40.91019,-44.469376,-46.97361,-49.865433,-52.198196,-51.35186,-50.839317,-52.151947,-52.040863,-51.419556,-52.198196,-52.198196,-52.198196,-51.223015,-47.99163,-46.195236,-45.89328,-45.56856,-47.145267,-52.198196,-38.268875,-27.194902,-27.241768,-33.696312,-37.580555,-41.785034,-43.592346,-43.870895,-45.850414,-45.94182,-46.702045,-46.74894,-49.730778,-47.41375,-44.91161,-44.869507,-45.148384,-42.439117,-34.141296,-35.611427,-44.307686,-44.11081,-42.730503,-43.302788,-45.63076,-47.95731,-40.51872,-30.4866,-30.321716,-36.11344,-38.610302,-38.67087,-42.033062,-48.15195,-46.639004,-46.62339,-49.465866,-49.291733,-49.93679,-49.631393,-50.93322,-49.17353,-49.239838,-46.37581,-42.673492,-43.163788,-43.04915,-41.535423,-41.74574,-43.169437,-41.968163,-36.90323,-28.660877,-28.730583,-34.537785,-37.618786,-43.030376,-43.168484,-42.855587,-43.726116,-43.26854,-46.2997,-48.475803,-45.138428,-45.526257,-46.692104,-48.176743,-52.198196,-41.825527,-36.588333,-40.476616,-43.079983,-43.56154,-44.431004,-43.44,-43.71706,-41.64496,-27.368834,-24.860184,-29.88057,-36.80674,-41.061867,-43.411766,-47.247158,-51.111305,-52.198196,-52.198196,-52.198196,-52.198196,-52.198196,-52.198196,-52.198196,-52.198196,-52.198196,-52.198196,-52.198196,-52.198196,-52.198196,-52.198196,-52.198196,-52.198196,-35.006264,-26.921465,-27.220592,-32.945374,-38.119667,-41.724506,-37.344307,-33.84056,-29.864445,-31.252605,-37.664448,-39.46947,-38.361603,-38.890736,-42.95305,-49.009747,-48.653587,-46.95906,-29.525936,-23.051247,-22.05493,-17.818678,-15.719954,-14.521946,-13.664475,-13.627168,-14.658069,-16.308514,-21.056822,-26.905865,-32.422134,-35.12633,-33.862167,-29.740961,-27.532497,-29.818481,-34.969032,-41.245834,-43.33561,-46.26398,-46.466957,-38.852802,-33.768063,-35.8035,-39.63631,-42.05284,-44.43485,-46.424355,-49.18065,-51.987152,-51.749302,-43.709686,-28.782894,-26.745779,-31.840494,-37.321068,-40.91722,-44.658592,-46.650906,-48.908863,-50.191895,-51.313396,-51.3545,-52.198196,-52.198196,-52.14218,-52.198196,-51.673122,-50.6349,-41.69806,-39.601673,-41.1413,-44.12841,-48.46081,-51.081676,-52.198196,-37.211258,-24.209414,-24.569927,-34.293827,-39.399582,-43.70624,-46.956154,-50.111595,-52.198196,-52.198196,-52.198196,-52.198196,-52.198196,-52.198196,-52.198196,-52.198196,-52.198196,-52.024918,-52.198196,-52.198196,-52.198196,-44.427162,-38.217278,-37.301334,-32.5007,-23.361618,-21.594809,-25.787971,-31.466026,-38.36283,-41.58277,-40.0831,-43.15246,-45.4882,-48.053516,-47.296997,-47.932648,-45.118767,-39.263287,-38.56012,-40.856377,-39.33451,-37.115273,-40.011364,-44.227226,-43.30399,-40.479187,-37.75872,-37.739548,-33.99742,-26.60575,-28.704853,-33.789352,-37.39453,-41.585815,-42.632935,-44.99466,-48.61881,-47.948807,-46.568527,-44.99356,-45.002815,-45.25844,-47.163998,-46.911453,-46.378242,-47.255882,-46.650715,-47.321297,-48.124718,-48.503662,-48.129448,-45.654564,-45.582104,-24.516638,-20.818731,-27.410934,-34.287853,-39.155544,-41.883015,-45.056267,-46.99194,-48.606483,-48.676018,-48.594597,-50.393566,-49.341476,-49.73709,-49.352604,-50.74326,-49.86694,-49.492348,-50.332886,-47.56374,-43.03662,-43.91179,-46.3624,-47.576794,-48.32884,-48.2678,-48.10025,-30.279875,-25.986584,-30.18101,-37.180042,-39.545906,-42.452812,-46.545563,-48.585396,-49.125576,-51.58434,-52.198196,-52.198196,-52.06919,-51.669827,-52.08582,-50.869476,-51.43505,-52.198196,-52.198196,-52.198196,-52.198196,-52.198196,-52.0186,-50.260014,-38.156883,-25.633524,-24.309765,-30.376488,-36.829903,-42.095013,-46.183105,-48.06373,-48.535767,-50.048412,-51.34531,-49.64633,-50.833694,-52.198196,-52.198196,-52.198196,-52.198196,-51.385555,-42.153706,-38.443665,-38.98345,-39.9438,-41.810017,-45.04682,-48.02973,-38.016567,-25.169237,-25.058296,-30.118313,-35.604263,-40.967678,-43.605686,-45.208622,-44.79797,-44.479332,-46.86956,-50.843018,-48.87526,-50.793488,-52.198196,-52.198196,-51.97918,-48.871986,-49.982307,-48.134834,-45.971107,-44.928238,-47.82995,-52.198196,-50.30253,-44.801178,-29.352045,-26.036451,-30.78196,-36.4234,-38.366207,-42.337418,-47.56958,-50.673973,-51.708885,-52.198196,-52.198196,-52.198196,-52.198196,-52.198196,-52.198196,-52.198196,-50.861717,-49.519764,-51.04719,-47.794327,-47.84298,-50.8717,-52.198196,-51.19934,-44.9741,-27.51535,-25.67486,-32.97766,-37.251564,-40.49671,-43.71827,-49.1868,-50.299385,-51.21955,-52.198196,-51.440598,-51.841015,-52.198196,-52.198196,-50.10379,-50.66748,-52.198196,-52.198196,-50.060333,-46.38445,-42.44345,-41.666794,-44.960953,-41.222473,-30.263535,-28.22939,-31.703432,-37.203983,-38.82855,-43.551296,-47.502575,-44.973213,-43.992123,-47.5724,-48.902985,-48.436123,-50.64251,-52.092422,-48.34474,-47.414974,-40.424057,-37.326126,-41.620007,-44.896053,-46.654808,-47.437855,-49.441063,-47.456146,-34.56602,-27.772274,-29.906847,-36.494648,-41.139698,-45.367477,-48.178574,-45.995087,-43.847107,-43.428375,-43.306656,-45.124874,-46.927345,-44.25324,-43.52291,-44.11949,-40.521057,-40.08203,-40.350307,-38.803307,-33.979355,-28.40065,-28.62938,-31.70534,-26.559687,-24.49855,-28.291527,-31.937849,-34.85138,-37.252163,-36.366447,-38.506332,-37.569157,-38.255264,-48.10372,-52.198196,-46.653385,-42.207764,-40.53325,-37.941967,-36.27117,-38.918797,-42.558308,-46.7126,-46.15627,-47.560383,-47.681255,-47.945045,-39.025867,-31.071983,-31.547823,-36.07139,-42.287064,-46.627922,-48.24491,-49.591297,-51.512993,-51.22791,-51.893345,-52.198196,-52.198196,-51.629463,-52.198196,-52.198196,-52.198196,-52.198196,-52.198196,-52.198196,-52.198196,-52.198196,-52.198196,-51.060123,-44.833893,-29.614895,-27.047733,-30.247375,-35.616676,-40.18961,-43.449284,-45.6074,-47.319412,-49.499367,-51.37072,-51.553047,-51.583023,-51.720863,-50.430264,-50.34759,-51.04363,-50.223434,-38.25737,-35.278057,-36.732086,-26.27182,-24.706612,-29.413254,-33.81128,-33.691795,-28.17717,-25.574663,-29.893417,-35.378593,-39.4952,-44.525105,-47.51925,-50.10134,-51.449013,-52.198196,-52.198196,-52.198196,-44.05382,-31.504105,-30.165415,-35.675896,-40.002007,-38.88015,-42.146145,-50.05817,-52.136673,-51.126198,-52.104424,-45.825695,-29.474451,-25.183495,-27.85961,-34.81911,-39.775654,-43.935753,-47.94345,-49.71766,-50.410046,-51.89177,-52.198196,-51.016163,-52.198196,-51.886185,-52.07341,-52.198196,-44.71552,-38.46649,-41.24132,-47.004925,-51.333527,-50.956654,-51.635937,-52.198196,-42.068428,-29.501995,-28.377293,-32.67158,-35.711296,-39.52368,-44.85266,-47.719532,-50.351624,-50.981567,-52.189117,-52.198196,-52.198196,-52.198196,-52.198196,-46.43539,-35.881382,-33.91373,-35.031265,-32.201706,-31.746778,-24.727049,-20.18512,-18.761389,-14.290773,-12.35134,-12.6123295,-13.662214,-14.510424,-14.983439,-16.115849,-18.781391,-20.88585,-19.002369,-17.265263,-16.462597,-15.992217,-16.183237,-16.371819,-16.258904,-16.290527,-16.833897,-16.794416,-16.688217,-16.741684,-17.136194,-17.959278,-19.11406,-19.772469,-20.712358,-22.420177,-25.87899,-27.194695,-28.853374,-30.519945,-32.08593,-33.804394,-33.642815,-33.235382,-33.90958,-34.912994,-34.94926,-35.684834,-35.517868,-35.781277,-35.986935,-35.03103,-35.794327,-35.023323,-33.991005,-34.603344,-34.19252,-34.1207,-35.18023,-34.36653,-28.510035,-29.129875,-32.52933,-32.19016,-33.427864,-32.47781,-35.2087,-44.799236,-44.57644,-40.622757,-42.303825,-39.836105,-38.994743,-44.67792,-45.911934,-43.15948,-40.533325,-39.76146,-41.31647,-45.246758,-52.070526,-49.538845,-49.248795,-35.524754,-28.391975,-29.426704,-33.819782,-40.448193,-43.95919,-46.2956,-45.253685,-46.400486,-47.405987,-50.11171,-49.83685,-51.975143,-50.815144,-49.326538,-48.888885,-49.373657,-50.40688,-52.198196,-52.198196,-52.198196,-50.575325,-50.57665,-52.198196,-45.33467,-28.364098,-26.154266,-32.145466,-37.495228,-40.584774,-42.193104
-37.319645,-42.932476,-52.198196,-52.198196,-52.198196,-52.198196,-52.030724,-52.198196,-52.198196,-52.198196,-52.198196,-51.398636,-41.585735,-41.594734,-47.36912,-44.18178,-41.315674,-40.819912,-41.977303,-32.983765,-27.687256,-26.181046,-19.434261,-13.60797,-9.241788,-9.096483,-10.507947,-11.317239,-13.043965,-19.739492,-35.980858,-42.500946,-42.53941,-32.24633,-18.524214,-15.145626,-16.654507,-17.780277,-19.451126,-24.652796,-36.160007,-44.484783,-39.330654,-33.92038,-29.687675,-28.363934,-30.26003,-32.96836,-37.689583,-39.95949,-41.48848,-44.031406,-43.68405,-44.535145,-46.12163,-49.82597,-52.19451,-51.128822,-49.164703,-48.208008,-49.01789,-46.45594,-39.546074,-41.376976,-45.65014,-46.136745,-47.65998,-50.880447,-41.329227,-28.084797,-27.581825,-32.77028,-36.853867,-42.423405,-45.662594,-47.09633,-49.46556,-50.5855,-52.198196,-52.198196,-49.829056,-50.980457,-52.198196,-51.69468,-51.71901,-48.986267,-50.270466,-50.28897,-47.341927,-47.772316,-49.50604,-49.395874,-51.711227,-32.268635,-24.524527,-26.716967,-33.984028,-37.275993,-41.850338,-45.228558,-47.98152,-50.63255,-52.198196,-52.198196,-52.198196,-52.198196,-52.198196,-51.16447,-49.773613,-51.33345,-49.675922,-42.283875,-42.57893,-46.735348,-45.805088,-45.181915,-46.953106,-51.515697,-39.300774,-27.658281,-28.10277,-35.067856,-38.378555,-43.229256,-47.331123,-49.166737,-50.592175,-47.94837,-47.18318,-47.76906,-50.218624,-51.76513,-52.198196,-52.198196,-49.58879,-50.670753,-51.643227,-51.028942,-52.198196,-52.198196,-51.613354,-48.657425,-34.421104,-27.943699,-30.081844,-36.27497,-40.60845,-44.474136,-46.67962,-48.4185,-51.518806,-52.198196,-52.198196,-52.198196,-52.198196,-52.198196,-50.970196,-51.860355,-52.198196,-52.198196,-50.457268,-44.816975,-44.841694,-47.192184,-51.272156,-52.198196,-52.198196,-34.49583,-26.052784,-28.547575,-35.427197,-39.51536,-44.0419,-46.335823,-49.553204,-50.225044,-50.687073,-52.198196,-51.76703,-51.983395,-52.198196,-51.39733,-49.9797,-49.813126,-49.144653,-52.198196,-52.198196,-51.344704,-47.90192,-48.83312,-50.029625,-50.875954,-34.389156,-26.763212,-28.21481,-32.706573,-37.104713,-40.879894,-44.30056,-48.699318,-49.603416,-49.496056,-48.623528,-49.758,-51.391224,-47.01164,-43.33805,-43.176342,-44.59008,-43.144928,-38.17953,-41.25957,-46.774033,-48.21812,-48.791462,-49.94024,-52.198196,-35.859573,-28.994701,-31.71111,-36.984516,-42.96698,-44.947067,-46.283802,-48.902287,-50.741,-51.300705,-49.737343,-48.88907,-49.79038,-52.198196,-52.198196,-52.198196,-49.79954,-46.097355,-46.570698,-51.839455,-52.198196,-50.03306,-51.16053,-52.035217,-47.673016,-27.158089,-22.27293,-26.396732,-30.70135,-36.48072,-41.016487,-43.76645,-46.316914,-47.489853,-48.9444,-51.557343,-52.198196,-51.217724,-50.43534,-49.4189,-48.674145,-46.927742,-49.87118,-41.58447,-38.493973,-42.527245,-45.935387,-48.26584,-51.037865,-52.198196,-40.96496,-29.072168,-29.121473,-35.194973,-38.610054,-43.609043,-47.196037,-51.828545,-52.17304,-52.198196,-52.198196,-51.418518,-52.198196,-52.198196,-51.779182,-47.59118,-47.08896,-48.138546,-51.51095,-52.198196,-52.198196,-52.198196,-50.26043,-48.570026,-47.81804,-31.350252,-25.839924,-29.277771,-34.69275,-40.243282,-43.225918,-45.003296,-48.907852,-51.72484,-52.198196,-52.198196,-52.198196,-52.198196,-52.198196,-52.198196,-52.198196,-52.198196,-47.239388,-39.089893,-40.90648,-44.780712,-45.74467,-48.911774,-49.170815,-47.210876,-39.746265,-29.204933,-26.328255,-29.756424,-35.122055,-39.96051,-42.32933,-39.40676,-33.50818,-32.212585,-34.840874,-36.85207,-42.13331,-41.56065,-31.847637,-26.492388,-26.764149,-29.939497,-37.9052,-45.8459,-33.21862,-19.000149,-15.893741,-18.52343,-20.061758,-18.725765,-24.215334,-27.660255,-30.021233,-35.404095,-38.841263,-39.463303,-38.282238,-36.579887,-35.405003,-35.43226,-38.621765,-40.91443,-40.651016,-39.528355,-41.90548,-48.821083,-44.001503,-38.80383,-38.056152,-39.66253,-41.76058,-41.715088,-40.056465,-40.7898,-38.797947,-30.74169,-28.356274,-30.871008,-36.1303,-40.135666,-41.904984,-42.587437,-45.026188,-46.04624,-46.80539,-46.830708,-43.87546,-40.30747,-41.29867,-42.42498,-38.41683,-38.1578,-40.779095,-40.91625,-41.9846,-42.57586,-40.399002,-39.510254,-40.96267,-32.934452,-27.279093,-29.801231,-34.18933,-37.523598,-40.7565,-43.054806,-44.564552,-44.163395,-44.77322,-45.923004,-46.948677,-46.99036,-47.13873,-45.825912,-43.98767,-44.612473,-45.45204,-45.639473,-46.129395,-43.413895,-43.834846,-46.167404,-48.08941,-47.729347,-36.206306,-32.366325,-34.241047,-38.396126,-42.091072,-46.266014,-49.073402,-49.43466,-49.376762,-48.79452,-48.27908,-48.583927,-47.768177,-48.460205,-49.288116,-48.32892,-49.05937,-49.706112,-49.194588,-49.626408,-50.382175,-50.904694,-52.198196,-51.279015,-49.227505,-31.173454,-25.559418,-28.604095,-35.33445,-38.957195,-43.770203,-46.566452,-47.471127,-48.433857,-48.90042,-47.76256,-49.059326,-52.198196,-49.459854,-49.916405,-49.78093,-48.71472,-41.436504,-40.183987,-43.88382,-48.277744,-51.702988,-52.198196,-52.198196,-42.06379,-32.973515,-33.26,-38.254364,-41.88308,-45.62406,-46.869907,-49.519886,-50.587723,-51.557022,-52.198196,-52.198196,-50.086346,-48.188812,-48.796597,-49.10195,-50.242264,-52.060287,-52.198196,-51.582798,-47.776276,-47.543243,-49.285603,-51.629066,-52.198196,-35.382027,-28.48056,-29.443571,-33.073067,-38.550587,-42.228924,-43.65286,-47.601547,-50.796207,-51.94542,-52.198196,-52.198196,-52.198196,-52.198196,-52.198196,-52.198196,-52.198196,-43.777866,-32.982197,-31.464178,-35.120728,-36.66607,-39.650658,-41.476913,-46.400795,-35.989918,-29.736883,-32.90508,-36.63857,-38.908794,-40.244442,-42.512707,-46.98474,-46.416325,-45.400322,-46.757565,-48.57264,-50.14097,-52.198196,-46.738277,-41.36963,-41.165966,-41.981644,-41.49674,-44.415665,-50.468254,-46.23959,-45.0531,-45.721355,-42.134254,-28.75891,-26.509865,-30.0922,-34.640625,-40.535416,-43.31936,-44.020214,-47.815308,-49.851994,-52.198196,-52.198196,-51.195473,-47.52478,-49.200016,-49.50425,-46.860294,-46.412086,-44.32544,-39.384933,-40.125465,-44.515366,-46.2281,-48.916416,-51.325478,-51.40379,-29.703417,-24.387674,-27.807194,-31.173931,-36.67582,-41.83087,-45.55854,-48.57087,-51.04481,-52.198196,-51.933807,-51.231956,-52.198196,-51.537598,-52.198196,-52.198196,-52.198196,-52.198196,-50.8647,-49.642487,-46.954506,-46.13045,-46.385685,-47.037678,-51.216373,-37.740646,-27.494652,-27.564713,-31.94834,-35.935623,-40.755966,-43.73793,-46.192436,-47.120827,-47.15198,-47.24876,-46.720787,-48.737827,-44.723434,-42.563736,-44.852707,-46.3237,-44.313858,-35.626312,-36.507545,-43.632683,-43.0854,-43.257652,-43.471497,-44.605656,-47.674137,-38.142048,-29.593323,-31.0198,-36.47591,-40.71341,-41.04629,-44.784798,-50.475563,-49.80575,-48.55784,-49.829674,-50.640102,-51.34841,-52.198196,-52.198196,-48.422314,-47.73752,-47.11425,-43.41674,-44.414566,-45.776077,-42.784924,-42.899086,-41.584988,-42.30759,-35.602936,-26.63544,-27.050098,-32.82576,-37.50597,-43.123455,-42.026802,-43.369476,-45.750927,-45.59935,-47.630386,-48.55473,-45.876125,-45.46392,-45.978676,-48.185356,-52.198196,-42.8424,-38.12394,-40.402344,-40.85535,-43.20383,-44.343956,-43.983047,-44.070236,-42.001747,-31.745337,-28.451092,-32.59537,-38.672432,-41.39742,-46.12876,-50.848816,-51.27353,-52.198196,-52.198196,-52.198196,-52.198196,-52.198196,-52.198196,-52.198196,-52.198196,-52.198196,-52.198196,-52.198196,-52.198196,-52.198196,-52.198196,-52.198196,-52.198196,-36.265396,-27.259464,-27.507065,-34.22299,-37.024807,-40.619198,-35.51792,-32.00973,-30.086971,-30.86706,-35.161015,-37.69852,-35.134933,-34.997086,-39.375755,-47.459106,-48.849377,-48.967133,-23.573391,-13.932696,-11.782474,-12.756043,-14.430084,-16.520084,-18.591764,-22.542847,-29.460522,-29.756681,-28.593733,-29.571085,-34.66577,-36.4435,-34.108444,-23.686255,-21.43164,-24.299046,-29.748135,-42.40151,-45.79575,-49.670685,-45.85807,-38.574944,-34.820854,-38.310493,-42.512264,-46.42002,-47.416267,-47.273388,-48.870308,-50.57022,-49.947807,-42.71659,-28.298141,-26.53324,-32.792564,-37.050465,-39.939632,-43.566635,-46.84474,-49.143585,-49.573284,-52.198196,-52.198196,-52.012794,-51.389946,-52.0718,-52.198196,-52.198196,-50.573044,-38.457104,-37.265427,-43.411095,-48.326675,-50.450245,-52.02159,-52.198196,-40.195488,-26.923157,-26.76804,-34.51116,-39.411175,-44.408554,-47.041668,-49.40104,-52.198196,-52.198196,-52.198196,-51.780697,-52.076263,-52.198196,-52.198196,-52.198196,-52.198196,-52.198196,-52.198196,-52.198196,-52.198196,-45.9124,-38.73565,-35.319134,-34.42236,-30.301268,-26.73724,-30.53798,-35.58663,-39.604218,-40.70686,-36.98253,-36.442688,-38.611797,-39.315422,-40.09414,-45.95987,-46.341057,-44.37248,-43.722363,-44.11972,-41.263012,-39.3665,-42.7883,-46.973755,-48.024635,-50.60048,-50.12047,-49.55162,-37.289234,-29.234236,-31.098572,-36.898228,-39.911182,-42.020702,-44.400677,-47.862167,-50.47886,-49.50893,-47.56702,-44.342495,-43.7359,-44.175526,-45.262695,-44.019276,-43.65576,-45.105927,-44.35968,-46.21025,-46.659767,-47.28573,-48.808792,-46.385826,-46.36522,-32.492813,-27.513794,-30.2802,-33.928143,-39.51177,-42.88307,-44.657722,-47.587395,-50.340134,-48.012905,-48.078594,-50.003357,-48.143215,-48.32027,-49.60747,-50.85321,-49.68126,-50.287094,-50.26889,-47.74982,-44.3232,-45.449528,-48.068256,-49.08333,-49.537617,-49.453514,-49.757523,-34.611973,-30.217522,-32.92732,-39.108997,-40.985466,-43.810226,-48.143715,-49.287224,-47.44113,-47.40754,-48.735317,-48.55828,-51.292614,-52.198196,-52.198196,-52.198196,-52.198196,-52.067497,-52.0837,-52.198196,-52.198196,-52.198196,-52.198196,-52.198196,-38.26978,-26.755825,-25.961685,-31.37617,-37.49713,-42.660336,-45.012432,-48.380203,-50.08346,-50.724827,-52.198196,-50.9608,-52.198196,-52.198196,-52.198196,-52.198196,-51.374527,-51.2923,-45.86873,-44.88914,-48.287388,-51.21929,-51.387512,-50.726643,-50.103897,-40.15018,-26.990547,-26.984537,-33.342026,-37.906998,-40.563293,-43.872208,-45.11986,-45.88823,-45.585815,-46.531326,-50.794,-52.198196,-52.198196,-52.198196,-52.198196,-50.64881,-47.41658,-49.981785,-49.87966,-47.41545,-48.80827,-52.198196,-51.870655,-47.25864,-42.871624,-29.563372,-26.742393,-31.954622,-38.97434,-42.963486,-45.092056,-47.75742,-51.701424,-52.198196,-51.98735,-52.198196,-52.198196,-52.198196,-52.198196,-52.198196,-52.198196,-52.198196,-51.302544,-50.788403,-48.758583,-48.84381,-50.99871,-52.198196,-52.198196,-46.339615,-30.063028,-27.792194,-33.442856,-39.320866,-43.6288,-45.967163,-49.209114,-52.198196,-52.198196,-52.198196,-52.198196,-52.198196,-52.198196,-52.198196,-49.365242,-52.198196,-52.198196,-52.198196,-52.198196,-50.854916,-45.834328,-44.465008,-47.7884,-42.881668,-31.095446,-28.521406,-31.059212,-36.672726,-40.341896,-42.319214,-46.121887,-48.41369,-48.575897,-47.661854,-48.19563,-51.102962,-52.198196,-52.198196,-52.198196,-50.375916,-42.713547,-38.426582,-40.843773,-47.014816,-48.708603,-50.43666,-51.098255,-49.19087,-38.966843,-30.555676,-31.521954,-38.370186,-42.066994,-46.174793,-47.351936,-48.714943,-45.88069,-45.34015,-45.402813,-45.90517,-45.958515,-43.838917,-42.90392,-44.017433,-43.0131,-42.797314,-41.033115,-39.906498,-37.14942,-34.1871,-34.136383,-35.320763,-27.748423,-26.55233,-30.10427,-33.52105,-37.284035,-38.022923,-37.927406,-40.05629,-40.64955,-41.724136,-50.167076,-52.198196,-50.54332,-46.354584,-44.032383,-43.598663,-37.613712,-38.465225,-44.16525,-46.91472,-47.926773,-49.186836,-50.576862,-51.523735,-37.2417,-29.499088,-31.851225,-37.259644,-43.220467,-47.54988,-49.70299,-51.916576,-52.198196,-52.198196,-52.198196,-52.198196,-52.198196,-52.198196,-52.198196,-52.198196,-52.165016,-51.825813,-52.198196,-52.198196,-52.198196,-52.198196,-52.198196,-52.198196,-44.803406,-28.747898,-26.190386,-29.891968,-34.36624,-38.16608,-42.97112,-44.59272,-47.254353,-50.541225,-52.198196,-52.198196,-52.198196,-52.198196,-51.84166,-51.976456,-52.198196,-52.198196,-42.06026,-39.997723,-43.857765,-39.897346,-41.499817,-46.347267,-49.512653,-47.530178,-29.304321,-26.364048,-32.07038,-37.679596,-39.913307,-44.50752,-47.567307,-51.15061,-52.198196,-52.198196,-52.010307,-52.198196,-50.778404,-43.781494,-44.716057,-49.85641,-52.198196,-52.16797,-52.198196,-52.198196,-50.910515,-51.236652,-52.155136,-44.41711,-29.22268,-27.240574,-31.086597,-34.84056,-40.822823,-44.06711,-47.36972,-49.978065,-50.166214,-51.96588,-52.198196,-52.198196,-52.198196,-50.124435,-51.620655,-52.198196,-45.87746,-39.22569,-41.658978,-47.973923,-51.355225,-51.548252,-52.198196,-52.198196,-42.60215,-28.475315,-27.383095,-33.698723,-38.309044,-40.690483,-46.352234,-50.369114,-50.97963,-51.04162,-52.198196,-52.198196,-52.198196,-52.198196,-52.198196,-51.216064,-38.86707,-35.509136,-37.440975,-35.84474,-34.131207,-23.534279,-18.57488,-19.108215,-19.20772,-18.88076,-17.4067,-16.036396,-14.185929,-13.275835,-12.781771,-12.360548,-12.035574,-12.259367,-13.400192,-14.426125,-14.6547165,-15.218685,-15.768448,-15.464191,-15.325632,-15.469608,-15.851201,-16.487577,-16.179691,-16.159206,-16.702114,-17.201193,-17.665274,-19.651848,-23.266903,-27.583775,-30.34295,-30.482552,-34.077694,-37.158195,-38.475605,-38.788673,-37.093338,-39.384026,-39.791363,-38.318123,-39.429688,-41.268497,-41.718716,-42.405186,-40.7991,-40.42599,-40.013866,-39.286636,-40.37847,-40.2702,-39.05272,-39.50192,-32.87835,-27.201462,-30.635788,-35.55012,-37.318882,-39.01807,-37.606766,-39.104706,-46.15094,-47.348118,-40.590424,-37.809986,-40.877304,-43.406624,-48.718407,-47.227367,-42.293476,-40.206646,-41.878204,-46.168407,-49.080814,-52.198196,-51.126614,-49.36818,-38.494564,-31.307968,-33.517708,-37.17547,-41.515774,-47.15587,-48.933495,-51.88911,-50.59382,-48.101387,-52.168243,-52.198196,-52.198196,-52.198196,-50.779327,-50.407406,-51.360832,-52.198196,-52.198196,-52.198196,-52.198196,-52.198196,-52.198196,-52.198196,-43.729458,-27.247684,-25.16527,-31.421097,-36.277393,-40.376987,-40.836945
-35.94496,-41.65706,-52.19763,-50.920525,-51.935062,-52.198196,-52.198196,-52.198196,-52.198196,-52.198196,-52.198196,-51.16793,-41.67843,-42.29949,-48.09979,-43.388905,-39.59675,-40.174183,-43.955364,-37.055424,-29.478376,-27.629387,-26.698988,-22.634954,-16.096565,-13.25225,-13.01749,-14.031036,-17.485903,-25.470268,-40.23718,-46.435173,-45.221115,-37.639996,-27.412073,-21.387968,-19.806923,-20.93439,-23.640045,-28.81269,-40.401184,-46.72776,-43.56431,-38.368977,-30.005484,-29.891846,-33.713856,-35.96191,-40.19007,-41.725765,-43.589077,-45.46763,-44.191925,-44.11749,-45.72893,-50.25999,-50.999695,-51.469006,-52.198196,-51.797287,-50.666603,-46.117664,-40.248077,-43.083233,-50.088123,-49.925293,-50.875473,-52.198196,-48.358387,-33.686363,-31.011993,-35.125854,-40.230755,-45.628983,-48.046745,-52.12465,-52.198196,-52.198196,-52.198196,-52.198196,-51.86949,-52.198196,-52.198196,-52.198196,-52.196487,-49.79208,-50.96991,-52.198196,-50.07363,-49.838108,-51.352875,-52.198196,-52.198196,-33.211235,-26.640814,-29.707249,-35.46841,-40.510616,-45.475952,-48.70836,-51.19015,-52.198196,-52.198196,-52.198196,-52.198196,-52.198196,-52.198196,-52.198196,-52.198196,-51.79211,-50.17729,-45.3211,-45.22702,-48.85823,-47.996693,-48.134132,-50.355385,-52.198196,-43.323177,-31.38879,-31.320402,-36.12919,-40.333332,-45.996666,-49.357025,-51.365685,-51.88877,-47.938286,-48.84979,-51.653095,-52.198196,-52.198196,-52.198196,-52.198196,-52.198196,-52.198196,-51.63678,-51.8629,-52.198196,-52.198196,-52.198196,-50.49286,-32.128548,-26.115454,-29.146536,-35.187477,-42.346947,-45.22513,-47.88792,-49.930542,-52.198196,-52.198196,-52.025482,-52.198196,-52.198196,-52.198196,-51.40343,-52.198196,-52.198196,-52.198196,-49.21318,-44.406364,-46.778862,-49.67521,-52.198196,-52.198196,-52.198196,-37.80481,-28.729633,-30.624702,-37.765316,-42.64012,-45.480114,-49.41993,-52.198196,-52.198196,-52.198196,-52.198196,-52.198196,-52.198196,-52.198196,-52.198196,-49.82332,-50.26693,-52.198196,-52.198196,-52.198196,-52.198196,-48.276974,-48.10782,-47.8635,-49.633377,-36.75781,-29.629896,-30.054623,-34.3575,-39.517876,-43.953037,-45.89749,-48.61864,-50.43463,-50.565228,-48.957172,-50.99978,-52.198196,-48.51271,-46.266575,-47.1511,-47.20776,-46.357132,-41.17279,-42.961544,-47.64038,-49.95954,-51.084866,-51.74425,-52.198196,-34.325417,-27.17392,-31.100452,-40.049282,-42.678223,-45.58752,-48.525864,-50.4895,-51.62407,-51.331974,-50.76685,-49.146763,-50.46089,-52.198196,-52.198196,-52.198196,-52.196598,-47.56932,-46.959133,-52.02706,-52.198196,-51.26111,-52.198196,-52.198196,-48.5257,-28.464977,-23.320053,-27.604324,-34.72701,-38.179764,-40.775013,-43.5588,-44.25656,-47.563034,-50.63154,-52.198196,-52.198196,-52.198196,-50.097168,-48.32447,-48.1665,-46.950554,-48.664433,-41.497765,-38.73299,-42.760464,-47.815212,-50.08258,-52.198196,-52.198196,-45.043102,-33.19186,-32.15298,-36.138283,-41.253532,-44.689857,-48.62903,-52.198196,-52.198196,-52.198196,-51.743225,-52.198196,-52.198196,-52.198196,-52.198196,-50.770187,-49.61454,-50.07944,-52.198196,-52.198196,-52.198196,-52.198196,-52.198196,-49.268723,-48.576653,-30.633224,-25.527748,-29.449253,-34.501347,-40.72644,-45.616013,-47.38224,-50.299435,-52.198196,-52.198196,-52.198196,-52.198196,-52.198196,-52.198196,-52.198196,-52.198196,-52.198196,-45.55222,-37.867653,-40.889336,-46.762207,-47.778244,-51.619686,-52.015755,-47.75447,-41.960358,-29.32739,-26.172323,-29.495266,-33.810432,-38.423206,-44.259132,-39.857086,-35.352245,-35.956867,-39.282272,-40.87505,-44.171204,-43.215614,-35.356174,-31.72218,-29.19733,-29.122564,-36.078312,-47.249863,-37.695152,-25.797104,-19.523886,-16.645329,-16.134739,-18.179676,-25.971226,-27.893724,-30.964643,-35.80972,-39.461708,-37.809933,-37.062187,-36.620876,-36.307446,-37.052208,-40.07882,-39.46244,-39.185326,-38.9723,-42.07556,-49.914177,-42.177372,-36.03932,-35.126892,-37.729736,-41.14912,-41.376877,-38.181458,-39.298405,-39.07487,-32.56362,-30.074732,-31.970154,-35.954212,-40.090107,-43.563038,-43.58353,-43.869194,-46.652054,-48.049812,-47.619976,-44.082565,-39.96187,-40.060966,-42.139698,-41.012703,-41.937836,-42.277657,-40.54489,-40.98706,-41.324696,-39.25118,-38.20687,-40.158882,-34.687935,-28.332623,-29.80562,-36.1536,-37.706036,-41.30777,-42.04622,-43.66207,-43.911022,-46.389824,-49.42775,-48.07211,-48.618805,-48.518375,-45.6112,-43.158474,-42.71954,-44.403244,-45.012173,-45.325233,-41.684795,-42.01613,-45.77907,-48.48602,-47.77545,-34.37697,-30.458626,-34.60889,-40.72662,-43.190285,-44.98794,-47.361736,-50.638145,-48.764614,-49.23974,-49.31452,-49.486023,-49.049667,-48.10486,-49.86512,-48.86021,-47.4328,-50.888004,-52.198196,-52.189964,-52.198196,-52.198196,-50.922924,-50.251266,-50.280304,-34.508587,-28.194672,-30.352646,-35.56344,-42.530575,-43.80406,-46.410507,-50.168686,-51.50699,-50.68146,-49.711666,-51.317863,-52.198196,-50.617176,-49.627518,-50.312782,-47.626236,-41.321114,-40.7221,-43.443832,-49.032234,-52.198196,-52.198196,-51.781296,-44.3114,-33.6203,-32.658737,-39.595333,-44.308437,-44.709187,-48.039227,-49.940754,-52.198196,-52.198196,-52.198196,-52.198196,-51.922684,-50.68923,-50.30883,-50.574757,-51.032063,-50.97595,-52.198196,-51.713528,-47.330322,-45.386127,-49.09527,-52.198196,-52.198196,-34.80754,-28.930412,-30.418417,-34.41839,-39.661392,-42.833157,-46.40637,-49.88201,-51.450974,-52.198196,-52.198196,-52.198196,-52.198196,-52.198196,-52.198196,-52.198196,-52.198196,-44.11306,-35.307247,-35.606567,-42.075752,-47.247425,-47.044365,-47.9999,-52.198196,-38.030766,-30.62189,-31.902843,-35.475723,-38.507874,-39.40972,-42.179802,-48.47862,-47.69804,-47.78034,-48.780323,-50.00095,-51.898914,-52.198196,-46.17456,-43.98223,-47.17205,-41.969887,-43.83235,-48.39752,-51.748142,-49.07052,-47.05857,-47.114807,-43.47836,-31.979042,-29.30624,-31.273327,-36.192432,-40.02951,-43.82068,-44.432217,-48.035465,-48.394844,-50.93318,-51.774414,-51.531544,-48.956627,-50.449234,-51.353413,-48.46672,-49.606167,-44.7576,-37.638268,-38.24456,-44.339462,-47.281517,-48.902668,-49.98209,-50.154808,-30.468071,-24.431023,-27.683277,-33.964584,-37.921608,-42.8476,-45.62361,-49.889164,-52.198196,-52.198196,-51.078472,-49.881393,-50.0246,-50.53484,-51.59755,-51.97573,-52.198196,-52.198196,-49.814255,-47.691135,-46.273354,-45.885612,-44.58445,-46.02676,-51.34161,-37.568768,-27.3596,-27.774408,-33.05369,-38.34598,-40.642906,-44.183804,-46.671654,-47.401596,-48.064484,-47.429794,-48.40677,-49.59745,-47.715412,-46.785027,-46.73155,-46.242653,-47.086617,-41.758904,-42.16838,-46.20596,-45.31076,-45.79831,-48.765343,-49.526783,-48.500484,-39.70858,-31.000288,-33.08352,-41.170864,-43.409515,-42.11574,-46.763313,-52.198196,-52.198196,-52.198196,-52.198196,-52.198196,-52.198196,-52.198196,-52.139534,-49.660458,-48.55134,-48.78045,-49.20938,-48.70504,-48.61439,-44.296383,-44.13258,-44.682484,-46.594204,-36.783302,-29.138994,-29.967052,-35.828537,-39.75517,-42.11345,-42.876045,-44.871998,-47.422672,-48.04899,-50.849857,-50.295746,-48.08588,-48.089325,-48.277504,-48.957767,-52.198196,-46.75466,-41.43143,-42.888714,-46.868286,-45.79931,-45.738487,-45.656162,-45.18821,-44.690823,-32.693413,-29.389252,-33.96046,-39.545357,-43.29229,-47.283485,-51.120663,-52.198196,-52.198196,-52.198196,-52.198196,-52.198196,-52.198196,-52.198196,-52.198196,-52.198196,-52.198196,-52.198196,-52.198196,-52.198196,-52.198196,-52.198196,-52.198196,-52.198196,-34.870514,-27.934444,-30.561821,-36.742363,-39.940933,-43.583447,-39.32364,-33.8461,-27.94676,-29.347456,-38.227436,-41.29161,-39.362976,-37.9368,-40.56854,-48.715508,-49.486084,-50.46147,-30.438251,-23.133,-19.55416,-16.740025,-15.787281,-15.323315,-14.887562,-15.309935,-16.249666,-17.85153,-22.676586,-29.06868,-34.644173,-38.397575,-37.441353,-30.592907,-27.591314,-30.208633,-35.60165,-44.552708,-46.388893,-47.743717,-47.95771,-39.38723,-35.452114,-41.273712,-46.634705,-48.113026,-47.872704,-49.25474,-52.198196,-52.198196,-51.030216,-38.224495,-22.806118,-21.210463,-27.64432,-35.309303,-39.665848,-42.795914,-46.357445,-49.235043,-51.615196,-52.198196,-52.198196,-52.198196,-52.198196,-52.198196,-52.198196,-52.198196,-51.82819,-39.888206,-38.454906,-44.389954,-48.434258,-52.097935,-52.198196,-52.198196,-47.035175,-32.821194,-31.653597,-39.34211,-44.3223,-47.657375,-52.006744,-52.198196,-52.198196,-52.198196,-52.198196,-52.198196,-52.198196,-52.198196,-52.198196,-52.198196,-52.198196,-52.198196,-52.198196,-52.198196,-52.198196,-45.22229,-39.152725,-37.936443,-32.973854,-29.52132,-27.94739,-29.973944,-35.53338,-41.542454,-43.734276,-41.50573,-38.564285,-39.841408,-39.187542,-40.3838,-48.1509,-48.417393,-45.702232,-48.06275,-51.56933,-49.575516,-44.399075,-46.494415,-48.943005,-49.3993,-47.660694,-48.590374,-50.05054,-42.669083,-34.34127,-34.457268,-38.171875,-43.307285,-45.4495,-50.714283,-52.198196,-52.048912,-52.198196,-51.906425,-52.198196,-52.198196,-52.198196,-52.198196,-52.198196,-52.198196,-52.198196,-52.198196,-52.198196,-52.198196,-52.198196,-52.198196,-52.198196,-52.198196,-37.024815,-30.413694,-32.365242,-36.237785,-39.93517,-43.11039,-45.661793,-49.348267,-51.506783,-50.079865,-50.998207,-52.198196,-50.532364,-50.7787,-51.84399,-52.198196,-52.198196,-52.198196,-52.198196,-48.93203,-43.690968,-45.849937,-49.369846,-51.861782,-51.41423,-51.00428,-50.713123,-36.6772,-32.630737,-35.710953,-40.10012,-42.030693,-43.630646,-47.16457,-50.025604,-49.367035,-48.971256,-49.740677,-49.899353,-52.198196,-52.198196,-52.198196,-52.198196,-52.198196,-51.548836,-51.513344,-52.198196,-52.198196,-52.198196,-52.198196,-52.198196,-38.69022,-26.763363,-26.755583,-33.281315,-38.78189,-43.43335,-47.95436,-49.86538,-51.12099,-51.19455,-52.198196,-52.198196,-52.198196,-52.198196,-52.198196,-52.198196,-52.07364,-50.526047,-42.574078,-41.442207,-47.013454,-50.796387,-51.18265,-50.88527,-52.198196,-44.739006,-31.469536,-30.495487,-36.095455,-40.251976,-42.316517,-45.37468,-48.36988,-48.17564,-49.753136,-49.66693,-50.317463,-52.198196,-52.198196,-52.198196,-52.198196,-50.445663,-51.61593,-51.55212,-50.625515,-49.11432,-48.786087,-52.198196,-51.987034,-49.18418,-45.326637,-30.68851,-27.60478,-31.80152,-37.205864,-41.39457,-46.032352,-51.454834,-52.198196,-52.198196,-52.198196,-52.198196,-52.198196,-52.198196,-52.198196,-52.198196,-52.198196,-52.198196,-51.492764,-45.90418,-42.479248,-46.63475,-52.198196,-52.198196,-52.198196,-50.7508,-37.083683,-31.791983,-33.80894,-41.05854,-41.43639,-45.216827,-50.375824,-52.198196,-52.198196,-52.198196,-52.198196,-52.198196,-52.198196,-52.198196,-52.198196,-52.198196,-52.198196,-52.198196,-52.198196,-52.198196,-50.12306,-48.487152,-50.467144,-36.548424,-24.172241,-24.355486,-32.049015,-36.772675,-41.184708,-45.295586,-48.734238,-48.287434,-47.526314,-48.6327,-49.691986,-52.019547,-52.198196,-52.198196,-52.198196,-51.997868,-47.15793,-40.846447,-41.631847,-47.80816,-50.69314,-52.198196,-52.198196,-52.198196,-42.97253,-33.502193,-33.05649,-37.21619,-43.211685,-49.762352,-50.192963,-49.26642,-46.86729,-48.630833,-48.189804,-47.78308,-46.893753,-44.548855,-44.033714,-44.933823,-42.6662,-41.24353,-41.525455,-42.007175,-39.7678,-33.36386,-32.768055,-33.644314,-26.851427,-27.45237,-32.09269,-34.648262,-36.875668,-39.757645,-41.921574,-42.320026,-41.671394,-44.97975,-51.687584,-52.198196,-52.198196,-47.69059,-44.242676,-43.870808,-42.22319,-43.968464,-48.587082,-50.852962,-49.624672,-50.98438,-52.198196,-52.198196,-41.38066,-32.360992,-32.80242,-37.823837,-44.763695,-48.207954,-48.989872,-50.481457,-52.198196,-52.198196,-51.56519,-52.198196,-52.198196,-52.198196,-52.198196,-52.198196,-52.198196,-52.198196,-52.198196,-52.198196,-52.198196,-52.198196,-52.198196,-52.198196,-50.050705,-33.41693,-29.991222,-32.854576,-36.648754,-40.853195,-47.636356,-49.00042,-51.760136,-52.198196,-52.198196,-52.198196,-52.198196,-52.198196,-52.198196,-52.198196,-52.198196,-52.198196,-43.787178,-41.24798,-44.3082,-45.906326,-46.54965,-47.30403,-50.81733,-49.734253,-34.4714,-28.703907,-30.632437,-36.744694,-44.236416,-48.976013,-50.01124,-51.284428,-52.198196,-52.198196,-52.198196,-52.198196,-52.198196,-50.031944,-48.86642,-50.678196,-52.198196,-52.198196,-51.85853,-52.198196,-51.36149,-51.3891,-52.198196,-44.4305,-29.20612,-27.329536,-32.514576,-39.019493,-45.0041,-46.705574,-47.34761,-50.554558,-49.406494,-50.851494,-52.198196,-52.198196,-52.198196,-52.198196,-52.198196,-52.198196,-45.1941,-39.387012,-41.242218,-48.067177,-51.057983,-52.198196,-51.622566,-52.198196,-45.796036,-31.637323,-30.0082,-36.33838,-40.361008,-43.52645,-47.169548,-50.332584,-52.198196,-52.198196,-52.198196,-52.198196,-52.198196,-52.198196,-52.198196,-50.57098,-41.47149,-40.402718,-42.406464,-37.752663,-35.211967,-27.959759,-23.349041,-21.507965,-16.646458,-14.323625,-13.982745,-14.665383,-15.18561,-15.224636,-16.066216,-17.492842,-19.680553,-20.233095,-19.562609,-18.73211,-18.10031,-18.233858,-18.583862,-18.613235,-18.53359,-18.644236,-18.446358,-18.730518,-18.983757,-19.258282,-19.965693,-20.628729,-20.871437,-22.314035,-25.115072,-28.447346,-31.047792,-31.895172,-35.225838,-37.88208,-39.051086,-39.97026,-38.64468,-40.97587,-41.108376,-39.628044,-39.950138,-41.29137,-41.645016,-40.934242,-38.749813,-38.810223,-38.83441,-38.07342,-38.935955,-39.13332,-38.165863,-38.016922,-29.244057,-22.771458,-26.415134,-33.749672,-35.155445,-37.549534,-36.64232,-38.453896,-45.936768,-48.171062,-44.804108,-44.21249,-45.03901,-44.318855,-49.060074,-51.492153,-46.157646,-42.12567,-40.95482,-42.956066,-47.852955,-52.198196,-50.693287,-50.65729,-39.65028,-31.896503,-33.04199,-38.230415,-44.02759,-47.34655,-49.76603,-50.41403,-48.66117,-47.22519,-52.198196,-52.198196,-52.198196,-52.198196,-52.198196,-51.22133,-50.5241,-52.198196,-52.198196,-52.198196,-52.198196,-52.198196,-52.198196,-52.198196,-47.636673,-32.290886,-30.025032,-29.802275,-30.513247,-37.77199,-39.81129
-35.445126,-41.311882,-52.198196,-52.198196,-52.198196,-52.198196,-52.198196,-52.198196,-52.198196,-52.198196,-52.198196,-51.971832,-44.110794,-43.08334,-46.514324,-44.37664,-41.08068,-40.89525,-43.376556,-38.164955,-31.949347,-30.92018,-26.10519,-17.053396,-12.757263,-12.8187895,-13.987313,-14.424123,-15.81892,-22.927046,-39.9959,-44.657944,-41.683773,-33.86329,-21.124046,-17.730911,-18.802563,-20.052624,-22.599617,-28.802359,-41.10347,-43.996155,-42.91101,-38.323708,-29.201584,-29.259518,-35.38936,-40.001507,-41.777023,-42.29129,-45.336594,-48.377987,-48.878254,-47.457077,-47.237247,-51.25525,-52.198196,-52.198196,-52.198196,-51.338505,-50.374737,-49.662277,-43.592743,-45.257053,-50.544685,-49.85615,-49.970398,-51.16906,-48.712215,-36.029118,-33.394455,-37.99151,-43.042526,-46.875443,-49.38389,-52.198196,-52.198196,-52.198196,-52.198196,-52.198196,-52.198196,-52.198196,-52.198196,-52.198196,-52.198196,-52.198196,-52.198196,-52.198196,-52.198196,-52.198196,-52.198196,-52.198196,-52.198196,-37.83817,-29.736397,-30.250042,-36.040245,-42.200096,-47.47516,-50.230232,-52.198196,-52.198196,-52.198196,-52.198196,-52.198196,-52.198196,-52.198196,-52.198196,-52.198196,-52.198196,-50.23929,-45.210987,-44.200882,-46.89403,-48.228424,-48.804977,-50.306366,-51.69531,-48.45077,-37.435997,-35.643772,-38.244835,-41.449284,-46.607155,-50.13346,-52.198196,-51.389626,-46.78772,-47.037964,-48.95855,-49.979507,-51.14944,-52.198196,-52.198196,-52.198196,-51.353287,-47.838463,-48.967003,-52.198196,-52.198196,-52.135197,-49.327698,-34.78535,-29.280796,-33.021683,-37.44229,-42.939087,-47.817062,-49.698914,-51.32528,-52.198196,-52.198196,-52.198196,-52.198196,-52.198196,-52.198196,-52.198196,-52.198196,-52.198196,-52.198196,-52.198196,-47.354668,-47.005516,-49.90288,-51.890186,-52.198196,-52.198196,-41.68077,-32.150948,-33.132187,-38.591866,-42.71977,-47.26568,-49.95606,-52.198196,-52.198196,-52.198196,-52.198196,-52.198196,-52.198196,-52.198196,-52.198196,-52.198196,-52.198196,-52.198196,-52.198196,-52.198196,-52.198196,-50.078766,-51.70552,-52.198196,-51.924397,-35.01225,-27.949883,-29.93116,-34.98935,-41.08914,-46.232376,-47.89166,-50.90291,-52.198196,-52.198196,-50.511932,-51.137894,-52.00421,-49.410652,-48.839993,-48.401226,-48.21196,-49.10246,-44.05899,-43.21842,-45.52002,-50.393276,-50.85414,-51.492313,-52.198196,-39.21329,-31.653332,-33.301094,-38.0957,-42.26749,-45.84654,-50.019222,-50.981697,-52.182423,-52.198196,-51.169876,-49.809074,-52.198196,-52.198196,-52.198196,-52.198196,-52.080605,-48.998295,-48.06576,-50.97235,-52.198196,-51.801422,-50.71498,-51.333195,-47.63905,-31.955196,-26.339617,-29.922104,-35.94394,-39.955948,-43.344387,-43.62534,-43.548203,-46.126247,-51.462227,-52.198196,-52.15271,-51.57076,-49.990334,-48.30005,-48.332924,-47.778214,-50.178295,-43.846764,-41.658775,-43.914837,-47.09268,-52.012577,-52.198196,-52.198196,-50.683056,-37.728664,-33.98836,-37.65722,-42.650356,-45.35381,-48.78218,-52.198196,-52.198196,-52.198196,-52.198196,-52.198196,-52.198196,-52.198196,-52.198196,-52.198196,-50.016426,-50.384712,-52.198196,-52.198196,-52.198196,-52.198196,-52.198196,-46.525455,-44.795452,-33.082626,-27.736263,-31.190054,-37.08115,-41.188435,-46.08486,-49.472176,-52.198196,-52.198196,-52.198196,-52.198196,-52.198196,-52.198196,-52.198196,-52.198196,-52.198196,-52.198196,-47.221954,-38.794205,-40.423946,-47.701042,-51.409714,-51.975136,-52.04012,-45.790768,-40.518185,-36.031403,-31.685375,-33.08315,-36.367477,-39.53696,-43.848267,-41.583485,-37.93477,-36.502728,-37.579056,-38.87374,-43.614624,-46.578297,-37.443672,-31.056892,-29.412758,-30.633165,-37.62671,-44.19121,-35.493645,-21.852388,-19.448494,-23.10757,-24.9279,-24.028566,-29.066051,-28.797827,-30.913591,-37.294655,-38.207043,-39.06209,-38.557217,-37.648716,-38.077705,-39.213173,-40.80277,-39.761192,-37.903046,-37.801044,-41.532852,-49.18417,-41.280384,-35.84496,-36.857697,-39.348484,-41.52443,-42.845207,-41.59482,-40.517563,-38.548813,-33.23048,-30.202469,-32.312466,-37.955498,-43.13383,-43.19048,-44.927174,-44.894615,-47.025204,-51.046326,-49.392204,-46.451283,-42.623478,-42.795914,-45.30479,-43.313965,-43.29672,-43.0662,-41.699177,-43.422783,-42.95918,-41.0659,-38.920692,-39.80332,-35.244976,-29.940624,-32.896385,-36.956448,-41.109524,-45.49746,-45.428043,-44.794617,-41.269608,-43.44983,-47.512623,-49.600697,-50.253376,-50.079327,-48.182808,-47.25847,-48.314518,-49.216576,-47.96122,-48.126343,-45.648685,-45.764694,-49.214367,-49.14047,-47.555202,-38.6961,-34.99199,-39.155773,-42.308155,-45.730164,-47.51846,-50.134186,-49.688194,-49.295807,-51.84376,-52.198196,-52.017857,-52.198196,-51.224205,-50.541985,-49.716515,-49.556892,-49.295326,-50.305695,-50.00197,-50.699203,-51.696846,-51.579002,-50.249516,-51.722267,-34.61637,-28.737518,-31.088018,-35.33119,-40.57296,-44.60699,-46.849686,-50.577477,-52.198196,-52.198196,-51.172333,-52.198196,-52.198196,-50.858196,-49.935463,-48.482113,-47.321323,-43.504875,-44.28411,-49.186443,-52.01624,-52.198196,-52.198196,-52.198196,-44.05223,-33.625633,-33.08592,-37.9259,-42.193012,-45.621067,-48.25608,-51.25789,-52.198196,-52.198196,-52.198196,-52.198196,-52.198196,-51.319004,-50.979095,-51.232773,-51.93268,-52.198196,-52.198196,-51.825222,-47.03644,-45.06198,-48.91942,-51.684532,-50.441917,-34.61322,-28.235966,-30.998272,-37.187843,-41.372833,-44.155907,-47.188347,-51.675205,-52.198196,-52.198196,-52.198196,-52.198196,-52.198196,-52.198196,-52.198196,-52.198196,-52.198196,-46.902428,-39.30121,-40.2649,-45.139385,-50.056976,-51.309807,-50.34243,-52.198196,-38.80513,-32.62713,-34.81988,-38.54008,-39.685856,-41.34391,-43.343826,-48.595562,-47.87731,-47.570763,-46.206543,-47.643314,-49.39727,-52.198196,-46.48459,-43.284355,-43.40593,-42.579254,-44.345535,-46.95758,-52.198196,-50.467663,-47.84994,-47.09223,-46.805565,-35.828526,-31.731092,-33.24773,-36.555904,-40.68354,-44.594147,-47.58306,-50.31909,-51.06709,-51.72935,-49.119488,-48.792435,-48.941498,-50.15027,-49.754528,-46.648327,-49.891556,-46.907776,-39.77134,-40.53101,-44.751934,-48.458755,-50.259987,-50.65369,-52.198196,-37.49813,-30.67587,-32.31255,-36.50882,-39.062176,-43.80365,-47.798927,-50.75239,-52.198196,-52.198196,-52.198196,-51.993324,-51.282074,-51.692413,-52.198196,-52.198196,-52.198196,-52.198196,-51.3533,-50.383488,-49.52285,-49.270317,-50.08209,-51.431576,-52.198196,-43.070656,-32.413136,-31.582558,-34.218895,-39.621204,-44.81157,-46.5961,-48.309235,-51.134853,-51.861565,-52.198196,-52.198196,-52.198196,-52.198196,-50.137333,-50.04882,-49.789246,-47.794174,-37.992912,-38.16468,-46.004974,-50.295113,-50.146465,-52.198196,-52.198196,-51.89407,-43.68566,-33.533672,-33.688427,-38.281567,-41.501293,-45.37304,-49.82434,-52.198196,-52.198196,-52.198196,-52.198196,-52.198196,-52.198196,-52.198196,-52.198196,-52.198196,-51.70959,-52.198196,-51.492504,-51.337685,-51.068233,-48.880787,-47.816704,-48.612823,-48.869957,-35.974613,-29.950142,-32.99868,-38.928875,-42.665253,-42.768814,-44.493362,-47.611465,-49.755096,-50.350567,-52.198196,-52.189518,-50.622307,-51.32727,-50.731262,-50.25877,-52.198196,-48.235477,-44.013554,-44.23352,-46.935688,-45.642296,-45.619755,-48.202805,-47.459454,-44.813095,-35.269905,-30.669418,-33.40082,-38.231396,-43.52713,-48.46792,-51.982697,-52.198196,-52.198196,-52.198196,-52.198196,-52.198196,-52.198196,-52.198196,-52.198196,-52.198196,-52.198196,-52.198196,-52.198196,-52.198196,-52.198196,-52.198196,-52.198196,-52.198196,-35.495144,-28.691122,-30.934925,-37.476696,-40.239773,-43.57366,-40.74493,-36.064213,-33.639114,-34.74616,-38.10115,-40.519318,-36.63609,-36.069653,-42.034893,-50.73988,-50.379528,-48.749752,-26.674803,-17.198994,-15.226507,-16.202744,-17.937828,-19.939333,-21.934784,-26.314764,-34.260075,-30.93827,-26.985552,-29.797934,-35.354897,-38.730396,-38.586945,-27.259884,-24.716358,-26.855762,-32.4279,-46.05781,-47.970596,-48.154106,-46.794014,-42.945763,-40.571014,-44.41365,-47.748837,-51.080414,-50.612022,-50.515934,-51.629417,-52.198196,-52.036484,-40.185112,-25.965288,-24.125084,-29.581116,-36.058784,-39.38937,-42.907852,-45.359352,-48.47042,-52.198196,-52.198196,-52.198196,-52.198196,-52.198196,-52.198196,-52.198196,-52.198196,-52.198196,-44.19546,-40.542686,-43.54427,-49.595734,-52.198196,-52.198196,-52.198196,-49.081036,-35.693916,-34.01496,-37.77454,-44.219776,-48.65531,-51.381073,-52.198196,-52.198196,-52.198196,-52.198196,-52.198196,-52.198196,-52.198196,-52.198196,-52.198196,-52.198196,-52.198196,-52.198196,-52.198196,-52.198196,-49.17658,-43.802917,-41.684113,-41.99995,-32.025562,-29.282312,-32.53026,-37.62843,-44.36142,-46.908524,-46.32704,-47.367725,-49.914238,-51.560078,-50.201363,-51.78501,-50.920784,-47.796482,-46.060482,-46.888844,-49.552876,-47.947983,-48.175148,-49.784546,-49.357903,-47.558838,-48.025597,-50.322414,-45.115414,-35.8469,-36.429955,-39.977554,-42.38365,-45.083614,-47.54297,-51.090927,-51.894207,-50.53166,-50.483757,-51.927864,-52.198196,-52.198196,-52.198196,-52.198196,-52.198196,-52.198196,-52.198196,-52.198196,-52.198196,-52.198196,-52.198196,-52.198196,-52.198196,-34.684063,-28.87863,-31.839695,-37.033886,-40.546837,-44.32066,-48.91355,-52.198196,-51.73597,-50.500618,-52.022167,-52.198196,-51.620502,-51.05413,-51.920387,-52.198196,-52.198196,-52.198196,-52.198196,-49.711224,-46.19617,-47.86886,-51.768,-52.198196,-52.03707,-51.83142,-51.895374,-40.34751,-35.152767,-36.964058,-40.291973,-43.657207,-45.753906,-49.179222,-50.906883,-52.198196,-52.198196,-51.04817,-51.434624,-52.198196,-52.198196,-52.198196,-52.198196,-52.198196,-52.198196,-50.78518,-52.198196,-52.198196,-52.198196,-52.198196,-52.198196,-41.66805,-28.863134,-28.272474,-33.344543,-38.387016,-44.28232,-49.245296,-50.26071,-51.343513,-52.198196,-52.198196,-52.198196,-52.198196,-52.198196,-52.108223,-52.198196,-52.198196,-52.198196,-42.844284,-42.150787,-46.949886,-48.42934,-50.061207,-51.0474,-52.198196,-47.53145,-34.3242,-31.713024,-34.89451,-39.923088,-43.77259,-46.64604,-49.021523,-50.21382,-51.084373,-51.479954,-51.69823,-52.198196,-52.198196,-52.198196,-52.198196,-50.535027,-51.72504,-52.198196,-52.198196,-50.96611,-50.674454,-52.198196,-52.198196,-49.725117,-44.8627,-28.930128,-26.464283,-31.744871,-38.656086,-42.551,-47.679718,-51.634804,-52.198196,-52.198196,-52.198196,-52.198196,-52.198196,-52.198196,-52.198196,-52.198196,-52.198196,-52.198196,-52.198196,-48.180428,-44.16966,-46.150555,-52.03161,-52.198196,-52.198196,-50.859146,-37.168175,-32.689285,-34.104786,-38.629467,-43.215004,-47.050697,-51.157227,-52.198196,-52.198196,-52.198196,-52.198196,-52.198196,-52.198196,-52.198196,-52.198196,-52.198196,-52.198196,-52.198196,-52.198196,-52.198196,-51.449398,-50.190735,-52.142406,-39.04727,-26.481739,-26.148022,-32.768387,-38.824734,-44.194187,-47.15057,-49.298763,-48.081146,-47.67082,-49.984222,-52.08194,-52.198196,-52.198196,-52.198196,-52.198196,-48.391296,-43.760612,-41.245728,-44.480667,-48.86551,-51.608334,-52.198196,-52.198196,-52.198196,-41.7606,-33.239002,-33.648785,-38.523163,-44.351116,-48.93798,-51.107353,-49.7328,-47.86638,-47.876568,-49.56334,-52.198196,-49.674828,-47.81742,-45.70749,-44.80487,-43.119896,-42.63591,-41.791206,-42.33137,-40.867447,-37.12559,-36.996136,-37.31335,-30.281239,-30.147778,-35.536312,-38.10404,-40.973984,-43.142433,-43.223682,-44.613304,-45.126556,-46.746716,-52.198196,-52.198196,-51.6435,-47.096348,-48.005962,-45.565613,-40.86483,-42.40724,-46.92994,-49.997337,-51.704098,-51.567036,-51.698853,-52.198196,-46.006336,-35.644905,-34.951286,-41.01276,-46.84906,-48.441063,-51.20596,-52.198196,-52.198196,-52.198196,-52.198196,-52.198196,-52.198196,-52.198196,-52.198196,-52.198196,-52.198196,-52.198196,-52.198196,-52.198196,-52.198196,-52.198196,-52.198196,-52.198196,-50.503136,-37.183628,-32.684277,-33.015694,-37.188503,-45.153297,-48.016224,-50.33387,-52.198196,-52.198196,-52.198196,-52.198196,-52.198196,-52.198196,-52.198196,-52.198196,-52.198196,-52.198196,-46.700787,-44.050755,-45.97287,-42.027668,-43.720932,-48.86125,-49.442352,-48.557934,-37.5271,-32.682613,-34.79118,-40.133446,-44.67476,-47.11374,-51.309486,-52.198196,-52.198196,-52.198196,-52.198196,-52.198196,-52.198196,-49.652782,-49.512856,-51.885902,-52.198196,-52.050613,-52.198196,-52.198196,-52.198196,-52.198196,-52.198196,-47.820084,-32.32673,-29.118221,-32.932972,-39.24911,-44.8425,-47.93377,-49.669537,-51.68171,-52.198196,-52.198196,-52.198196,-52.198196,-52.198196,-52.198196,-52.198196,-52.198196,-43.65081,-38.338783,-42.203125,-49.261726,-52.108627,-52.198196,-52.198196,-52.198196,-51.11347,-37.533047,-32.96277,-34.556152,-40.91616,-46.172592,-49.36251,-50.65513,-52.198196,-52.198196,-52.198196,-52.198196,-52.198196,-52.198196,-52.198196,-49.890144,-42.268147,-40.172825,-41.453266,-42.041092,-37.871292,-25.538637,-20.663555,-20.677488,-19.788054,-20.74212,-21.147629,-19.901333,-17.622543,-16.398785,-15.720739,-14.81154,-14.57861,-14.752743,-15.456992,-16.505066,-16.473219,-16.828993,-17.207964,-16.619446,-16.323193,-16.593851,-16.877647,-17.311504,-17.68367,-17.917612,-18.280066,-18.938711,-19.344177,-20.94035,-24.761038,-29.307182,-32.669064,-34.926987,-36.51589,-37.50371,-37.47381,-37.027252,-36.643944,-38.80191,-39.357117,-37.650818,-38.484055,-39.88948,-39.956112,-40.01349,-39.441406,-39.345318,-38.919704,-38.002224,-38.159286,-38.815136,-39.057587,-38.68129,-34.944912,-29.53021,-31.481411,-34.77982,-37.55336,-39.390892,-38.20146,-39.640644,-47.546616,-47.84858,-45.457893,-45.104237,-43.52409,-43.007248,-49.650303,-51.533543,-45.01329,-39.950363,-42.990425,-47.35842,-50.346966,-52.198196,-49.834633,-48.14911,-39.224945,-32.294044,-34.9209,-41.24496,-44.87127,-47.075035,-51.205933,-52.198196,-52.198196,-50.64852,-52.198196,-52.198196,-52.198196,-52.198196,-52.198196,-52.198196,-50.6533,-52.198196,-52.198196,-52.198196,-52.198196,-52.198196,-52.198196,-52.198196,-52.198196,-37.144463,-33.686947,-37.82042,-41.06077,-43.486675,-44.31063
-35.166668,-41.077988,-52.198196,-52.198196,-52.198196,-52.198196,-52.198196,-52.198196,-52.198196,-52.198196,-52.198196,-51.804653,-43.66817,-43.54548,-47.75288,-48.425797,-45.48408,-43.93818,-45.21997,-38.569485,-31.465359,-29.447678,-27.001257,-23.314632,-18.680098,-16.265461,-15.919514,-16.640675,-19.403656,-27.360191,-43.735157,-48.63748,-45.17346,-38.844643,-28.693102,-22.95542,-21.2665,-22.572458,-26.133076,-32.419735,-44.36407,-46.883923,-46.152367,-40.725826,-30.676394,-30.951422,-37.087456,-41.271202,-43.623585,-43.845055,-45.727406,-48.62458,-49.03836,-47.182915,-47.44332,-52.198196,-52.198196,-52.198196,-52.198196,-51.511925,-52.198196,-50.973145,-43.409225,-45.144936,-50.599182,-50.361282,-52.198196,-52.198196,-49.20143,-34.007263,-31.192741,-36.647305,-43.49362,-47.81372,-49.41897,-52.198196,-52.198196,-52.198196,-52.198196,-52.198196,-52.198196,-52.198196,-52.198196,-52.198196,-52.198196,-52.198196,-52.198196,-52.198196,-52.198196,-52.198196,-52.198196,-52.198196,-52.198196,-42.49724,-31.967178,-32.419315,-40.427887,-44.995922,-48.444405,-50.6267,-52.198196,-52.198196,-52.198196,-52.198196,-52.198196,-52.198196,-52.198196,-52.198196,-52.198196,-52.198196,-50.909153,-45.65557,-45.42514,-48.908173,-49.478683,-48.699562,-50.872063,-52.198196,-50.736965,-39.247272,-35.900803,-40.052917,-43.392944,-46.41844,-52.13373,-52.198196,-51.789185,-47.846558,-47.62527,-49.901497,-50.7332,-51.202587,-52.198196,-52.198196,-52.198196,-50.989033,-47.65895,-49.276577,-52.198196,-52.005714,-51.141342,-51.386456,-37.167,-30.907963,-33.279568,-39.457817,-43.09745,-47.266026,-50.72889,-52.198196,-52.198196,-52.198196,-52.198196,-52.198196,-52.198196,-52.198196,-52.198196,-52.198196,-52.198196,-52.198196,-52.198196,-48.045723,-50.076084,-51.995155,-52.198196,-52.198196,-52.198196,-43.611885,-33.50077,-33.77215,-39.448273,-44.198174,-49.31189,-51.637703,-52.198196,-52.198196,-52.198196,-52.198196,-52.198196,-51.59214,-51.978386,-52.198196,-52.198196,-52.198196,-52.198196,-52.198196,-52.198196,-51.084274,-51.702698,-52.198196,-52.12543,-52.198196,-35.77894,-27.841093,-29.731918,-37.185574,-41.7134,-46.343216,-48.90829,-51.66389,-52.198196,-52.198196,-52.198196,-52.198196,-52.198196,-49.191048,-49.197968,-48.22958,-48.26465,-46.99293,-41.055344,-43.21836,-46.85241,-50.8004,-52.198196,-52.02139,-52.198196,-43.08142,-34.617607,-35.325977,-40.28461,-43.98101,-47.45475,-49.559753,-52.198196,-52.198196,-52.198196,-52.198196,-52.198196,-52.198196,-52.198196,-52.198196,-52.198196,-52.198196,-52.198196,-51.16371,-52.198196,-52.198196,-52.198196,-52.198196,-52.198196,-49.826317,-34.15368,-28.448925,-32.799408,-38.30938,-42.50228,-45.764664,-46.388737,-47.154266,-48.144623,-51.82493,-52.198196,-52.198196,-52.198196,-51.03468,-49.44239,-49.92792,-51.971603,-52.198196,-45.566578,-42.31273,-45.465096,-48.488182,-50.31337,-52.198196,-52.198196,-51.71154,-39.2683,-35.21217,-37.61614,-42.441692,-46.67013,-48.639416,-52.198196,-52.198196,-52.198196,-52.198196,-52.198196,-52.198196,-52.198196,-52.198196,-52.198196,-50.087982,-51.77233,-52.198196,-52.198196,-52.198196,-52.198196,-52.176483,-48.93403,-47.88668,-37.002834,-29.765741,-31.685312,-38.29389,-42.459167,-47.973003,-51.13951,-52.198196,-52.198196,-52.198196,-52.198196,-52.198196,-52.198196,-52.198196,-52.198196,-52.198196,-52.198196,-46.621876,-38.467182,-40.694004,-46.80599,-50.238625,-52.198196,-52.198196,-49.891125,-41.48391,-35.049793,-31.872103,-34.337536,-36.99652,-39.60287,-44.2778,-41.038612,-37.379936,-36.165035,-37.377583,-37.326385,-40.696167,-44.08093,-37.031555,-33.241173,-32.49055,-32.24957,-37.80454,-44.38382,-40.017056,-28.151081,-23.020298,-20.972584,-20.440372,-22.505663,-31.014027,-33.519737,-34.553875,-37.72647,-38.534206,-38.98271,-37.69968,-38.293697,-38.41623,-38.96175,-42.59388,-42.482697,-41.1009,-41.59309,-44.373165,-51.72036,-41.788292,-35.595604,-37.29733,-40.63191,-43.4469,-45.266373,-44.656925,-42.911243,-41.204647,-34.2604,-31.105366,-34.116962,-38.550144,-42.02247,-44.381332,-47.043465,-47.552677,-49.06384,-50.956276,-49.020763,-45.83352,-45.313164,-44.89273,-45.402737,-43.732323,-44.496037,-45.75425,-46.36164,-47.795597,-46.684692,-45.741154,-45.42473,-46.064537,-41.762882,-35.97654,-35.71497,-38.971703,-42.885303,-46.868626,-49.440895,-48.530655,-46.040577,-47.023144,-50.149017,-51.461033,-51.02896,-50.289,-51.24483,-51.447033,-50.70809,-50.01257,-48.469223,-50.194324,-50.17973,-49.95569,-51.98505,-51.90889,-51.074673,-40.719154,-36.052353,-39.351707,-43.47439,-46.373764,-50.15973,-52.198196,-52.198196,-52.198196,-52.198196,-52.198196,-52.198196,-52.198196,-52.198196,-51.66461,-52.198196,-52.198196,-52.198196,-52.198196,-52.198196,-52.198196,-52.198196,-52.198196,-51.224792,-52.198196,-36.19293,-30.954485,-33.446217,-38.00324,-42.648056,-46.274155,-50.538906,-52.198196,-52.198196,-52.198196,-52.198196,-52.198196,-52.198196,-52.198196,-52.198196,-51.70999,-50.490562,-43.84806,-42.076042,-46.72206,-50.15721,-52.198196,-52.198196,-52.198196,-45.16409,-35.678123,-35.4905,-38.844505,-43.034645,-46.411873,-49.673195,-52.198196,-52.198196,-52.198196,-52.198196,-52.198196,-52.198196,-51.7316,-51.352688,-52.00474,-52.198196,-52.198196,-52.198196,-52.198196,-49.387566,-48.993126,-51.391582,-52.198196,-52.198196,-35.78661,-29.75755,-32.36653,-37.400063,-41.48095,-44.42232,-47.24746,-52.198196,-52.198196,-52.198196,-52.198196,-52.198196,-52.198196,-52.198196,-52.198196,-52.198196,-52.198196,-45.993046,-37.92029,-39.81303,-45.560623,-47.52167,-51.422543,-51.175114,-52.198196,-39.28334,-32.002987,-33.55827,-37.59185,-40.118557,-42.762505,-45.101986,-48.13771,-46.34615,-47.4347,-48.680634,-49.751503,-49.849724,-52.198196,-49.725193,-46.30794,-45.60914,-44.02538,-45.18208,-47.89906,-50.551834,-46.44411,-44.738174,-45.393642,-44.481426,-35.07073,-29.711727,-32.158356,-37.30892,-41.595387,-45.229107,-48.676224,-50.708717,-51.525963,-52.198196,-50.37293,-50.42336,-51.66478,-51.636127,-50.70654,-47.91081,-48.42153,-44.622875,-38.816544,-41.066128,-45.80193,-47.715187,-49.767494,-52.099983,-52.198196,-37.097652,-29.319696,-30.139112,-36.01101,-42.538662,-47.040848,-49.10358,-52.198196,-52.198196,-52.198196,-52.198196,-51.616787,-52.198196,-52.198196,-52.198196,-52.198196,-52.198196,-52.198196,-52.198196,-50.98351,-50.516045,-50.63994,-50.775455,-52.198196,-52.198196,-47.140266,-35.249413,-32.32305,-35.562553,-41.186962,-45.39646,-47.975677,-50.543804,-51.493435,-52.198196,-52.198196,-52.198196,-52.198196,-52.198196,-52.198196,-52.198196,-52.198196,-48.264603,-36.48122,-36.599186,-44.723946,-49.08046,-50.78134,-52.198196,-52.198196,-52.198196,-46.94384,-35.65023,-34.789318,-40.616684,-44.871655,-47.289257,-50.49707,-52.198196,-52.198196,-52.198196,-52.198196,-52.198196,-52.198196,-52.198196,-52.198196,-52.198196,-52.198196,-52.198196,-52.198196,-52.198196,-52.198196,-52.198196,-52.19372,-51.61615,-52.198196,-37.099155,-29.885021,-32.133823,-39.850636,-45.35229,-46.346245,-49.07705,-52.198196,-52.198196,-52.198196,-52.198196,-52.198196,-52.198196,-52.198196,-52.198196,-52.198196,-52.198196,-50.796772,-45.652046,-46.85357,-48.16079,-48.825386,-50.145115,-50.287384,-49.46363,-46.332897,-32.34758,-30.74852,-36.025833,-38.86759,-44.694733,-51.508602,-52.198196,-52.198196,-52.198196,-52.198196,-52.198196,-52.198196,-52.198196,-52.198196,-52.198196,-52.198196,-52.198196,-52.198196,-52.198196,-52.198196,-52.198196,-52.198196,-52.198196,-52.198196,-37.395195,-29.478222,-30.870338,-36.994938,-40.390774,-44.454098,-45.26683,-40.994446,-36.465763,-37.4127,-40.51642,-40.715446,-38.966984,-39.526436,-45.1075,-51.91062,-52.198196,-50.75078,-33.22018,-25.50402,-22.056042,-19.562477,-18.704222,-18.117296,-17.619894,-18.445757,-19.68127,-20.969152,-25.694485,-32.525566,-37.705894,-41.437107,-42.45993,-33.128036,-29.903067,-32.074684,-37.44966,-47.00879,-50.04843,-49.579918,-50.460625,-48.19729,-45.3358,-45.149918,-48.161263,-51.778328,-51.50051,-52.198196,-51.721912,-51.816963,-52.198196,-43.731155,-29.684578,-26.655054,-31.057304,-38.898922,-41.30603,-44.268494,-46.64948,-49.702106,-52.198196,-52.198196,-52.198196,-52.198196,-52.198196,-52.198196,-52.198196,-52.198196,-52.198196,-44.17378,-41.080093,-45.09643,-49.077095,-52.198196,-52.198196,-52.198196,-48.225677,-33.564423,-31.513199,-36.85151,-41.856503,-47.421394,-50.01476,-52.198196,-52.198196,-52.198196,-52.198196,-52.198196,-52.198196,-52.198196,-52.198196,-52.198196,-52.198196,-52.198196,-52.198196,-52.198196,-52.198196,-50.184074,-46.10935,-44.14345,-41.55395,-34.207035,-30.727814,-33.429363,-37.48772,-43.44088,-46.982098,-46.256603,-44.964134,-45.0961,-41.812416,-43.41654,-51.143707,-52.198196,-51.66061,-52.119293,-51.613586,-50.504246,-46.456825,-47.632008,-51.59986,-50.76471,-51.847336,-52.198196,-52.198196,-48.915005,-38.169518,-37.6189,-42.81955,-44.45195,-47.31961,-51.31348,-52.198196,-52.198196,-52.198196,-52.198196,-51.08698,-52.198196,-52.198196,-52.198196,-52.198196,-52.198196,-52.198196,-52.198196,-52.198196,-52.198196,-52.198196,-52.198196,-52.198196,-52.198196,-38.364697,-31.67798,-33.415997,-39.097828,-42.210316,-45.15763,-48.464413,-52.198196,-52.198196,-51.604202,-52.198196,-52.198196,-52.198196,-52.198196,-52.198196,-52.198196,-52.198196,-52.198196,-52.198196,-46.004223,-44.17301,-48.764988,-51.49243,-52.198196,-52.198196,-52.198196,-52.198196,-38.849937,-33.56661,-36.037827,-40.033344,-45.24809,-50.295795,-52.198196,-52.198196,-51.208744,-52.198196,-51.6886,-52.198196,-52.198196,-52.198196,-52.198196,-52.198196,-52.198196,-52.198196,-52.198196,-52.198196,-52.198196,-52.198196,-52.198196,-52.198196,-44.96115,-31.55218,-30.013105,-35.462353,-40.687553,-46.96184,-52.066216,-52.198196,-52.198196,-52.198196,-52.198196,-52.198196,-52.198196,-52.198196,-52.198196,-52.198196,-52.198196,-52.198196,-45.840954,-43.03169,-45.28588,-46.07351,-48.37418,-49.79545,-52.198196,-49.572174,-36.53777,-33.09,-36.06684,-40.27214,-45.815052,-48.20187,-50.393852,-50.63655,-50.917458,-51.67528,-51.72514,-52.198196,-52.198196,-52.198196,-52.198196,-52.198196,-52.198196,-52.198196,-52.198196,-51.79047,-52.198196,-52.198196,-52.198196,-50.998688,-49.89054,-34.31541,-30.176003,-33.69091,-41.037483,-44.620136,-48.943268,-50.853554,-52.198196,-52.198196,-52.198196,-52.198196,-52.198196,-52.198196,-52.198196,-52.198196,-52.198196,-52.198196,-52.198196,-49.296307,-46.171997,-50.23088,-52.198196,-52.198196,-52.198196,-52.198196,-35.541367,-31.202156,-35.747284,-41.20495,-46.064907,-50.274147,-52.198196,-52.198196,-52.198196,-52.198196,-52.198196,-52.198196,-52.198196,-52.198196,-52.198196,-52.198196,-52.198196,-52.198196,-52.198196,-52.198196,-50.903755,-49.99914,-52.198196,-46.94895,-32.920723,-30.7561,-33.8267,-37.75761,-44.25187,-49.916756,-51.91047,-49.269432,-48.19695,-48.978523,-52.198196,-52.198196,-52.198196,-52.198196,-52.198196,-52.198196,-42.2872,-39.96931,-44.997654,-49.714565,-51.307392,-52.198196,-52.198196,-52.198196,-44.140514,-35.44551,-35.549957,-39.942417,-44.701405,-48.715687,-52.198196,-52.198196,-52.198196,-51.56197,-52.142487,-52.198196,-52.042583,-50.95543,-45.777935,-44.087418,-44.30212,-43.139465,-43.06166,-43.881416,-42.008514,-39.42343,-40.53436,-41.556427,-34.99632,-33.42242,-36.245113,-37.51384,-41.434273,-44.440025,-43.89145,-44.611084,-44.03083,-47.225433,-52.198196,-52.198196,-52.198196,-50.906414,-49.336952,-45.811516,-40.94217,-43.121964,-48.227676,-51.407352,-51.38157,-52.198196,-52.198196,-52.198196,-43.36445,-34.610085,-35.496655,-41.225506,-45.692924,-48.5244,-51.384987,-52.198196,-52.198196,-52.198196,-52.198196,-52.198196,-52.198196,-52.198196,-52.198196,-52.198196,-52.198196,-52.198196,-52.198196,-52.198196,-52.198196,-52.198196,-52.198196,-52.198196,-52.198196,-34.35472,-29.602505,-33.069736,-40.10054,-46.14878,-47.91561,-50.454556,-52.198196,-52.198196,-52.198196,-52.198196,-52.198196,-52.198196,-52.198196,-52.198196,-52.198196,-52.198196,-43.430325,-41.21347,-45.974888,-43.284645,-43.783012,-47.019405,-47.886673,-46.278008,-35.29786,-32.05812,-37.26275,-42.80446,-45.614006,-49.516125,-52.198196,-52.198196,-52.198196,-52.198196,-52.198196,-52.198196,-52.198196,-50.72505,-49.346474,-49.77226,-52.198196,-51.694984,-50.950577,-52.198196,-52.198196,-52.198196,-52.198196,-51.384617,-35.084736,-31.538631,-35.076492,-40.066685,-43.99336,-48.627377,-51.656513,-52.198196,-52.198196,-52.198196,-52.198196,-52.198196,-52.198196,-52.198196,-52.198196,-52.198196,-45.569603,-41.103115,-45.51706,-51.519188,-52.198196,-52.198196,-52.198196,-52.198196,-48.659126,-35.815006,-34.629543,-39.347458,-42.410892,-47.154648,-52.198196,-52.198196,-52.198196,-52.198196,-52.198196,-52.198196,-52.198196,-52.198196,-52.198196,-52.198196,-40.76798,-38.09427,-40.80845,-39.92965,-37.55224,-31.922197,-27.800732,-26.179462,-21.193867,-18.806253,-18.446064,-18.384674,-18.214165,-18.08402,-18.651846,-19.656437,-21.138657,-22.770853,-23.677307,-23.522493,-22.876038,-22.834915,-23.023655,-22.794836,-22.587448,-22.681267,-22.509832,-22.669222,-23.348831,-23.745443,-24.342957,-25.249405,-25.469166,-26.549839,-28.393879,-31.266993,-35.48596,-38.02444,-39.532207,-40.483047,-40.63341,-40.999435,-41.31691,-42.54334,-42.803493,-41.732124,-42.05491,-42.08363,-41.499363,-41.556667,-40.487946,-39.936783,-39.352844,-38.58765,-39.113956,-40.169685,-40.71993,-39.612267,-37.671505,-33.416847,-33.330845,-35.330555,-37.066814,-39.788696,-39.575867,-41.46257,-49.573498,-50.634407,-48.191372,-47.59571,-44.72801,-43.921425,-50.35945,-52.198196,-44.48784,-38.78947,-41.90201,-47.501263,-50.309402,-52.198196,-52.198196,-48.70639,-38.444088,-32.630985,-36.361145,-43.44624,-46.073643,-48.97642,-52.198196,-52.198196,-52.198196,-51.857906,-52.198196,-52.198196,-52.198196,-52.198196,-52.198196,-51.595016,-51.955986,-52.198196,-52.198196,-52.198196,-52.198196,-52.198196,-52.198196,-52.198196,-49.954887,-34.397335,-30.66885,-34.70205,-42.08329,-43.569317,-44.629395
-34.060562,-39.985928,-52.198196,-52.198196,-52.198196,-52.198196,-52.198196,-52.198196,-52.198196,-52.198196,-52.198196,-50.333122,-41.478714,-43.20748,-49.276623,-49.63192,-47.7251,-47.075214,-48.00711,-42.823135,-34.91411,-32.769295,-27.097958,-19.2975,-16.156975,-16.456558,-17.192356,-17.22322,-18.317936,-25.47091,-43.738155,-45.630486,-44.187897,-35.66377,-23.58863,-20.13969,-21.143543,-22.319027,-24.41579,-30.448425,-45.211636,-48.435,-44.882473,-43.423683,-35.253433,-34.25889,-37.878212,-40.874554,-44.314312,-45.987762,-48.98736,-50.554432,-51.71054,-49.373573,-49.51998,-52.198196,-52.198196,-52.198196,-52.198196,-52.198196,-52.198196,-49.874023,-41.42301,-43.612213,-52.198196,-52.198196,-52.198196,-52.198196,-52.198196,-39.39967,-35.97721,-39.287785,-43.64262,-48.65084,-51.38207,-52.198196,-52.198196,-52.198196,-52.198196,-52.198196,-52.198196,-52.198196,-52.198196,-52.198196,-52.198196,-52.198196,-52.198196,-52.198196,-52.198196,-52.198196,-52.198196,-52.198196,-52.198196,-40.510788,-32.622322,-34.94379,-40.9391,-43.64967,-46.69666,-52.062572,-52.198196,-52.198196,-52.198196,-52.198196,-52.198196,-52.198196,-52.198196,-52.198196,-52.198196,-52.198196,-52.198196,-47.65955,-48.0794,-52.198196,-52.198196,-51.441414,-52.198196,-52.198196,-52.198196,-40.83056,-38.04986,-41.324783,-45.03981,-50.04151,-52.198196,-52.198196,-52.198196,-52.198196,-52.198196,-52.198196,-52.198196,-52.198196,-52.198196,-52.198196,-52.198196,-52.198196,-52.198196,-52.198196,-52.198196,-52.198196,-52.198196,-52.198196,-42.116066,-35.187523,-36.213924,-41.10215,-42.78087,-48.23581,-52.198196,-52.198196,-52.198196,-52.198196,-52.198196,-52.198196,-52.198196,-52.198196,-52.198196,-52.198196,-52.198196,-52.198196,-52.198196,-50.238243,-52.198196,-52.198196,-52.198196,-52.198196,-52.198196,-45.32618,-36.01016,-36.907047,-41.516533,-46.580395,-51.474567,-52.198196,-52.198196,-52.198196,-52.198196,-52.198196,-52.198196,-52.198196,-51.847553,-52.198196,-52.198196,-52.198196,-52.198196,-52.198196,-52.198196,-52.142845,-52.06366,-52.198196,-52.198196,-52.198196,-36.862644,-30.087414,-33.3099,-39.435436,-42.08008,-45.522976,-48.307556,-50.88768,-52.198196,-52.198196,-52.198196,-52.198196,-52.198196,-52.198196,-51.179893,-50.56848,-50.864388,-47.27209,-41.666847,-44.47443,-50.334816,-52.198196,-52.198196,-52.198196,-52.198196,-47.392685,-37.38736,-36.72174,-40.531067,-44.123783,-48.898438,-51.977047,-52.198196,-52.198196,-52.198196,-52.198196,-52.198196,-52.198196,-52.198196,-52.198196,-52.198196,-52.198196,-52.198196,-52.198196,-52.198196,-52.198196,-52.198196,-52.198196,-52.198196,-50.660606,-34.988003,-29.039316,-32.76275,-39.466324,-43.29921,-44.850143,-46.85202,-46.195072,-48.493694,-52.198196,-52.198196,-52.198196,-52.198196,-52.198196,-51.303604,-52.198196,-52.198196,-52.198196,-47.43064,-42.866684,-45.594673,-49.753456,-51.082973,-52.198196,-52.198196,-52.198196,-41.778885,-35.635384,-37.68698,-42.574562,-47.524117,-52.041428,-52.198196,-52.198196,-52.198196,-52.198196,-52.198196,-52.198196,-52.198196,-52.198196,-52.198196,-51.562363,-51.10797,-52.198196,-52.198196,-52.198196,-52.198196,-52.198196,-52.198196,-51.968998,-42.408844,-34.085182,-35.095657,-42.200733,-44.764503,-47.86766,-52.198196,-52.198196,-52.198196,-52.198196,-52.198196,-52.198196,-52.198196,-52.198196,-52.198196,-52.198196,-52.198196,-49.397182,-40.77114,-42.549408,-49.029373,-52.198196,-52.198196,-52.198196,-50.80385,-44.481815,-36.14682,-32.620625,-34.890022,-37.29883,-41.454563,-47.19642,-44.40401,-41.34369,-40.626244,-39.91354,-40.149734,-44.379143,-48.83411,-39.430233,-32.841858,-30.742157,-32.53089,-41.035187,-46.583103,-39.449486,-25.235357,-21.796654,-24.176138,-26.717806,-26.046406,-31.37972,-33.08609,-35.27533,-40.905228,-41.943974,-44.198692,-43.455856,-43.074055,-42.107376,-45.36753,-47.003136,-43.229614,-42.47119,-43.0654,-45.14095,-52.198196,-46.152378,-39.979164,-41.333633,-45.282104,-47.203236,-48.14526,-47.95342,-48.318497,-45.45818,-37.882313,-33.183502,-35.62298,-41.957924,-45.616688,-49.564537,-50.9755,-51.64047,-52.198196,-52.0996,-52.174843,-51.377586,-50.13591,-48.097797,-46.455444,-47.491547,-48.18126,-48.075363,-48.309685,-49.665443,-49.490715,-48.698067,-48.90257,-50.035088,-40.94471,-33.269344,-34.562332,-40.33178,-45.110428,-48.177685,-50.31546,-51.108223,-49.079556,-49.45202,-51.236526,-52.198196,-52.198196,-52.198196,-52.198196,-52.198196,-52.198196,-49.58628,-47.71255,-50.573597,-51.116516,-51.879105,-52.198196,-52.198196,-52.198196,-40.79312,-37.06634,-40.333992,-43.85529,-46.80868,-50.53351,-52.198196,-52.198196,-52.198196,-52.198196,-52.198196,-52.198196,-52.198196,-52.198196,-52.198196,-52.198196,-52.198196,-52.198196,-52.198196,-52.198196,-52.198196,-52.198196,-52.198196,-52.198196,-52.198196,-38.326195,-31.951502,-33.530834,-39.7813,-43.865677,-45.633625,-50.521515,-51.83432,-52.198196,-52.198196,-52.198196,-52.198196,-52.198196,-52.198196,-52.198196,-52.198196,-52.198196,-46.443504,-45.251446,-49.82914,-52.198196,-52.198196,-52.198196,-52.198196,-49.300056,-39.089233,-37.59315,-41.616196,-47.494854,-49.325375,-51.6704,-52.198196,-52.198196,-52.198196,-52.198196,-52.198196,-52.198196,-52.00523,-51.138443,-52.198196,-52.198196,-52.198196,-52.198196,-51.374138,-50.155445,-51.28962,-52.198196,-52.198196,-52.198196,-37.06326,-31.62712,-34.901665,-40.398163,-43.55629,-46.150265,-50.216965,-52.198196,-52.198196,-52.198196,-52.198196,-52.198196,-52.198196,-52.198196,-52.198196,-52.198196,-52.198196,-48.65225,-40.007095,-40.846344,-44.53405,-46.865532,-51.11809,-52.198196,-52.198196,-38.271683,-32.08978,-35.27196,-40.211372,-43.58365,-48.375916,-49.60343,-51.584244,-50.10509,-50.769318,-51.171707,-50.651737,-51.423225,-52.198196,-52.198196,-47.0916,-47.67679,-48.139767,-50.109463,-50.705105,-51.003338,-46.632286,-45.516132,-46.99568,-47.74328,-33.96276,-30.618069,-35.078186,-39.346134,-43.424664,-47.94443,-51.287266,-52.198196,-52.198196,-52.198196,-52.198196,-51.927612,-50.83213,-52.198196,-50.932045,-49.344448,-51.471592,-48.14392,-40.594223,-42.43374,-48.471817,-50.579468,-52.198196,-52.198196,-52.198196,-36.885075,-29.32977,-30.741661,-36.558342,-44.032555,-47.599186,-49.7793,-51.533577,-52.198196,-52.198196,-52.198196,-52.198196,-52.198196,-52.198196,-52.198196,-52.198196,-52.198196,-52.198196,-52.198196,-52.198196,-52.198196,-52.198196,-52.198196,-52.198196,-52.198196,-44.4336,-33.494743,-32.92584,-38.353386,-43.53983,-46.884342,-50.988663,-52.198196,-52.198196,-52.198196,-52.198196,-52.198196,-52.198196,-52.198196,-52.198196,-52.198196,-52.198196,-52.198196,-43.873116,-42.34828,-48.350883,-52.198196,-52.198196,-52.198196,-52.198196,-52.198196,-44.344448,-35.357677,-36.641014,-42.757126,-47.805103,-49.03339,-52.198196,-52.198196,-52.198196,-52.198196,-52.198196,-52.198196,-52.198196,-52.198196,-52.198196,-52.198196,-52.198196,-52.198196,-52.198196,-52.198196,-52.198196,-52.198196,-52.15088,-51.65008,-52.198196,-40.97547,-32.63307,-34.089348,-39.598705,-47.31668,-49.42101,-51.87873,-52.198196,-52.198196,-52.198196,-52.198196,-52.198196,-52.198196,-52.198196,-52.198196,-52.198196,-52.198196,-52.198196,-47.37652,-47.98889,-50.311718,-52.033913,-52.198196,-52.198196,-50.65467,-47.139687,-32.763172,-30.397558,-35.778458,-40.83429,-46.144722,-52.198196,-52.198196,-52.198196,-52.198196,-52.198196,-52.198196,-52.198196,-52.198196,-52.198196,-52.198196,-52.198196,-52.198196,-52.198196,-52.198196,-52.198196,-52.198196,-52.198196,-52.198196,-52.198196,-40.804688,-31.565907,-32.476772,-38.95759,-43.470566,-46.830673,-47.33169,-44.301914,-41.812546,-43.910255,-43.935146,-42.333317,-40.735847,-41.927532,-48.896793,-52.198196,-52.198196,-52.198196,-30.234882,-20.792576,-18.552887,-19.256416,-20.90087,-23.06915,-25.417667,-29.057358,-33.13213,-32.75232,-31.85709,-34.890434,-39.19879,-40.725815,-41.794556,-31.352365,-28.626873,-29.919552,-34.907284,-48.97631,-50.982635,-50.048775,-50.25718,-49.6008,-47.5142,-46.56391,-49.603867,-52.198196,-52.198196,-52.198196,-52.198196,-52.198196,-52.198196,-50.119377,-35.247665,-31.204182,-34.632572,-42.622303,-46.298443,-49.27239,-52.198196,-52.198196,-52.198196,-52.198196,-52.198196,-52.198196,-52.198196,-52.198196,-52.198196,-52.198196,-52.198196,-46.222233,-42.914574,-47.679752,-51.988636,-52.198196,-52.198196,-52.198196,-52.198196,-40.310863,-36.589005,-39.809093,-44.163284,-49.403378,-52.14836,-52.198196,-52.198196,-52.198196,-52.198196,-52.198196,-52.198196,-52.198196,-52.198196,-52.198196,-52.198196,-52.198196,-52.198196,-52.198196,-52.198196,-52.075615,-49.293247,-47.702866,-47.388187,-37.021126,-32.597557,-34.534843,-39.492954,-45.873493,-48.756584,-48.998817,-52.198196,-52.198196,-51.96676,-52.198196,-52.198196,-52.198196,-49.725456,-50.42755,-52.198196,-50.76081,-46.959095,-49.079758,-52.198196,-52.03504,-52.198196,-52.198196,-52.198196,-51.2444,-41.117817,-39.48276,-43.836155,-47.38822,-50.778282,-52.198196,-52.198196,-52.198196,-52.198196,-52.198196,-52.198196,-52.198196,-52.198196,-52.198196,-52.198196,-52.198196,-52.198196,-52.198196,-52.198196,-52.198196,-52.198196,-52.198196,-52.198196,-52.198196,-38.66854,-32.86125,-34.27289,-40.56106,-45.150383,-48.908134,-51.59736,-52.198196,-52.198196,-52.198196,-52.198196,-52.198196,-52.198196,-52.198196,-52.198196,-52.198196,-52.198196,-52.198196,-52.198196,-48.998665,-47.317635,-52.198196,-52.198196,-52.198196,-52.198196,-52.198196,-52.198196,-38.42862,-33.80887,-37.063293,-42.779755,-48.21553,-51.07079,-52.198196,-52.198196,-52.198196,-52.198196,-52.198196,-52.198196,-52.198196,-52.198196,-52.198196,-52.198196,-52.198196,-52.198196,-52.198196,-52.198196,-52.198196,-52.198196,-52.198196,-52.198196,-47.82554,-36.324898,-35.634396,-40.482677,-44.326244,-49.330055,-52.198196,-52.198196,-52.198196,-52.198196,-52.198196,-52.198196,-52.198196,-52.198196,-52.198196,-52.198196,-52.198196,-52.198196,-46.611156,-43.948864,-47.469727,-47.903664,-48.824562,-49.42619,-52.198196,-51.312782,-37.3236,-34.673275,-38.472664,-43.50257,-47.378914,-50.747475,-52.198196,-52.198196,-52.198196,-51.922283,-51.823242,-52.198196,-52.198196,-52.198196,-52.198196,-52.198196,-52.198196,-52.198196,-52.198196,-51.28082,-51.791767,-52.198196,-52.198196,-52.198196,-52.198196,-39.220234,-33.73639,-36.46428,-42.58061,-47.318794,-50.889545,-52.198196,-52.198196,-52.198196,-52.198196,-52.198196,-52.198196,-52.198196,-52.198196,-52.198196,-52.198196,-52.198196,-52.198196,-52.198196,-48.66266,-50.16447,-52.198196,-52.198196,-52.198196,-52.198196,-36.322186,-31.816212,-36.285442,-42.632614,-47.43641,-52.198196,-52.198196,-52.198196,-52.198196,-52.198196,-52.198196,-52.198196,-52.198196,-52.198196,-52.198196,-52.198196,-52.198196,-52.198196,-52.198196,-52.198196,-50.984097,-50.461617,-52.198196,-47.801956,-36.796795,-34.90401,-38.12743,-42.002163,-46.97788,-51.696457,-52.198196,-52.198196,-52.198196,-52.198196,-52.198196,-52.198196,-52.198196,-52.198196,-52.198196,-52.198196,-46.477394,-43.585518,-47.241554,-52.198196,-52.198196,-52.198196,-52.198196,-52.198196,-45.142097,-36.7447,-37.290756,-41.43095,-47.199154,-51.774544,-52.198196,-52.198196,-52.198196,-52.198196,-52.198196,-52.198196,-52.198196,-52.198196,-49.85742,-48.38078,-46.72875,-46.935318,-45.91835,-47.51568,-46.92513,-42.778908,-43.331375,-43.58519,-36.597717,-34.698803,-38.412544,-41.24,-44.74803,-44.621414,-43.603016,-46.272335,-46.16489,-48.865894,-52.198196,-52.198196,-52.198196,-50.934788,-50.07128,-46.750496,-44.22382,-45.948822,-51.10034,-52.198196,-52.198196,-52.198196,-52.198196,-52.198196,-42.91381,-34.75888,-37.06898,-44.43994,-49.105244,-51.387688,-52.198196,-52.198196,-52.198196,-52.198196,-52.198196,-52.198196,-52.198196,-52.198196,-52.198196,-52.198196,-52.198196,-52.198196,-52.198196,-52.198196,-52.198196,-52.198196,-52.198196,-52.198196,-52.198196,-36.423134,-31.549423,-36.164295,-43.643723,-47.271572,-49.928963,-50.663193,-52.198196,-52.198196,-52.198196,-52.198196,-52.198196,-52.198196,-52.198196,-52.198196,-52.198196,-52.198196,-46.37255,-43.456722,-47.07794,-47.311142,-47.826607,-49.893936,-51.074562,-50.962635,-36.913074,-33.26316,-37.502773,-42.267563,-47.025127,-50.89028,-52.198196,-52.198196,-52.198196,-52.198196,-52.198196,-52.198196,-52.198196,-52.198196,-52.198196,-52.198196,-52.198196,-52.198196,-52.198196,-52.198196,-52.198196,-52.198196,-52.198196,-52.198196,-36.284546,-33.610508,-38.251102,-43.015816,-48.731518,-52.198196,-52.198196,-52.198196,-51.977726,-52.198196,-52.198196,-52.198196,-52.198196,-52.198196,-52.198196,-52.198196,-49.164757,-43.79839,-46.233833,-51.810017,-52.198196,-52.198196,-52.198196,-52.198196,-52.198196,-38.58475,-34.892548,-39.600185,-44.820282,-49.266113,-52.198196,-52.198196,-52.198196,-52.198196,-52.198196,-52.198196,-52.198196,-52.198196,-52.198196,-52.198196,-41.61322,-39.573425,-41.39527,-40.549454,-38.964485,-30.474022,-25.674198,-24.657642,-21.779816,-21.506977,-23.350262,-24.764732,-23.995903,-23.13995,-22.47226,-21.269835,-20.604641,-20.2089,-20.16861,-20.55299,-20.241745,-20.363253,-20.62405,-20.060314,-20.088352,-20.558182,-20.333014,-20.161924,-19.947866,-20.193058,-21.140701,-22.32455,-22.81916,-24.321993,-26.397202,-29.418734,-34.530495,-36.672123,-38.42158,-41.500824,-42.759254,-42.51703,-41.064766,-42.728386,-43.99697,-42.882317,-42.701664,-43.331867,-43.153954,-44.833073,-44.43115,-44.203957,-42.815666,-41.5531,-42.20751,-44.859653,-44.975945,-43.485046,-40.78423,-35.095135,-35.194286,-38.761414,-42.399544,-44.429127,-43.907566,-46.147312,-52.198196,-52.198196,-51.19124,-48.92204,-46.473633,-48.09093,-52.198196,-52.198196,-49.875687,-46.311108,-48.967075,-51.976593,-52.198196,-52.198196,-52.198196,-52.198196,-40.18044,-33.69314,-36.717804,-44.023293,-48.488815,-52.198196,-52.198196,-52.198196,-52.198196,-52.198196,-52.198196,-52.198196,-52.198196,-52.198196,-52.198196,-52.198196,-51.692413,-52.198196,-52.198196,-52.198196,-52.198196,-52.198196,-52.198196,-52.198196,-48.79475,-33.508972,-31.452656,-37.351467,-43.225246,-45.024292,-44.85633
-33.725487,-39.705494,-52.198196,-52.198196,-52.198196,-52.198196,-52.198196,-52.198196,-52.198196,-52.198196,-52.198196,-52.198196,-47.27447,-47.43403,-51.053333,-49.236835,-47.73781,-48.801266,-51.23536,-46.931885,-36.559666,-30.513592,-27.947195,-25.968563,-23.556656,-21.365173,-20.469353,-20.879583,-23.55064,-31.797382,-49.258865,-49.69287,-47.893642,-41.677666,-32.72924,-26.90786,-24.977903,-26.263168,-29.585373,-35.631668,-49.350853,-51.400486,-49.06296,-47.596176,-39.34144,-37.03334,-39.643322,-44.683357,-47.153175,-48.313427,-50.453526,-52.198196,-52.198196,-51.06006,-51.14984,-52.198196,-52.198196,-52.198196,-52.198196,-52.198196,-52.198196,-52.198196,-47.016113,-48.32449,-52.198196,-52.198196,-52.198196,-52.198196,-52.198196,-42.44184,-39.4352,-42.63102,-45.10979,-49.150715,-52.198196,-52.198196,-52.198196,-52.198196,-52.198196,-52.198196,-52.198196,-52.198196,-52.198196,-52.198196,-52.198196,-52.198196,-52.198196,-52.198196,-52.198196,-52.198196,-52.198196,-52.198196,-52.198196,-41.750698,-34.20874,-36.742493,-43.01991,-48.439465,-51.77098,-52.198196,-52.198196,-52.198196,-52.198196,-52.198196,-52.198196,-52.198196,-52.198196,-52.198196,-52.198196,-52.198196,-52.198196,-46.919685,-48.551094,-52.198196,-52.198196,-52.198196,-52.198196,-52.198196,-52.198196,-41.724514,-39.032085,-44.010887,-48.07012,-52.198196,-52.198196,-52.198196,-52.198196,-52.198196,-52.198196,-52.198196,-52.198196,-52.198196,-52.198196,-52.198196,-52.198196,-52.198196,-52.198196,-52.198196,-52.198196,-52.198196,-52.198196,-52.198196,-45.695015,-38.64494,-37.976368,-42.16785,-48.597412,-52.198196,-52.198196,-52.198196,-52.198196,-52.198196,-52.198196,-52.198196,-52.198196,-52.198196,-52.198196,-52.198196,-52.198196,-52.198196,-52.198196,-50.516556,-52.198196,-52.198196,-52.198196,-52.198196,-52.198196,-46.44459,-35.843216,-37.046646,-44.268463,-48.688354,-52.198196,-52.198196,-52.198196,-52.198196,-52.198196,-52.198196,-52.198196,-52.198196,-52.198196,-52.198196,-52.198196,-52.198196,-52.198196,-52.198196,-52.198196,-52.198196,-52.198196,-52.198196,-52.198196,-52.198196,-38.589565,-31.15842,-34.8138,-43.523926,-46.57486,-49.060955,-52.167892,-52.198196,-52.198196,-52.198196,-52.198196,-52.198196,-52.198196,-52.198196,-52.198196,-52.198196,-52.198196,-50.424202,-44.075832,-46.48478,-52.198196,-52.198196,-52.198196,-52.198196,-52.198196,-47.157326,-36.02327,-35.966255,-42.630623,-48.96288,-52.198196,-52.198196,-52.198196,-52.198196,-52.198196,-52.198196,-52.198196,-52.198196,-52.198196,-52.198196,-52.198196,-52.198196,-52.198196,-52.198196,-52.198196,-52.198196,-52.198196,-52.198196,-52.198196,-52.198196,-37.22641,-30.254011,-33.15064,-40.414864,-45.91042,-48.323105,-51.446815,-52.198196,-52.198196,-52.198196,-52.198196,-52.198196,-52.198196,-52.198196,-52.198196,-52.198196,-52.198196,-52.198196,-46.445244,-44.59607,-49.85912,-52.171623,-52.198196,-52.198196,-52.198196,-52.198196,-37.72334,-35.045235,-39.357937,-46.077065,-51.09366,-52.198196,-52.198196,-52.198196,-52.198196,-52.198196,-52.198196,-52.198196,-52.198196,-52.198196,-52.198196,-52.198196,-52.178864,-52.198196,-52.198196,-52.198196,-52.198196,-52.198196,-52.198196,-52.198196,-43.864258,-36.73672,-37.96488,-43.718628,-49.318985,-52.198196,-52.198196,-52.198196,-52.198196,-52.198196,-52.198196,-52.198196,-52.198196,-52.198196,-52.198196,-52.198196,-52.198196,-52.198196,-51.339935,-50.016117,-52.198196,-52.198196,-52.198196,-52.198196,-52.198196,-48.668655,-38.287876,-33.353905,-36.8043,-41.860508,-46.30195,-50.417747,-51.57499,-47.348656,-43.125607,-43.063606,-43.258568,-47.133545,-51.19587,-39.561928,-35.012238,-35.56225,-37.949863,-45.27918,-52.198196,-43.930664,-31.912632,-25.536201,-23.178913,-23.691364,-26.089743,-34.21732,-36.428482,-38.60948,-43.136425,-45.45028,-47.67284,-47.466446,-46.853428,-44.7372,-48.153606,-52.198196,-51.922775,-51.009666,-52.198196,-52.198196,-52.198196,-52.198196,-47.372124,-48.130436,-51.942577,-52.198196,-52.198196,-52.198196,-52.198196,-51.844116,-40.23445,-34.4211,-36.691452,-44.592743,-49.21372,-52.198196,-52.198196,-52.198196,-52.198196,-52.198196,-52.198196,-51.760376,-50.616493,-49.49667,-48.948624,-49.526413,-50.775215,-51.05698,-50.342133,-50.045288,-51.893883,-52.198196,-52.01565,-52.19252,-38.26059,-33.1634,-37.02122,-43.701393,-48.01448,-48.96345,-50.363598,-49.490562,-50.3034,-52.198196,-52.198196,-52.198196,-52.198196,-52.198196,-52.198196,-52.198196,-52.198196,-52.198196,-50.136143,-50.566017,-49.044983,-49.385796,-50.552795,-52.198196,-52.198196,-42.768406,-39.6426,-44.22051,-47.35238,-48.611217,-51.19638,-52.198196,-52.198196,-52.198196,-52.198196,-52.198196,-52.198196,-52.198196,-52.198196,-52.198196,-52.198196,-52.198196,-52.198196,-52.198196,-52.198196,-52.198196,-52.198196,-52.198196,-52.198196,-52.198196,-38.611027,-32.521896,-34.90196,-42.378918,-46.60963,-49.366146,-52.198196,-52.198196,-52.198196,-52.198196,-52.198196,-52.198196,-52.198196,-52.198196,-52.198196,-52.198196,-52.198196,-49.029156,-49.078487,-52.198196,-52.198196,-52.198196,-52.198196,-52.198196,-48.66902,-39.397133,-39.59931,-44.16588,-48.892483,-52.198196,-52.198196,-52.198196,-52.198196,-52.198196,-52.198196,-52.198196,-52.198196,-52.198196,-52.198196,-52.198196,-52.198196,-52.198196,-52.198196,-52.198196,-52.198196,-52.198196,-52.198196,-52.198196,-52.198196,-38.96539,-32.324512,-34.19254,-41.763588,-46.12726,-50.25644,-52.198196,-52.198196,-52.198196,-52.198196,-52.198196,-52.198196,-52.198196,-52.198196,-52.198196,-52.198196,-52.198196,-52.161556,-42.391266,-40.55311,-42.41517,-47.78199,-50.259155,-51.04145,-52.198196,-43.643185,-37.40131,-39.336605,-41.950882,-45.72819,-52.09545,-52.198196,-52.198196,-51.801643,-52.198196,-52.198196,-52.198196,-52.198196,-52.198196,-52.198196,-52.198196,-51.361916,-52.198196,-51.872574,-52.093987,-52.198196,-52.198196,-52.198196,-52.198196,-49.94459,-37.047047,-34.30297,-36.965847,-42.07802,-47.425224,-50.451275,-52.198196,-52.198196,-52.198196,-52.198196,-52.198196,-52.198196,-52.198196,-52.198196,-52.198196,-52.198196,-52.198196,-47.92401,-40.681347,-43.206146,-50.513565,-52.198196,-52.198196,-52.198196,-52.198196,-39.52957,-32.507664,-34.444168,-39.206284,-43.592705,-51.16446,-52.198196,-52.198196,-52.198196,-52.198196,-52.198196,-52.198196,-52.198196,-52.198196,-52.198196,-52.198196,-52.198196,-52.198196,-52.198196,-52.198196,-52.198196,-52.198196,-52.198196,-52.198196,-52.198196,-43.003586,-33.332943,-34.833252,-41.128983,-47.461628,-51.260017,-52.198196,-52.198196,-52.198196,-52.198196,-52.198196,-52.198196,-52.198196,-52.198196,-52.198196,-52.198196,-52.198196,-52.198196,-48.449574,-47.400764,-52.198196,-52.198196,-52.198196,-52.198196,-52.198196,-52.198196,-46.30487,-36.734177,-37.77703,-44.604065,-49.411816,-50.555084,-52.198196,-52.198196,-52.198196,-52.198196,-52.198196,-52.198196,-52.198196,-52.198196,-52.198196,-52.198196,-52.198196,-52.198196,-52.198196,-52.198196,-52.198196,-52.198196,-50.933914,-51.855774,-52.198196,-42.814293,-35.05984,-36.950756,-42.787895,-49.230873,-52.198196,-52.198196,-52.198196,-52.198196,-52.198196,-52.198196,-52.198196,-52.198196,-52.198196,-52.198196,-52.198196,-52.198196,-52.198196,-49.87766,-49.557247,-51.564346,-52.198196,-52.198196,-52.198196,-50.732536,-49.649254,-36.322903,-32.493397,-37.28942,-44.92794,-51.203342,-52.198196,-52.198196,-52.198196,-52.198196,-52.198196,-52.198196,-52.198196,-52.198196,-52.198196,-52.198196,-52.198196,-52.198196,-52.198196,-52.198196,-52.198196,-52.198196,-52.198196,-52.198196,-52.198196,-42.128967,-34.079098,-35.64702,-43.22865,-46.68125,-51.997612,-52.198196,-50.067665,-49.2809,-48.485695,-44.269825,-41.49908,-40.307228,-42.720367,-51.52619,-52.198196,-52.198196,-52.198196,-37.503815,-30.291681,-26.950457,-24.046707,-23.031294,-22.703362,-22.648924,-23.476177,-24.824013,-26.230194,-31.24402,-38.924896,-42.848763,-44.3608,-47.369556,-37.913177,-34.680267,-36.37095,-41.109814,-50.421276,-51.586845,-52.198196,-52.198196,-48.850296,-40.98026,-41.948322,-48.03152,-52.198196,-52.198196,-52.198196,-52.198196,-52.198196,-52.198196,-48.98484,-33.261047,-31.867544,-39.729042,-46.684372,-50.728134,-52.198196,-52.198196,-52.198196,-52.198196,-52.198196,-52.198196,-52.198196,-52.198196,-52.198196,-52.198196,-52.198196,-52.198196,-48.443356,-47.092472,-51.38259,-52.198196,-52.198196,-52.198196,-52.198196,-52.198196,-43.848938,-40.351406,-44.083138,-48.569893,-51.761852,-52.198196,-52.198196,-52.198196,-52.198196,-52.198196,-52.198196,-52.198196,-52.198196,-52.198196,-52.198196,-52.198196,-52.198196,-52.198196,-52.198196,-52.198196,-52.198196,-52.198196,-49.27908,-46.78917,-38.764786,-34.882378,-38.50458,-46.600815,-49.20065,-49.76193,-48.152016,-47.112087,-49.69772,-49.157707,-49.87356,-52.198196,-52.198196,-52.198196,-52.198196,-52.198196,-51.483685,-48.26111,-50.41294,-52.198196,-52.198196,-52.198196,-52.198196,-52.198196,-46.807,-38.08998,-39.465527,-45.199036,-47.783295,-50.79613,-52.198196,-52.198196,-52.198196,-52.198196,-52.198196,-52.198196,-52.198196,-52.198196,-52.198196,-52.198196,-52.198196,-52.198196,-52.198196,-52.198196,-52.198196,-52.198196,-52.198196,-52.198196,-52.198196,-37.121845,-32.797386,-37.242958,-45.243626,-48.848034,-51.058407,-52.198196,-52.198196,-52.198196,-52.198196,-52.198196,-52.198196,-52.198196,-52.198196,-52.198196,-52.198196,-52.198196,-52.198196,-52.198196,-51.970943,-49.32643,-52.198196,-52.198196,-52.198196,-52.198196,-52.198196,-52.198196,-45.4021,-39.746323,-41.292793,-46.84498,-50.518707,-52.198196,-52.198196,-52.198196,-52.198196,-52.198196,-52.198196,-52.198196,-52.198196,-52.198196,-52.198196,-52.198196,-52.198196,-52.198196,-52.198196,-52.198196,-52.198196,-52.198196,-52.198196,-52.198196,-43.283493,-32.99422,-34.224552,-41.457714,-46.269627,-51.84194,-52.198196,-52.198196,-52.198196,-52.198196,-52.198196,-52.198196,-52.198196,-52.198196,-52.198196,-52.198196,-52.198196,-52.198196,-52.198196,-51.264835,-52.198196,-52.198196,-52.198196,-52.198196,-52.198196,-52.198196,-36.67309,-34.90918,-40.762283,-45.68952,-51.022346,-52.198196,-51.926964,-52.198196,-52.198196,-52.198196,-52.198196,-52.198196,-52.198196,-52.198196,-52.198196,-52.198196,-52.198196,-52.198196,-52.198196,-52.198196,-52.198196,-52.198196,-52.198196,-52.198196,-47.65545,-33.011375,-31.954813,-38.874348,-44.73855,-50.052433,-52.198196,-52.198196,-52.198196,-52.198196,-52.198196,-52.198196,-52.198196,-52.198196,-52.198196,-52.198196,-52.198196,-52.198196,-52.198196,-52.198196,-50.58157,-52.198196,-52.198196,-52.198196,-52.198196,-52.198196,-40.642605,-34.88632,-38.161045,-44.813194,-51.11517,-52.198196,-52.198196,-52.198196,-52.198196,-52.198196,-52.198196,-52.198196,-52.198196,-52.198196,-52.198196,-52.198196,-52.198196,-52.198196,-52.198196,-52.198196,-52.198196,-52.150425,-52.198196,-42.584297,-30.878048,-31.622515,-39.85435,-45.135963,-50.008987,-52.198196,-52.198196,-52.198196,-52.198196,-52.198196,-52.198196,-52.198196,-52.198196,-52.198196,-52.198196,-52.198196,-47.95231,-45.259098,-49.747223,-52.198196,-52.198196,-52.198196,-52.198196,-52.198196,-47.294815,-38.964695,-39.89546,-44.777542,-51.288803,-52.198196,-52.198196,-52.198196,-52.198196,-52.198196,-52.198196,-52.198196,-52.198196,-52.198196,-52.08599,-52.066605,-52.198196,-50.890587,-49.747643,-50.58567,-49.49278,-47.239616,-48.112915,-43.805576,-34.26799,-34.89115,-41.145435,-44.81216,-49.542282,-49.101875,-48.403183,-49.058186,-47.465305,-51.713882,-52.198196,-52.198196,-52.198196,-52.198196,-52.198196,-51.092342,-48.00423,-49.32621,-52.198196,-52.198196,-52.198196,-52.198196,-52.198196,-52.198196,-47.224113,-36.84463,-36.989838,-45.030094,-51.542645,-52.198196,-52.198196,-52.198196,-52.198196,-52.198196,-52.198196,-52.198196,-52.198196,-52.198196,-52.198196,-52.198196,-52.198196,-52.198196,-52.198196,-52.198196,-52.198196,-52.198196,-52.198196,-52.198196,-52.198196,-39.59256,-35.952335,-39.864494,-46.670776,-50.049324,-51.443142,-52.198196,-52.198196,-52.198196,-52.198196,-52.198196,-52.198196,-52.198196,-52.198196,-52.198196,-52.198196,-52.198196,-48.83957,-44.951862,-49.02168,-49.479927,-49.34112,-51.645073,-52.198196,-52.198196,-39.52331,-35.027905,-39.517864,-45.36312,-48.99758,-52.198196,-52.198196,-52.198196,-52.198196,-52.198196,-52.198196,-52.198196,-52.198196,-52.198196,-52.198196,-52.198196,-52.198196,-52.198196,-52.198196,-52.198196,-52.198196,-52.198196,-52.198196,-48.70203,-32.877316,-31.632128,-39.11035,-45.11124,-51.40835,-52.198196,-52.198196,-52.198196,-52.198196,-52.198196,-52.198196,-52.198196,-52.198196,-52.198196,-52.198196,-52.198196,-51.051334,-45.619522,-47.635273,-52.198196,-52.198196,-52.198196,-52.198196,-52.198196,-52.198196,-39.26272,-36.17877,-40.368763,-46.071587,-50.487015,-52.198196,-52.198196,-52.198196,-52.198196,-52.198196,-52.198196,-52.198196,-52.198196,-52.198196,-52.198196,-44.25521,-43.150932,-45.807877,-45.760155,-44.23971,-34.174847,-29.227612,-29.579853,-27.014812,-24.49118,-24.379137,-24.008595,-22.911953,-22.115429,-21.811316,-22.107325,-22.850569,-24.075092,-26.018888,-28.11406,-28.80398,-29.498352,-29.911793,-29.01044,-29.114586,-29.247639,-29.488337,-29.635904,-29.413532,-29.005545,-29.508526,-30.00563,-30.57117,-31.609787,-32.36976,-36.04821,-41.13403,-44.006607,-45.098495,-47.58707,-49.971004,-50.667236,-50.280132,-51.456852,-51.04776,-51.44291,-51.608997,-50.867504,-50.078217,-50.62923,-49.34783,-48.858658,-47.441,-46.68547,-47.45418,-49.97229,-50.304626,-48.744698,-40.346283,-33.95599,-36.059196,-40.178535,-44.540314,-48.257412,-49.538612,-51.2473,-52.198196,-52.198196,-52.198196,-51.857513,-49.423058,-50.346825,-52.198196,-52.198196,-52.198196,-48.700005,-48.6883,-52.198196,-52.198196,-52.198196,-52.198196,-52.198196,-43.466156,-37.076805,-40.110397,-46.042458,-50.37745,-52.198196,-52.198196,-52.198196,-52.198196,-52.198196,-52.198196,-52.198196,-52.198196,-52.198196,-52.198196,-52.198196,-52.198196,-52.198196,-52.198196,-52.198196,-52.198196,-52.198196,-52.198196,-52.198196,-51.251797,-36.456104,-35.101524,-39.660595,-44.772984,-48.96782,-47.098766
-33.461487,-39.459297,-52.198196,-52.198196,-52.198196,-52.198196,-52.198196,-52.198196,-52.198196,-52.198196,-52.198196,-52.198196,-51.497227,-52.198196,-52.198196,-49.969997,-47.82926,-51.51294,-52.198196,-49.2192,-42.339634,-36.866955,-30.498716,-24.332273,-21.157703,-20.851864,-21.879295,-21.878773,-22.927261,-29.94197,-49.75513,-52.198196,-48.877415,-42.61318,-29.829384,-25.731058,-26.135942,-27.320358,-29.219551,-35.80918,-50.541832,-52.198196,-51.84825,-50.777107,-41.651516,-39.27778,-41.51632,-46.372543,-48.971653,-51.175426,-52.198196,-52.198196,-52.198196,-52.198196,-52.198196,-52.198196,-52.198196,-52.198196,-52.198196,-52.198196,-52.198196,-52.198196,-52.198196,-52.198196,-52.198196,-52.198196,-52.198196,-52.198196,-52.198196,-44.47896,-40.631523,-45.05581,-50.278084,-50.896706,-52.198196,-52.198196,-52.198196,-52.198196,-52.198196,-52.198196,-52.198196,-52.198196,-52.198196,-52.198196,-52.198196,-52.198196,-52.198196,-52.198196,-52.198196,-52.198196,-52.198196,-52.198196,-52.198196,-47.619778,-39.79358,-40.89623,-45.191605,-50.63565,-52.198196,-52.198196,-52.198196,-52.198196,-52.198196,-52.198196,-52.198196,-52.198196,-52.198196,-52.198196,-52.198196,-52.198196,-52.198196,-52.198196,-52.198196,-52.198196,-52.198196,-52.198196,-52.198196,-52.198196,-52.198196,-46.030865,-43.653664,-47.07405,-51.240143,-52.198196,-52.198196,-52.198196,-52.198196,-52.198196,-52.198196,-52.198196,-52.198196,-52.198196,-52.198196,-52.198196,-52.198196,-52.198196,-52.198196,-52.198196,-52.198196,-52.198196,-52.198196,-52.198196,-45.179558,-39.911,-43.82996,-50.172543,-52.198196,-52.198196,-52.198196,-52.198196,-52.198196,-52.198196,-52.198196,-52.198196,-52.198196,-52.198196,-52.198196,-52.198196,-52.198196,-52.198196,-52.198196,-52.198196,-52.198196,-52.198196,-52.198196,-52.198196,-52.198196,-52.198196,-43.310696,-43.70101,-48.190445,-52.198196,-52.198196,-52.198196,-52.198196,-52.198196,-52.198196,-52.198196,-52.198196,-52.198196,-52.198196,-52.198196,-52.198196,-52.198196,-52.198196,-52.198196,-52.198196,-52.198196,-52.198196,-52.198196,-52.198196,-52.198196,-47.381176,-39.930355,-40.958458,-44.45968,-50.13597,-52.198196,-52.198196,-52.198196,-52.198196,-52.198196,-52.198196,-52.198196,-52.198196,-52.198196,-52.198196,-52.198196,-52.198196,-52.198196,-51.524506,-52.198196,-52.198196,-52.198196,-52.198196,-52.198196,-52.198196,-51.0437,-42.17845,-42.908424,-48.025337,-51.688507,-52.198196,-52.198196,-52.198196,-52.198196,-52.198196,-52.198196,-52.198196,-52.198196,-52.198196,-52.198196,-52.198196,-52.198196,-52.198196,-52.198196,-52.198196,-52.198196,-52.198196,-52.198196,-52.198196,-52.198196,-45.03069,-38.476097,-40.07145,-44.857155,-51.775146,-52.198196,-52.198196,-52.198196,-52.198196,-52.198196,-52.198196,-52.198196,-52.198196,-52.198196,-52.198196,-52.198196,-52.198196,-52.198196,-49.613297,-48.381046,-52.198196,-52.198196,-52.198196,-52.198196,-52.198196,-52.198196,-40.970493,-39.694885,-45.742916,-51.529503,-52.198196,-52.198196,-52.198196,-52.198196,-52.198196,-52.198196,-52.198196,-52.198196,-52.198196,-52.198196,-52.198196,-52.198196,-52.198196,-52.198196,-52.198196,-52.198196,-52.198196,-52.198196,-52.198196,-52.198196,-43.468147,-38.153233,-41.345062,-46.60636,-51.885643,-52.198196,-52.198196,-52.198196,-52.198196,-52.198196,-52.198196,-52.198196,-52.198196,-52.198196,-52.198196,-52.198196,-52.198196,-52.198196,-50.65514,-50.914616,-52.198196,-52.198196,-52.198196,-52.198196,-52.198196,-52.198196,-44.75181,-40.833515,-43.275787,-46.94626,-50.841297,-52.198196,-52.198196,-52.198196,-52.198196,-52.019386,-52.11959,-52.198196,-52.198196,-45.39507,-38.56311,-35.399124,-36.193184,-43.620117,-52.198196,-46.233734,-32.136814,-27.850204,-29.3051,-31.61809,-30.720325,-35.971878,-39.637077,-42.85157,-49.085724,-52.198196,-52.198196,-52.198196,-52.13774,-49.248817,-52.198196,-52.198196,-52.198196,-52.198196,-52.198196,-52.198196,-52.198196,-52.198196,-52.198196,-52.198196,-52.198196,-52.198196,-52.198196,-52.198196,-52.198196,-52.198196,-42.00548,-37.803524,-41.43226,-50.052715,-52.198196,-52.198196,-52.198196,-52.198196,-52.198196,-52.198196,-52.198196,-52.198196,-52.195892,-51.13063,-51.50643,-52.198196,-52.198196,-52.198196,-52.198196,-52.198196,-52.198196,-52.198196,-52.198196,-52.198196,-40.774117,-36.91609,-42.245926,-48.519688,-52.198196,-52.198196,-52.198196,-52.198196,-52.198196,-52.198196,-52.198196,-52.198196,-52.198196,-52.198196,-52.198196,-52.198196,-52.198196,-52.198196,-52.198196,-52.198196,-52.198196,-52.198196,-52.198196,-52.198196,-52.198196,-48.67249,-44.538635,-47.047176,-50.934982,-52.198196,-52.198196,-52.198196,-52.198196,-52.198196,-52.198196,-52.198196,-52.198196,-52.198196,-52.198196,-52.198196,-52.198196,-52.198196,-52.198196,-52.198196,-52.198196,-52.198196,-52.198196,-52.198196,-52.198196,-52.198196,-41.25465,-36.325893,-39.672207,-47.17733,-52.113823,-52.198196,-52.198196,-52.198196,-52.198196,-52.198196,-52.198196,-52.198196,-52.198196,-52.198196,-52.198196,-52.198196,-52.198196,-50.09208,-50.540718,-52.198196,-52.198196,-52.198196,-52.198196,-52.198196,-51.950127,-42.796516,-42.395283,-47.72886,-52.198196,-52.198196,-52.198196,-52.198196,-52.198196,-52.198196,-52.198196,-52.198196,-52.198196,-52.198196,-52.198196,-52.198196,-52.198196,-52.198196,-52.198196,-52.198196,-52.198196,-52.198196,-52.198196,-52.198196,-52.198196,-44.48263,-38.20632,-39.597164,-44.418938,-50.68668,-52.198196,-52.198196,-52.198196,-52.198196,-52.198196,-52.198196,-52.198196,-52.198196,-52.198196,-52.198196,-52.198196,-52.198196,-52.198196,-45.041466,-38.581413,-39.60944,-46.95153,-50.07876,-48.885582,-51.280994,-48.384453,-42.451485,-42.164112,-44.687027,-50.94351,-52.198196,-52.198196,-52.198196,-52.198196,-52.198196,-52.198196,-52.198196,-52.198196,-52.198196,-52.198196,-52.198196,-52.198196,-52.198196,-52.198196,-52.198196,-52.198196,-52.198196,-52.198196,-52.198196,-52.198196,-37.632744,-35.410633,-42.254974,-48.943817,-52.198196,-52.198196,-52.198196,-52.198196,-52.198196,-52.198196,-52.198196,-52.198196,-52.198196,-52.198196,-52.198196,-52.198196,-52.198196,-52.198196,-49.31874,-50.18662,-52.198196,-52.198196,-52.198196,-52.198196,-52.198196,-42.426178,-36.03454,-38.62805,-44.861523,-48.627506,-52.198196,-52.198196,-52.198196,-52.198196,-52.198196,-52.198196,-52.198196,-52.198196,-52.198196,-52.198196,-52.198196,-52.198196,-52.198196,-52.198196,-52.198196,-52.198196,-52.198196,-52.198196,-52.198196,-52.198196,-48.30996,-37.461456,-37.711823,-43.72463,-50.278656,-52.198196,-52.198196,-52.198196,-52.198196,-52.198196,-52.198196,-52.198196,-52.198196,-52.198196,-52.198196,-52.198196,-52.198196,-52.198196,-50.265854,-50.52288,-52.198196,-52.198196,-52.198196,-52.198196,-52.198196,-52.198196,-52.198196,-42.08796,-41.93046,-48.68259,-52.198196,-52.198196,-52.198196,-52.198196,-52.198196,-52.198196,-52.198196,-52.198196,-52.198196,-52.198196,-52.198196,-52.198196,-52.198196,-52.198196,-52.198196,-52.198196,-52.198196,-52.198196,-52.198196,-52.198196,-52.198196,-46.619488,-39.23938,-41.307926,-49.05728,-52.198196,-52.198196,-52.198196,-52.198196,-52.198196,-52.198196,-52.198196,-52.198196,-52.198196,-52.198196,-52.198196,-52.198196,-52.198196,-52.198196,-51.116364,-52.198196,-52.198196,-52.198196,-52.198196,-52.198196,-52.198196,-52.198196,-43.865196,-40.553818,-44.34399,-49.907566,-52.198196,-52.198196,-52.198196,-52.198196,-52.198196,-52.198196,-52.198196,-52.198196,-52.198196,-52.198196,-52.198196,-52.198196,-52.198196,-52.198196,-52.198196,-52.198196,-52.198196,-52.198196,-52.198196,-52.198196,-43.614788,-36.721603,-38.544334,-45.261032,-50.90216,-52.198196,-52.198196,-52.198196,-52.198196,-52.198196,-51.120865,-52.198196,-52.198196,-51.803097,-52.198196,-52.198196,-52.198196,-52.198196,-37.401054,-27.798054,-24.819262,-25.221565,-27.01749,-29.338148,-31.726198,-35.279137,-39.825214,-39.82449,-39.59533,-42.67923,-48.694702,-50.195274,-49.5839,-38.27896,-35.352848,-36.53891,-41.548466,-52.198196,-52.198196,-52.198196,-52.198196,-49.169945,-41.147427,-42.467785,-49.295166,-52.198196,-52.198196,-52.198196,-52.198196,-52.198196,-52.198196,-52.198196,-37.971947,-36.314236,-42.520657,-47.99653,-52.139313,-52.198196,-52.198196,-52.198196,-52.198196,-52.198196,-52.198196,-52.198196,-52.198196,-52.198196,-52.198196,-52.198196,-52.198196,-51.32896,-49.88498,-52.198196,-52.198196,-52.198196,-52.198196,-52.198196,-52.198196,-42.294216,-40.8526,-46.570934,-50.86098,-52.198196,-52.198196,-52.198196,-52.198196,-52.198196,-52.198196,-52.198196,-52.198196,-52.198196,-52.198196,-52.198196,-52.198196,-52.198196,-52.198196,-52.198196,-52.198196,-52.198196,-52.198196,-52.198196,-52.198196,-42.484673,-39.30364,-42.973213,-47.65264,-52.198196,-52.198196,-52.198196,-52.198196,-52.198196,-52.198196,-52.198196,-52.198196,-52.198196,-52.198196,-52.198196,-52.198196,-52.198196,-48.768578,-51.82272,-52.198196,-52.198196,-52.198196,-52.198196,-52.198196,-50.387844,-42.11906,-44.043068,-48.89255,-52.198196,-52.198196,-52.198196,-52.198196,-52.198196,-52.198196,-52.198196,-52.198196,-52.198196,-52.198196,-52.198196,-52.198196,-52.198196,-52.198196,-52.198196,-52.198196,-52.198196,-52.198196,-52.198196,-52.198196,-52.198196,-42.012337,-38.021465,-43.247128,-48.699375,-52.198196,-52.198196,-52.198196,-52.198196,-52.198196,-52.198196,-52.198196,-52.198196,-52.198196,-52.198196,-52.198196,-52.198196,-52.198196,-52.198196,-52.198196,-52.198196,-52.198196,-52.198196,-52.198196,-52.198196,-52.198196,-52.198196,-52.198196,-46.06182,-40.13246,-42.197975,-48.161068,-52.198196,-52.198196,-52.198196,-52.198196,-52.198196,-52.198196,-52.198196,-52.198196,-52.198196,-52.198196,-52.198196,-52.198196,-52.198196,-52.198196,-52.198196,-52.198196,-52.198196,-52.198196,-52.198196,-52.198196,-43.814552,-33.689365,-34.715317,-43.50361,-50.27996,-52.198196,-52.198196,-52.198196,-52.198196,-52.198196,-52.198196,-52.198196,-52.198196,-52.198196,-52.198196,-52.198196,-52.198196,-52.198196,-52.198196,-52.198196,-52.198196,-52.198196,-52.198196,-52.198196,-52.198196,-52.198196,-40.374176,-38.444412,-44.74227,-50.07111,-52.198196,-52.198196,-52.198196,-52.198196,-52.198196,-52.198196,-52.198196,-52.198196,-52.198196,-52.198196,-52.198196,-52.198196,-52.198196,-52.198196,-52.198196,-52.198196,-52.198196,-52.198196,-52.198196,-52.198196,-50.544952,-36.905586,-36.000984,-42.155502,-47.011303,-50.858227,-52.198196,-52.198196,-52.198196,-52.198196,-52.198196,-52.198196,-52.198196,-52.198196,-52.198196,-52.198196,-52.198196,-52.198196,-52.198196,-52.198196,-52.198196,-52.198196,-52.198196,-52.198196,-52.198196,-52.198196,-45.38916,-39.810665,-41.75019,-47.69695,-52.198196,-52.198196,-52.198196,-52.198196,-52.198196,-52.198196,-52.198196,-52.198196,-52.198196,-52.198196,-52.198196,-52.198196,-52.198196,-52.198196,-52.198196,-52.198196,-52.198196,-52.198196,-52.198196,-47.213863,-35.98846,-36.74796,-44.431538,-50.667385,-52.198196,-52.198196,-52.198196,-52.198196,-52.198196,-52.198196,-52.198196,-52.198196,-52.198196,-52.198196,-52.198196,-52.198196,-49.294334,-46.64695,-52.198196,-52.198196,-52.198196,-52.198196,-52.198196,-52.198196,-51.922222,-43.419975,-43.65974,-49.611794,-52.198196,-52.198196,-52.198196,-52.198196,-52.198196,-52.198196,-52.198196,-52.198196,-52.198196,-52.198196,-52.198196,-52.198196,-52.198196,-52.198196,-52.198196,-52.198196,-51.902107,-50.627213,-51.138363,-46.564552,-37.039764,-37.757805,-45.068474,-47.98466,-51.058918,-52.198196,-52.198196,-52.198196,-52.198196,-52.198196,-52.198196,-52.198196,-52.198196,-52.198196,-52.198196,-52.198196,-49.33872,-51.02184,-52.198196,-52.198196,-52.198196,-52.198196,-52.198196,-52.198196,-50.493565,-42.0211,-42.63659,-47.719273,-52.198196,-52.198196,-52.198196,-52.198196,-52.198196,-52.198196,-52.198196,-52.198196,-52.198196,-52.198196,-52.198196,-52.198196,-52.198196,-52.198196,-52.198196,-52.198196,-52.198196,-52.198196,-52.198196,-52.198196,-52.198196,-41.70458,-38.593937,-42.067635,-46.00733,-50.755592,-52.198196,-52.198196,-52.198196,-52.198196,-52.198196,-52.198196,-52.198196,-52.198196,-52.198196,-52.198196,-52.198196,-52.198196,-49.205112,-45.4546,-51.356083,-52.198196,-52.198196,-52.198196,-52.198196,-52.198196,-45.49467,-40.81037,-44.626865,-50.491127,-52.198196,-52.198196,-52.198196,-52.198196,-52.198196,-52.198196,-52.198196,-52.198196,-52.198196,-52.198196,-52.198196,-52.198196,-52.198196,-52.198196,-52.198196,-52.198196,-52.198196,-52.198196,-52.198196,-52.198196,-36.726143,-35.253227,-42.57116,-48.64131,-52.198196,-52.198196,-52.198196,-52.198196,-52.198196,-52.198196,-52.198196,-52.198196,-52.198196,-52.198196,-52.198196,-52.198196,-52.198196,-47.25686,-50.403687,-52.198196,-52.198196,-52.198196,-52.198196,-52.198196,-52.198196,-43.275776,-41.234035,-45.308296,-49.92611,-52.198196,-52.198196,-52.198196,-52.198196,-52.198196,-52.198196,-52.198196,-52.198196,-52.198196,-52.198196,-52.198196,-52.198196,-52.198196,-52.198196,-52.198196,-49.751198,-38.326736,-33.29992,-31.835852,-27.509346,-26.421047,-27.327656,-28.849373,-30.114262,-30.170341,-30.471596,-29.113138,-27.693981,-27.140572,-27.330244,-28.034126,-28.060629,-28.334532,-28.524345,-27.832682,-27.946531,-28.333971,-28.044083,-27.875332,-27.901009,-27.895977,-28.463259,-29.11705,-29.533665,-30.624508,-33.422146,-37.618107,-41.614986,-44.59173,-47.37874,-51.27234,-52.198196,-52.198196,-50.75791,-52.198196,-52.198196,-52.198196,-52.198196,-52.198196,-52.198196,-52.198196,-52.198196,-52.198196,-50.354202,-50.573994,-52.0362,-52.198196,-52.198196,-52.198196,-45.27916,-38.058002,-39.686893,-45.979973,-50.578934,-52.198196,-52.198196,-52.198196,-52.198196,-52.198196,-52.198196,-52.198196,-52.198196,-52.198196,-52.198196,-52.198196,-52.198196,-52.198196,-52.198196,-52.198196,-52.198196,-52.198196,-52.198196,-52.198196,-50.648094,-44.01033,-46.634422,-51.176178,-52.198196,-52.198196,-52.198196,-52.198196,-52.198196,-52.198196,-52.198196,-52.198196,-52.198196,-52.198196,-52.198196,-52.198196,-52.198196,-52.198196,-52.198196,-52.198196,-52.198196,-52.198196,-52.198196,-52.198196,-52.198196,-39.58067,-37.327896,-37.02616,-40.064243,-44.02752,-44.266552
-33.55198,-39.563766,-52.198196,-52.198196,-52.198196,-52.198196,-52.198196,-52.198196,-52.198196,-52.198196,-52.198196,-52.198196,-52.198196,-52.198196,-52.198196,-51.927647,-48.904198,-52.198196,-52.198196,-51.53069,-43.33944,-37.259933,-35.154167,-34.251625,-33.196835,-30.464958,-29.054005,-29.612957,-33.356827,-41.858795,-52.198196,-52.198196,-52.198196,-51.94252,-41.742096,-36.466785,-33.952312,-35.537838,-39.63645,-46.47307,-52.198196,-52.198196,-52.198196,-52.198196,-44.88748,-43.855347,-46.98338,-51.829147,-52.198196,-52.198196,-52.198196,-52.198196,-52.198196,-52.198196,-52.198196,-52.198196,-52.198196,-52.198196,-52.198196,-52.198196,-52.198196,-52.198196,-52.198196,-52.198196,-52.198196,-52.198196,-52.198196,-52.198196,-52.198196,-46.2488,-42.956696,-48.076214,-52.198196,-52.198196,-52.198196,-52.198196,-52.198196,-52.198196,-52.198196,-52.198196,-52.198196,-52.198196,-52.198196,-52.198196,-52.198196,-52.198196,-52.198196,-52.198196,-52.198196,-52.198196,-52.198196,-52.198196,-52.198196,-49.417915,-40.826683,-42.760086,-51.095867,-52.198196,-52.198196,-52.198196,-52.198196,-52.198196,-52.198196,-52.198196,-52.198196,-52.198196,-52.198196,-52.198196,-52.198196,-52.198196,-52.198196,-52.198196,-52.198196,-52.198196,-52.198196,-52.198196,-52.198196,-52.198196,-52.198196,-48.26111,-47.26377,-52.198196,-52.198196,-52.198196,-52.198196,-52.198196,-52.198196,-52.198196,-52.198196,-52.198196,-52.198196,-52.198196,-52.198196,-52.198196,-52.198196,-52.198196,-52.198196,-52.198196,-52.198196,-52.198196,-52.198196,-52.198196,-47.6697,-42.327927,-46.236122,-52.198196,-52.198196,-52.198196,-52.198196,-52.198196,-52.198196,-52.198196,-52.198196,-52.198196,-52.198196,-52.198196,-52.198196,-52.198196,-52.198196,-52.198196,-52.198196,-52.198196,-52.198196,-52.198196,-52.198196,-52.198196,-52.198196,-52.198196,-48.67466,-48.332943,-52.198196,-52.198196,-52.198196,-52.198196,-52.198196,-52.198196,-52.198196,-52.198196,-52.198196,-52.198196,-52.198196,-52.198196,-52.198196,-52.198196,-52.198196,-52.198196,-52.198196,-52.198196,-52.198196,-52.198196,-52.198196,-52.198196,-51.17872,-43.444344,-44.281075,-49.894196,-52.198196,-52.198196,-52.198196,-52.198196,-52.198196,-52.198196,-52.198196,-52.198196,-52.198196,-52.198196,-52.198196,-52.198196,-52.198196,-52.198196,-52.198196,-52.198196,-52.198196,-52.198196,-52.198196,-52.198196,-52.198196,-52.198196,-46.99268,-48.48721,-52.198196,-52.198196,-52.198196,-52.198196,-52.198196,-52.198196,-52.198196,-52.198196,-52.198196,-52.198196,-52.198196,-52.198196,-52.198196,-52.198196,-52.198196,-52.198196,-52.198196,-52.198196,-52.198196,-52.198196,-52.198196,-52.198196,-49.422245,-42.570652,-44.332115,-50.929585,-52.198196,-52.198196,-52.198196,-52.198196,-52.198196,-52.198196,-52.198196,-52.198196,-52.198196,-52.198196,-52.198196,-52.198196,-52.198196,-52.198196,-52.198196,-51.84246,-52.198196,-52.198196,-52.198196,-52.198196,-52.198196,-52.198196,-45.88167,-45.513245,-51.049057,-52.198196,-52.198196,-52.198196,-52.198196,-52.198196,-52.198196,-52.198196,-52.198196,-52.198196,-52.198196,-52.198196,-52.198196,-52.198196,-52.198196,-52.198196,-52.198196,-52.198196,-52.198196,-52.198196,-52.198196,-52.198196,-46.355953,-41.241425,-45.476566,-52.198196,-52.198196,-52.198196,-52.198196,-52.198196,-52.198196,-52.198196,-52.198196,-52.198196,-52.198196,-52.198196,-52.198196,-52.198196,-52.198196,-52.198196,-52.198196,-52.198196,-52.198196,-52.198196,-52.198196,-52.198196,-52.198196,-52.198196,-49.766117,-45.76206,-50.06519,-52.198196,-52.198196,-52.198196,-52.198196,-52.198196,-52.198196,-52.198196,-52.198196,-52.198196,-52.198196,-49.43979,-43.39691,-42.774017,-45.234604,-52.198196,-52.198196,-52.198196,-40.613106,-34.277454,-31.46081,-31.830694,-34.27594,-42.07192,-43.317646,-45.32623,-51.679993,-52.198196,-52.198196,-52.198196,-52.198196,-52.198196,-52.198196,-52.198196,-52.198196,-52.198196,-52.198196,-52.198196,-52.198196,-52.198196,-52.198196,-52.198196,-52.198196,-52.198196,-52.198196,-52.198196,-52.198196,-52.198196,-46.755486,-44.35543,-47.914795,-52.198196,-52.198196,-52.198196,-52.198196,-52.198196,-52.198196,-52.198196,-52.198196,-52.198196,-52.198196,-52.198196,-52.198196,-52.198196,-52.198196,-52.198196,-52.198196,-52.198196,-52.198196,-52.198196,-52.198196,-52.198196,-44.303204,-40.23963,-46.071323,-52.198196,-52.198196,-52.198196,-52.198196,-52.198196,-52.198196,-52.198196,-52.198196,-52.198196,-52.198196,-52.198196,-52.198196,-52.198196,-52.198196,-52.198196,-52.198196,-52.198196,-52.198196,-52.198196,-52.198196,-52.198196,-52.198196,-50.505524,-46.320503,-50.71038,-52.198196,-52.198196,-52.198196,-52.198196,-52.198196,-52.198196,-52.198196,-52.198196,-52.198196,-52.198196,-52.198196,-52.198196,-52.198196,-52.198196,-52.198196,-52.198196,-52.198196,-52.198196,-52.198196,-52.198196,-52.198196,-52.198196,-46.085342,-41.546993,-45.639095,-52.198196,-52.198196,-52.198196,-52.198196,-52.198196,-52.198196,-52.198196,-52.198196,-52.198196,-52.198196,-52.198196,-52.198196,-52.198196,-52.198196,-52.198196,-52.198196,-52.198196,-52.198196,-52.198196,-52.198196,-52.198196,-52.198196,-51.74496,-49.017265,-52.198196,-52.198196,-52.198196,-52.198196,-52.198196,-52.198196,-52.198196,-52.198196,-52.198196,-52.198196,-52.198196,-52.198196,-52.198196,-52.198196,-52.198196,-52.198196,-52.198196,-52.198196,-52.198196,-52.198196,-52.198196,-52.198196,-47.9562,-41.42078,-43.87546,-49.631847,-52.198196,-52.198196,-52.198196,-52.198196,-52.198196,-52.198196,-52.198196,-52.198196,-52.198196,-52.198196,-52.198196,-52.198196,-52.198196,-52.198196,-52.198196,-52.198196,-52.198196,-52.198196,-52.198196,-52.198196,-52.198196,-50.009117,-43.619194,-46.11709,-51.683918,-52.198196,-52.198196,-52.198196,-52.198196,-52.198196,-52.198196,-52.198196,-52.198196,-52.198196,-52.198196,-52.198196,-52.198196,-52.198196,-52.198196,-52.198196,-52.198196,-52.198196,-52.198196,-52.198196,-52.198196,-52.198196,-39.693115,-37.97813,-46.20336,-52.198196,-52.198196,-52.198196,-52.198196,-52.198196,-52.198196,-52.198196,-52.198196,-52.198196,-52.198196,-52.198196,-52.198196,-52.198196,-52.198196,-52.198196,-52.198196,-52.198196,-52.198196,-52.198196,-52.198196,-52.198196,-52.198196,-47.12219,-40.91721,-43.081253,-49.626778,-52.198196,-52.198196,-52.198196,-52.198196,-52.198196,-52.198196,-52.198196,-52.198196,-52.198196,-52.198196,-52.198196,-52.198196,-52.198196,-52.198196,-52.198196,-52.198196,-52.198196,-52.198196,-52.198196,-52.198196,-52.198196,-52.194256,-40.973534,-41.577553,-49.508118,-52.198196,-52.198196,-52.198196,-52.198196,-52.198196,-52.198196,-52.198196,-52.198196,-52.198196,-52.198196,-52.198196,-52.198196,-52.198196,-52.198196,-52.198196,-52.198196,-52.198196,-52.198196,-52.198196,-52.198196,-52.198196,-52.198196,-52.198196,-47.88941,-47.017597,-52.198196,-52.198196,-52.198196,-52.198196,-52.198196,-52.198196,-52.198196,-52.198196,-52.198196,-52.198196,-52.198196,-52.198196,-52.198196,-52.198196,-52.198196,-52.198196,-52.198196,-52.198196,-52.198196,-52.198196,-52.198196,-52.198196,-50.073734,-43.53248,-46.460743,-52.198196,-52.198196,-52.198196,-52.198196,-52.198196,-52.198196,-52.198196,-52.198196,-52.198196,-52.198196,-52.198196,-52.198196,-52.198196,-52.198196,-52.198196,-52.198196,-52.198196,-52.198196,-52.198196,-52.198196,-52.198196,-52.198196,-52.198196,-48.485523,-45.602947,-48.70175,-52.198196,-52.198196,-52.198196,-52.198196,-52.198196,-52.198196,-52.198196,-52.198196,-52.198196,-52.198196,-52.198196,-52.198196,-52.198196,-52.198196,-52.198196,-52.198196,-52.198196,-52.198196,-52.198196,-52.198196,-52.198196,-44.358994,-38.733604,-42.95356,-51.10531,-52.198196,-52.198196,-52.198196,-52.198196,-52.198196,-52.198196,-52.198196,-52.198196,-52.198196,-52.198196,-52.198196,-52.198196,-52.198196,-52.198196,-46.231804,-39.29955,-37.55574,-34.49159,-32.582726,-32.055077,-32.02602,-33.4459,-35.409073,-36.671177,-41.038315,-47.75112,-52.198196,-52.198196,-52.198196,-48.15213,-45.17622,-46.461693,-50.32289,-52.198196,-52.198196,-52.198196,-52.198196,-52.198196,-52.198196,-52.198196,-52.198196,-52.198196,-52.198196,-52.198196,-52.198196,-52.198196,-52.198196,-52.198196,-42.42227,-40.89285,-48.530964,-52.198196,-52.198196,-52.198196,-52.198196,-52.198196,-52.198196,-52.198196,-52.198196,-52.198196,-52.198196,-52.198196,-52.198196,-52.198196,-52.198196,-52.198196,-52.198196,-52.198196,-52.198196,-52.198196,-52.198196,-52.198196,-52.198196,-43.17635,-42.10361,-49.5708,-52.198196,-52.198196,-52.198196,-52.198196,-52.198196,-52.198196,-52.198196,-52.198196,-52.198196,-52.198196,-52.198196,-52.198196,-52.198196,-52.198196,-52.198196,-52.198196,-52.198196,-52.198196,-52.198196,-52.198196,-52.198196,-50.114235,-45.936855,-48.516014,-51.94916,-52.198196,-52.198196,-52.198196,-52.198196,-52.198196,-52.198196,-52.198196,-52.198196,-52.198196,-52.198196,-52.198196,-52.198196,-52.198196,-52.198196,-52.198196,-52.198196,-52.198196,-52.198196,-52.198196,-52.198196,-52.198196,-50.97159,-50.20043,-52.198196,-52.198196,-52.198196,-52.198196,-52.198196,-52.198196,-52.198196,-52.198196,-52.198196,-52.198196,-52.198196,-52.198196,-52.198196,-52.198196,-52.198196,-52.198196,-52.198196,-52.198196,-52.198196,-52.198196,-52.198196,-52.198196,-47.545067,-43.613667,-48.05919,-52.198196,-52.198196,-52.198196,-52.198196,-52.198196,-52.198196,-52.198196,-52.198196,-52.198196,-52.198196,-52.198196,-52.198196,-52.198196,-52.198196,-52.198196,-52.198196,-52.198196,-52.198196,-52.198196,-52.198196,-52.198196,-52.198196,-52.198196,-52.198196,-49.42244,-44.289345,-48.112526,-52.198196,-52.198196,-52.198196,-52.198196,-52.198196,-52.198196,-52.198196,-52.198196,-52.198196,-52.198196,-52.198196,-52.198196,-52.198196,-52.198196,-52.198196,-52.198196,-52.198196,-52.198196,-52.198196,-52.198196,-52.198196,-48.965717,-39.282932,-39.992615,-47.819286,-52.198196,-52.198196,-52.198196,-52.198196,-52.198196,-52.198196,-52.198196,-52.198196,-52.198196,-52.198196,-52.198196,-52.198196,-52.198196,-52.198196,-52.198196,-52.198196,-52.198196,-52.198196,-52.198196,-52.198196,-52.198196,-52.198196,-47.419037,-45.62256,-50.002937,-52.198196,-52.198196,-52.198196,-52.198196,-52.198196,-52.198196,-52.198196,-52.198196,-52.198196,-52.198196,-52.198196,-52.198196,-52.198196,-52.198196,-52.198196,-52.198196,-52.198196,-52.198196,-52.198196,-52.198196,-52.198196,-52.198196,-44.09756,-42.50943,-46.87832,-52.198196,-52.198196,-52.198196,-52.198196,-52.198196,-52.198196,-52.198196,-52.198196,-52.198196,-52.198196,-52.198196,-52.198196,-52.198196,-52.198196,-52.198196,-52.198196,-52.198196,-52.198196,-52.198196,-52.198196,-52.198196,-52.198196,-46.556435,-42.80368,-47.815735,-52.198196,-52.198196,-52.198196,-52.198196,-52.198196,-52.198196,-52.198196,-52.198196,-52.198196,-52.198196,-52.198196,-52.198196,-52.198196,-52.198196,-52.198196,-52.198196,-52.198196,-52.198196,-52.198196,-52.198196,-52.198196,-44.17449,-43.439102,-49.749714,-52.198196,-52.198196,-52.198196,-52.198196,-52.198196,-52.198196,-52.198196,-52.198196,-52.198196,-52.198196,-52.198196,-52.198196,-52.198196,-52.198196,-52.198196,-52.198196,-52.198196,-52.198196,-52.198196,-52.198196,-52.198196,-52.198196,-47.049618,-49.111313,-52.198196,-52.198196,-52.198196,-52.198196,-52.198196,-52.198196,-52.198196,-52.198196,-52.198196,-52.198196,-52.198196,-52.198196,-52.198196,-52.198196,-52.198196,-52.198196,-52.198196,-52.198196,-52.198196,-52.198196,-52.198196,-43.65603,-43.72703,-49.50859,-52.198196,-52.198196,-52.198196,-52.198196,-52.198196,-52.198196,-52.198196,-52.198196,-52.198196,-52.198196,-52.198196,-52.198196,-52.198196,-52.198196,-52.198196,-52.198196,-52.198196,-52.198196,-52.198196,-52.198196,-52.198196,-52.198196,-45.705887,-47.46711,-52.198196,-52.198196,-52.198196,-52.198196,-52.198196,-52.198196,-52.198196,-52.198196,-52.198196,-52.198196,-52.198196,-52.198196,-52.198196,-52.198196,-52.198196,-52.198196,-52.198196,-52.198196,-52.198196,-52.198196,-52.198196,-52.198196,-47.071743,-43.560337,-46.37066,-51.39791,-52.198196,-52.198196,-52.198196,-52.198196,-52.198196,-52.198196,-52.198196,-52.198196,-52.198196,-52.198196,-52.198196,-52.198196,-52.198196,-52.198196,-52.198196,-52.198196,-52.198196,-52.198196,-52.198196,-52.198196,-52.198196,-52.198196,-47.342762,-50.161674,-52.198196,-52.198196,-52.198196,-52.198196,-52.198196,-52.198196,-52.198196,-52.198196,-52.198196,-52.198196,-52.198196,-52.198196,-52.198196,-52.198196,-52.198196,-52.198196,-52.198196,-52.198196,-52.198196,-52.198196,-52.198196,-39.91065,-38.543354,-47.166122,-52.198196,-52.198196,-52.198196,-52.198196,-52.198196,-52.198196,-52.198196,-52.198196,-52.198196,-52.198196,-52.198196,-52.198196,-52.198196,-52.198196,-52.198196,-52.198196,-52.198196,-52.198196,-52.198196,-52.198196,-52.198196,-52.198196,-49.38753,-47.478622,-50.86804,-52.198196,-52.198196,-52.198196,-52.198196,-52.198196,-52.198196,-52.198196,-52.198196,-52.198196,-52.198196,-52.198196,-52.198196,-52.198196,-52.198196,-52.198196,-52.198196,-52.198196,-41.78121,-36.364666,-35.995308,-34.96228,-36.52326,-35.818,-34.369923,-32.682426,-31.30203,-30.416092,-29.759436,-29.503723,-30.285559,-32.331192,-34.752632,-35.420918,-36.164715,-36.775696,-35.876926,-35.613823,-35.661594,-36.032883,-36.5961,-36.22322,-35.808327,-35.995827,-36.03477,-36.740562,-38.603973,-42.143303,-46.67786,-50.362057,-52.198196,-52.198196,-52.198196,-52.198196,-52.198196,-52.198196,-52.198196,-52.198196,-52.198196,-52.198196,-52.198196,-52.198196,-52.198196,-52.198196,-52.198196,-52.198196,-52.198196,-52.198196,-52.198196,-52.198196,-52.198196,-49.631958,-43.684727,-46.284363,-52.063705,-52.198196,-52.198196,-52.198196,-52.198196,-52.198196,-52.198196,-52.198196,-52.198196,-52.198196,-52.198196,-52.198196,-52.198196,-52.198196,-52.198196,-52.198196,-52.198196,-52.198196,-52.198196,-52.198196,-52.198196,-52.198196,-46.07054,-48.83271,-52.198196,-52.198196,-52.198196,-52.198196,-52.198196,-52.198196,-52.198196,-52.198196,-52.198196,-52.198196,-52.198196,-52.198196,-52.198196,-52.198196,-52.198196,-52.198196,-52.198196,-52.198196,-52.198196,-52.198196,-52.198196,-52.198196,-44.588703,-42.646885,-46.419502,-50.801414,-52.198196,-49.123554
-33.751743,-39.76974,-52.198196,-52.198196,-52.198196,-52.198196,-52.198196,-52.198196,-52.198196,-52.198196,-52.198196,-52.198196,-52.198196,-52.198196,-52.198196,-52.198196,-52.198196,-52.198196,-52.198196,-52.198196,-51.91006,-50.178375,-43.761425,-36.541626,-32.90916,-32.446064,-33.57307,-33.7733,-35.130344,-42.175545,-52.198196,-52.198196,-52.198196,-52.198196,-41.22262,-37.036026,-37.262844,-38.65821,-40.91911,-47.11584,-52.198196,-52.198196,-52.198196,-52.198196,-52.198196,-52.198196,-52.198196,-52.198196,-52.198196,-52.198196,-52.198196,-52.198196,-52.198196,-52.198196,-52.198196,-52.198196,-52.198196,-52.198196,-52.198196,-52.198196,-52.198196,-52.198196,-52.198196,-52.198196,-52.198196,-52.198196,-52.198196,-52.198196,-52.198196,-52.198196,-52.198196,-52.198196,-52.198196,-52.198196,-52.198196,-52.198196,-52.198196,-52.198196,-52.198196,-52.198196,-52.198196,-52.198196,-52.198196,-52.198196,-52.198196,-52.198196,-52.198196,-52.198196,-52.198196,-52.198196,-52.198196,-52.198196,-52.198196,-52.198196,-50.29558,-52.198196,-52.198196,-52.198196,-52.198196,-52.198196,-52.198196,-52.198196,-52.198196,-52.198196,-52.198196,-52.198196,-52.198196,-52.198196,-52.198196,-52.198196,-52.198196,-52.198196,-52.198196,-52.198196,-52.198196,-52.198196,-52.198196,-52.198196,-52.198196,-52.198196,-52.198196,-52.198196,-52.198196,-52.198196,-52.198196,-52.198196,-52.198196,-52.198196,-52.198196,-52.198196,-52.198196,-52.198196,-52.198196,-52.198196,-52.198196,-52.198196,-52.198196,-52.198196,-52.198196,-52.198196,-52.198196,-52.198196,-52.198196,-47.359116,-51.95313,-52.198196,-52.198196,-52.198196,-52.198196,-52.198196,-52.198196,-52.198196,-52.198196,-52.198196,-52.198196,-52.198196,-52.198196,-52.198196,-52.198196,-52.198196,-52.198196,-52.198196,-52.198196,-52.198196,-52.198196,-52.198196,-52.198196,-52.198196,-52.198196,-52.198196,-52.198196,-52.198196,-52.198196,-52.198196,-52.198196,-52.198196,-52.198196,-52.198196,-52.198196,-52.198196,-52.198196,-52.198196,-52.198196,-52.198196,-52.198196,-52.198196,-52.198196,-52.198196,-52.198196,-52.198196,-52.198196,-52.198196,-52.198196,-48.630295,-52.198196,-52.198196,-52.198196,-52.198196,-52.198196,-52.198196,-52.198196,-52.198196,-52.198196,-52.198196,-52.198196,-52.198196,-52.198196,-52.198196,-52.198196,-52.198196,-52.198196,-52.198196,-52.198196,-52.198196,-52.198196,-52.198196,-52.198196,-52.198196,-52.198196,-52.198196,-52.198196,-52.198196,-52.198196,-52.198196,-52.198196,-52.198196,-52.198196,-52.198196,-52.198196,-52.198196,-52.198196,-52.198196,-52.198196,-52.198196,-52.198196,-52.198196,-52.198196,-52.198196,-52.198196,-52.198196,-52.198196,-52.198196,-51.518105,-45.909058,-49.170296,-52.198196,-52.198196,-52.198196,-52.198196,-52.198196,-52.198196,-52.198196,-52.198196,-52.198196,-52.198196,-52.198196,-52.198196,-52.198196,-52.198196,-52.198196,-52.198196,-52.198196,-52.198196,-52.198196,-52.198196,-52.198196,-52.198196,-52.198196,-52.198196,-52.198196,-52.198196,-52.198196,-52.198196,-52.198196,-52.198196,-52.198196,-52.198196,-52.198196,-52.198196,-52.198196,-52.198196,-52.198196,-52.198196,-52.198196,-52.198196,-52.198196,-52.198196,-52.198196,-52.198196,-52.198196,-52.198196,-52.198196,-52.198196,-50.185623,-52.198196,-52.198196,-52.198196,-52.198196,-52.198196,-52.198196,-52.198196,-52.198196,-52.198196,-52.198196,-52.198196,-52.198196,-52.198196,-52.198196,-52.198196,-52.198196,-52.198196,-52.198196,-52.198196,-52.198196,-52.198196,-52.198196,-52.198196,-52.198196,-52.198196,-52.198196,-52.198196,-52.198196,-52.198196,-52.198196,-52.198196,-52.198196,-52.198196,-52.198196,-52.198196,-52.198196,-52.198196,-52.198196,-50.986717,-47.51842,-46.804142,-52.198196,-52.198196,-52.198196,-44.3423,-39.620625,-40.375206,-42.089912,-41.432335,-47.23153,-52.198196,-52.198196,-52.198196,-52.198196,-52.198196,-52.198196,-52.198196,-52.198196,-52.198196,-52.198196,-52.198196,-52.198196,-52.198196,-52.198196,-52.198196,-52.198196,-52.198196,-52.198196,-52.198196,-52.198196,-52.198196,-52.198196,-52.198196,-52.198196,-52.003536,-49.98421,-52.198196,-52.198196,-52.198196,-52.198196,-52.198196,-52.198196,-52.198196,-52.198196,-52.198196,-52.198196,-52.198196,-52.198196,-52.198196,-52.198196,-52.198196,-52.198196,-52.198196,-52.198196,-52.198196,-52.198196,-52.198196,-52.198196,-52.198196,-49.88134,-52.198196,-52.198196,-52.198196,-52.198196,-52.198196,-52.198196,-52.198196,-52.198196,-52.198196,-52.198196,-52.198196,-52.198196,-52.198196,-52.198196,-52.198196,-52.198196,-52.198196,-52.198196,-52.198196,-52.198196,-52.198196,-52.198196,-52.198196,-52.198196,-52.198196,-52.198196,-52.198196,-52.198196,-52.198196,-52.198196,-52.198196,-52.198196,-52.198196,-52.198196,-52.198196,-52.198196,-52.198196,-52.198196,-52.198196,-52.198196,-52.198196,-52.198196,-52.198196,-52.198196,-52.198196,-52.198196,-52.198196,-52.198196,-52.198196,-49.62803,-52.198196,-52.198196,-52.198196,-52.198196,-52.198196,-52.198196,-52.198196,-52.198196,-52.198196,-52.198196,-52.198196,-52.198196,-52.198196,-52.198196,-52.198196,-52.198196,-52.198196,-52.198196,-52.198196,-52.198196,-52.198196,-52.198196,-52.198196,-52.198196,-52.198196,-52.198196,-52.198196,-52.198196,-52.198196,-52.198196,-52.198196,-52.198196,-52.198196,-52.198196,-52.198196,-52.198196,-52.198196,-52.198196,-52.198196,-52.198196,-52.198196,-52.198196,-52.198196,-52.198196,-52.198196,-52.198196,-52.198196,-51.01805,-46.313683,-50.778137,-52.198196,-52.198196,-52.198196,-52.198196,-52.198196,-52.198196,-52.198196,-52.198196,-52.198196,-52.198196,-52.198196,-52.198196,-52.198196,-52.198196,-52.198196,-52.198196,-52.198196,-52.198196,-52.198196,-52.198196,-52.198196,-52.198196,-52.198196,-50.96762,-52.198196,-52.198196,-52.198196,-52.198196,-52.198196,-52.198196,-52.198196,-52.198196,-52.198196,-52.198196,-52.198196,-52.198196,-52.198196,-52.198196,-52.198196,-52.198196,-52.198196,-52.198196,-52.198196,-52.198196,-52.198196,-52.198196,-52.198196,-48.598854,-47.129402,-52.198196,-52.198196,-52.198196,-52.198196,-52.198196,-52.198196,-52.198196,-52.198196,-52.198196,-52.198196,-52.198196,-52.198196,-52.198196,-52.198196,-52.198196,-52.198196,-52.198196,-52.198196,-52.198196,-52.198196,-52.198196,-52.198196,-52.198196,-52.198196,-51.388786,-51.279358,-52.198196,-52.198196,-52.198196,-52.198196,-52.198196,-52.198196,-52.198196,-52.198196,-52.198196,-52.198196,-52.198196,-52.198196,-52.198196,-52.198196,-52.198196,-52.198196,-52.198196,-52.198196,-52.198196,-52.198196,-52.198196,-52.198196,-52.198196,-51.544777,-51.265816,-52.198196,-52.198196,-52.198196,-52.198196,-52.198196,-52.198196,-52.198196,-52.198196,-52.198196,-52.198196,-52.198196,-52.198196,-52.198196,-52.198196,-52.198196,-52.198196,-52.198196,-52.198196,-52.198196,-52.198196,-52.198196,-52.198196,-52.198196,-52.198196,-52.198196,-52.198196,-52.198196,-52.198196,-52.198196,-52.198196,-52.198196,-52.198196,-52.198196,-52.198196,-52.198196,-52.198196,-52.198196,-52.198196,-52.198196,-52.198196,-52.198196,-52.198196,-52.198196,-52.198196,-52.198196,-52.198196,-52.198196,-52.198196,-52.198196,-52.198196,-52.198196,-52.198196,-52.198196,-52.198196,-52.198196,-52.198196,-52.198196,-52.198196,-52.198196,-52.198196,-52.198196,-52.198196,-52.198196,-52.198196,-52.198196,-52.198196,-52.198196,-52.198196,-52.198196,-52.198196,-52.198196,-52.198196,-52.198196,-52.198196,-52.198196,-52.198196,-52.198196,-52.198196,-52.198196,-52.198196,-52.198196,-52.198196,-52.198196,-52.198196,-52.198196,-52.198196,-52.198196,-52.198196,-52.198196,-52.198196,-52.198196,-52.198196,-52.198196,-52.198196,-52.198196,-52.198196,-52.198196,-52.198196,-52.198196,-52.090908,-52.198196,-52.198196,-52.198196,-52.198196,-52.198196,-52.198196,-52.198196,-52.198196,-52.198196,-52.198196,-52.198196,-52.198196,-52.198196,-52.198196,-52.198196,-52.198196,-49.507645,-40.22593,-36.98427,-36.493874,-37.369667,-39.455666,-42.089333,-45.7791,-49.63738,-49.95678,-50.669075,-52.198196,-52.198196,-52.198196,-52.198196,-50.331112,-46.99184,-48.601738,-52.198196,-52.198196,-52.198196,-52.198196,-52.198196,-52.198196,-52.198196,-52.198196,-52.198196,-52.198196,-52.198196,-52.198196,-52.198196,-52.198196,-52.198196,-52.198196,-50.18277,-49.08974,-52.198196,-52.198196,-52.198196,-52.198196,-52.198196,-52.198196,-52.198196,-52.198196,-52.198196,-52.198196,-52.198196,-52.198196,-52.198196,-52.198196,-52.198196,-52.198196,-52.198196,-52.198196,-52.198196,-52.198196,-52.198196,-52.198196,-52.198196,-52.198196,-51.073807,-52.198196,-52.198196,-52.198196,-52.198196,-52.198196,-52.198196,-52.198196,-52.198196,-52.198196,-52.198196,-52.198196,-52.198196,-52.198196,-52.198196,-52.198196,-52.198196,-52.198196,-52.198196,-52.198196,-52.198196,-52.198196,-52.198196,-52.198196,-52.198196,-52.198196,-52.198196,-52.198196,-52.198196,-52.198196,-52.198196,-52.198196,-52.198196,-52.198196,-52.198196,-52.198196,-52.198196,-52.198196,-52.198196,-52.198196,-52.198196,-52.198196,-52.198196,-52.198196,-52.198196,-52.198196,-52.198196,-52.198196,-52.198196,-52.198196,-52.198196,-52.198196,-52.198196,-52.198196,-52.198196,-52.198196,-52.198196,-52.198196,-52.198196,-52.198196,-52.198196,-52.198196,-52.198196,-52.198196,-52.198196,-52.198196,-52.198196,-52.198196,-52.198196,-52.198196,-52.198196,-52.198196,-52.198196,-51.70796,-52.198196,-52.198196,-52.198196,-52.198196,-52.198196,-52.198196,-52.198196,-52.198196,-52.198196,-52.198196,-52.198196,-52.198196,-52.198196,-52.198196,-52.198196,-52.198196,-52.198196,-52.198196,-52.198196,-52.198196,-52.198196,-52.198196,-52.198196,-52.198196,-52.198196,-52.198196,-52.198196,-52.198196,-52.198196,-52.198196,-52.198196,-52.198196,-52.198196,-52.198196,-52.198196,-52.198196,-52.198196,-52.198196,-52.198196,-52.198196,-52.198196,-52.198196,-52.198196,-52.198196,-52.198196,-52.198196,-52.198196,-52.198196,-52.198196,-52.198196,-50.00708,-50.197582,-52.198196,-52.198196,-52.198196,-52.198196,-52.198196,-52.198196,-52.198196,-52.198196,-52.198196,-52.198196,-52.198196,-52.198196,-52.198196,-52.198196,-52.198196,-52.198196,-52.198196,-52.198196,-52.198196,-52.198196,-52.198196,-52.198196,-52.198196,-52.198196,-52.198196,-52.198196,-52.198196,-52.198196,-52.198196,-52.198196,-52.198196,-52.198196,-52.198196,-52.198196,-52.198196,-52.198196,-52.198196,-52.198196,-52.198196,-52.198196,-52.198196,-52.198196,-52.198196,-52.198196,-52.198196,-52.198196,-52.198196,-52.198196,-52.198196,-51.964054,-52.198196,-52.198196,-52.198196,-52.198196,-52.198196,-52.198196,-52.198196,-52.198196,-52.198196,-52.198196,-52.198196,-52.198196,-52.198196,-52.198196,-52.198196,-52.198196,-52.198196,-52.198196,-52.198196,-52.198196,-52.198196,-52.198196,-52.198196,-52.198196,-51.043884,-52.198196,-52.198196,-52.198196,-52.198196,-52.198196,-52.198196,-52.198196,-52.198196,-52.198196,-52.198196,-52.198196,-52.198196,-52.198196,-52.198196,-52.198196,-52.198196,-52.198196,-52.198196,-52.198196,-52.198196,-52.198196,-52.198196,-48.039284,-48.03799,-52.198196,-52.198196,-52.198196,-52.198196,-52.198196,-52.198196,-52.198196,-52.198196,-52.198196,-52.198196,-52.198196,-52.198196,-52.198196,-52.198196,-52.198196,-52.198196,-52.198196,-52.198196,-52.198196,-52.198196,-52.198196,-52.198196,-52.198196,-52.198196,-52.198196,-52.198196,-52.198196,-52.198196,-52.198196,-52.198196,-52.198196,-52.198196,-52.198196,-52.198196,-52.198196,-52.198196,-52.198196,-52.198196,-52.198196,-52.198196,-52.198196,-52.198196,-52.198196,-52.198196,-52.198196,-52.198196,-49.86296,-51.675507,-52.198196,-52.198196,-52.198196,-52.198196,-52.198196,-52.198196,-52.198196,-52.198196,-52.198196,-52.198196,-52.198196,-52.198196,-52.198196,-52.198196,-52.198196,-52.198196,-52.198196,-52.198196,-52.198196,-52.198196,-52.198196,-52.198196,-52.198196,-52.198196,-52.198196,-52.198196,-52.198196,-52.198196,-52.198196,-52.198196,-52.198196,-52.198196,-52.198196,-52.198196,-52.198196,-52.198196,-52.198196,-52.198196,-52.198196,-52.198196,-52.198196,-52.198196,-52.198196,-52.198196,-52.198196,-52.198196,-52.198196,-52.198196,-52.198196,-52.198196,-52.198196,-52.198196,-52.198196,-52.198196,-52.198196,-52.198196,-52.198196,-52.198196,-52.198196,-52.198196,-52.198196,-52.198196,-52.198196,-52.198196,-52.198196,-52.198196,-52.198196,-52.198196,-52.198196,-52.198196,-52.198196,-52.198196,-52.198196,-52.198196,-52.198196,-52.198196,-52.198196,-52.198196,-52.198196,-52.198196,-52.198196,-52.198196,-52.198196,-52.198196,-52.198196,-52.198196,-52.198196,-52.198196,-52.198196,-52.198196,-52.198196,-52.198196,-52.198196,-52.198196,-52.198196,-52.198196,-49.43836,-47.512035,-52.198196,-52.198196,-52.198196,-52.198196,-52.198196,-52.198196,-52.198196,-52.198196,-52.198196,-52.198196,-52.198196,-52.198196,-52.198196,-52.198196,-52.198196,-52.198196,-52.198196,-52.198196,-52.198196,-52.198196,-52.198196,-52.198196,-52.198196,-52.198196,-52.198196,-52.198196,-52.198196,-52.198196,-52.198196,-52.198196,-52.198196,-52.198196,-52.198196,-52.198196,-52.198196,-52.198196,-52.198196,-52.198196,-52.198196,-52.198196,-52.198196,-52.198196,-52.198196,-52.15219,-47.08335,-45.848827,-40.755733,-38.920273,-39.21426,-40.06875,-39.866837,-38.85475,-38.913414,-39.89307,-41.743538,-43.91363,-43.951515,-42.80893,-42.174324,-42.348236,-42.651047,-42.14043,-41.915047,-42.044643,-41.797615,-41.910915,-41.994244,-41.915695,-42.22754,-42.54377,-42.968628,-44.14949,-46.84275,-51.245056,-52.198196,-52.198196,-52.198196,-52.198196,-52.198196,-52.198196,-52.198196,-52.198196,-52.198196,-52.198196,-52.198196,-52.198196,-52.198196,-52.198196,-52.198196,-52.198196,-52.198196,-52.198196,-52.198196,-52.198196,-52.198196,-52.198196,-52.198196,-47.80691,-50.916523,-52.198196,-52.198196,-52.198196,-52.198196,-52.198196,-52.198196,-52.198196,-52.198196,-52.198196,-52.198196,-52.198196,-52.198196,-52.198196,-52.198196,-52.198196,-52.198196,-52.198196,-52.198196,-52.198196,-52.198196,-52.198196,-52.198196,-50.15591,-52.198196,-52.198196,-52.198196,-52.198196,-52.198196,-52.198196,-52.198196,-52.198196,-52.198196,-52.198196,-52.198196,-52.198196,-52.198196,-52.198196,-52.198196,-52.198196,-52.198196,-52.198196,-52.198196,-52.198196,-52.198196,-52.198196,-52.198196,-52.198196,-52.15523,-52.198196,-52.198196,-52.198196,-49.320713
-34.03369,-40.05382,-52.198196,-52.198196,-52.198196,-52.198196,-52.198196,-52.198196,-52.198196,-52.198196,-52.198196,-52.198196,-52.198196,-52.198196,-52.198196,-52.198196,-52.198196,-52.198196,-52.198196,-52.198196,-52.198196,-52.198196,-52.198196,-48.85437,-48.200966,-50.59271,-51.99592,-51.218727,-51.02692,-52.198196,-52.198196,-52.198196,-52.198196,-52.198196,-52.198196,-51.24994,-52.198196,-52.198196,-52.198196,-52.198196,-52.198196,-52.198196,-52.198196,-52.198196,-52.198196,-52.198196,-52.198196,-52.198196,-52.198196,-52.198196,-52.198196,-52.198196,-52.198196,-52.198196,-52.198196,-52.198196,-52.198196,-52.198196,-52.198196,-52.198196,-52.198196,-52.198196,-52.198196,-52.198196,-52.198196,-52.198196,-52.198196,-52.198196,-52.198196,-52.198196,-52.198196,-52.198196,-52.198196,-52.198196,-52.198196,-52.198196,-52.198196,-52.198196,-52.198196,-52.198196,-52.198196,-52.198196,-52.198196,-52.198196,-52.198196,-52.198196,-52.198196,-52.198196,-52.198196,-52.198196,-52.198196,-52.198196,-52.198196,-52.198196,-52.198196,-52.198196,-52.198196,-52.198196,-52.198196,-52.198196,-52.198196,-52.198196,-52.198196,-52.198196,-52.198196,-52.198196,-52.198196,-52.198196,-52.198196,-52.198196,-52.198196,-52.198196,-52.198196,-52.198196,-52.198196,-52.198196,-52.198196,-52.198196,-52.198196,-52.198196,-52.198196,-52.198196,-52.198196,-52.198196,-52.198196,-52.198196,-52.198196,-52.198196,-52.198196,-52.198196,-52.198196,-52.198196,-52.198196,-52.198196,-52.198196,-52.198196,-52.198196,-52.198196,-52.198196,-52.198196,-52.198196,-52.198196,-52.198196,-52.198196,-52.198196,-52.198196,-52.198196,-52.198196,-52.198196,-52.198196,-52.198196,-52.198196,-52.198196,-52.198196,-52.198196,-52.198196,-52.198196,-52.198196,-52.198196,-52.198196,-52.198196,-52.198196,-52.198196,-52.198196,-52.198196,-52.198196,-52.198196,-52.198196,-52.198196,-52.198196,-52.198196,-52.198196,-52.198196,-52.198196,-52.198196,-52.198196,-52.198196,-52.198196,-52.198196,-52.198196,-52.198196,-52.198196,-52.198196,-52.198196,-52.198196,-52.198196,-52.198196,-52.198196,-52.198196,-52.198196,-52.198196,-52.198196,-52.198196,-52.198196,-52.198196,-52.198196,-52.198196,-52.198196,-52.198196,-52.198196,-52.198196,-52.198196,-52.198196,-52.198196,-52.198196,-52.198196,-52.198196,-52.198196,-52.198196,-52.198196,-52.198196,-52.198196,-52.198196,-52.198196,-52.198196,-52.198196,-52.198196,-52.198196,-52.198196,-52.198196,-52.198196,-52.198196,-52.198196,-52.198196,-52.198196,-52.198196,-52.198196,-52.198196,-52.198196,-52.198196,-52.198196,-52.198196,-52.198196,-52.198196,-52.198196,-52.198196,-52.198196,-52.198196,-52.198196,-52.198196,-52.198196,-52.198196,-52.198196,-52.198196,-52.198196,-52.198196,-52.198196,-52.198196,-52.198196,-52.198196,-52.198196,-52.198196,-52.198196,-52.198196,-52.198196,-52.198196,-52.198196,-52.198196,-52.198196,-52.198196,-52.198196,-52.198196,-52.198196,-52.198196,-52.198196,-52.198196,-52.198196,-52.198196,-52.198196,-52.198196,-52.198196,-52.198196,-52.198196,-52.198196,-52.198196,-52.198196,-52.198196,-52.198196,-52.198196,-52.198196,-52.198196,-52.198196,-52.198196,-52.198196,-52.198196,-52.198196,-52.198196,-52.198196,-52.198196,-52.198196,-52.198196,-52.198196,-52.198196,-52.198196,-52.198196,-52.198196,-52.198196,-52.198196,-52.198196,-52.198196,-52.198196,-52.198196,-52.198196,-52.198196,-52.198196,-52.198196,-52.198196,-52.198196,-52.198196,-52.198196,-52.198196,-52.198196,-52.198196,-52.198196,-52.198196,-52.198196,-52.198196,-52.198196,-52.198196,-52.198196,-52.198196,-52.198196,-52.198196,-52.198196,-52.198196,-52.198196,-52.198196,-52.198196,-52.198196,-52.198196,-52.198196,-52.198196,-52.198196,-52.198196,-52.198196,-52.198196,-52.198196,-52.198196,-52.198196,-49.76797,-47.190834,-46.917473,-50.332344,-52.198196,-52.198196,-52.198196,-52.198196,-52.198196,-52.198196,-52.198196,-52.198196,-52.198196,-52.198196,-52.198196,-52.198196,-52.198196,-52.198196,-52.198196,-52.198196,-52.198196,-52.198196,-52.198196,-52.198196,-52.198196,-52.198196,-52.198196,-52.198196,-52.198196,-52.198196,-52.198196,-52.198196,-52.198196,-52.198196,-52.198196,-52.198196,-52.198196,-52.198196,-52.198196,-52.198196,-52.198196,-52.198196,-52.198196,-52.198196,-52.198196,-52.198196,-52.198196,-52.198196,-52.198196,-52.198196,-52.198196,-52.198196,-52.198196,-52.198196,-52.198196,-52.198196,-52.198196,-52.198196,-52.198196,-52.198196,-52.198196,-52.198196,-52.198196,-52.198196,-52.198196,-52.198196,-52.198196,-52.198196,-52.198196,-52.198196,-52.198196,-52.198196,-52.198196,-52.198196,-52.198196,-52.198196,-52.198196,-52.198196,-52.198196,-52.198196,-52.198196,-52.198196,-52.198196,-52.198196,-52.198196,-52.198196,-52.198196,-52.198196,-52.198196,-52.198196,-52.198196,-52.198196,-52.198196,-52.198196,-52.198196,-52.198196,-52.198196,-52.198196,-52.198196,-52.198196,-52.198196,-52.198196,-52.198196,-52.198196,-52.198196,-52.198196,-52.198196,-52.198196,-52.198196,-52.198196,-52.198196,-52.198196,-52.198196,-52.198196,-52.198196,-52.198196,-52.198196,-52.198196,-52.198196,-52.198196,-52.198196,-52.198196,-52.198196,-52.198196,-52.198196,-52.198196,-52.198196,-52.198196,-52.198196,-52.198196,-52.198196,-52.198196,-52.198196,-52.198196,-52.198196,-52.198196,-52.198196,-52.198196,-52.198196,-52.198196,-52.198196,-52.198196,-52.198196,-52.198196,-52.198196,-52.198196,-52.198196,-52.198196,-52.198196,-52.198196,-52.198196,-52.198196,-52.198196,-52.198196,-52.198196,-52.198196,-52.198196,-52.198196,-52.198196,-52.198196,-52.198196,-52.198196,-52.198196,-52.198196,-52.198196,-52.198196,-52.198196,-52.198196,-52.198196,-52.198196,-52.198196,-52.198196,-52.198196,-52.198196,-52.198196,-52.198196,-52.198196,-52.198196,-52.198196,-52.198196,-52.198196,-52.198196,-52.198196,-52.198196,-52.198196,-52.198196,-52.198196,-52.198196,-52.198196,-52.198196,-52.198196,-52.198196,-52.198196,-52.198196,-52.198196,-52.198196,-52.198196,-52.198196,-52.198196,-52.198196,-52.198196,-52.198196,-52.198196,-52.198196,-52.198196,-52.198196,-52.198196,-52.198196,-52.198196,-52.198196,-52.198196,-52.198196,-52.198196,-52.198196,-52.198196,-52.198196,-52.198196,-52.198196,-52.198196,-52.198196,-52.198196,-52.198196,-52.198196,-52.198196,-52.198196,-52.198196,-52.198196,-52.198196,-52.198196,-52.198196,-52.198196,-52.198196,-52.198196,-52.198196,-52.198196,-52.198196,-52.198196,-52.198196,-52.198196,-52.198196,-52.198196,-52.198196,-52.198196,-52.198196,-52.198196,-52.198196,-52.198196,-52.198196,-52.198196,-52.198196,-52.198196,-52.198196,-52.198196,-52.198196,-52.198196,-52.198196,-52.198196,-52.198196,-52.198196,-52.198196,-52.198196,-52.198196,-52.198196,-52.198196,-52.198196,-52.198196,-52.198196,-52.198196,-52.198196,-52.198196,-52.198196,-52.198196,-52.198196,-52.198196,-52.198196,-52.198196,-52.198196,-52.198196,-52.198196,-52.198196,-52.198196,-52.198196,-52.198196,-52.198196,-52.198196,-52.198196,-52.198196,-52.198196,-52.198196,-52.198196,-52.198196,-52.198196,-52.198196,-52.198196,-52.198196,-52.198196,-52.198196,-52.198196,-52.198196,-52.198196,-52.198196,-52.198196,-52.198196,-52.198196,-52.198196,-52.198196,-52.198196,-52.198196,-52.198196,-52.198196,-52.198196,-52.198196,-52.198196,-52.198196,-52.198196,-52.198196,-52.198196,-52.198196,-52.198196,-52.198196,-52.198196,-52.198196,-52.198196,-52.198196,-52.198196,-52.198196,-52.198196,-52.198196,-52.198196,-52.198196,-52.198196,-52.198196,-52.198196,-52.198196,-52.198196,-52.198196,-52.198196,-52.198196,-52.198196,-52.198196,-52.198196,-52.198196,-52.198196,-52.198196,-52.198196,-52.198196,-52.198196,-52.198196,-52.198196,-52.198196,-52.198196,-52.198196,-52.198196,-52.198196,-52.198196,-52.198196,-52.198196,-52.198196,-52.198196,-52.198196,-52.198196,-52.198196,-52.198196,-52.198196,-52.198196,-52.198196,-52.198196,-52.198196,-52.198196,-52.198196,-52.198196,-52.198196,-52.198196,-51.451107,-52.198196,-52.198196,-48.483932,-47.2542,-48.35917,-49.840816,-50.875595,-52.198196,-52.198196,-52.198196,-52.198196,-52.198196,-52.198196,-52.198196,-52.198196,-52.198196,-52.198196,-52.198196,-52.198196,-52.198196,-52.198196,-52.198196,-52.198196,-52.198196,-52.198196,-52.198196,-52.198196,-52.198196,-52.198196,-52.198196,-52.198196,-52.198196,-52.198196,-52.198196,-52.198196,-52.198196,-52.198196,-52.198196,-52.198196,-52.198196,-52.198196,-52.198196,-52.198196,-52.198196,-52.198196,-52.198196,-52.198196,-52.198196,-52.198196,-52.198196,-52.198196,-52.198196,-52.198196,-52.198196,-52.198196,-52.198196,-52.198196,-52.198196,-52.198196,-52.198196,-52.198196,-52.198196,-52.198196,-52.198196,-52.198196,-52.198196,-52.198196,-52.198196,-52.198196,-52.198196,-52.198196,-52.198196,-52.198196,-52.198196,-52.198196,-52.198196,-52.198196,-52.198196,-52.198196,-52.198196,-52.198196,-52.198196,-52.198196,-52.198196,-52.198196,-52.198196,-52.198196,-52.198196,-52.198196,-52.198196,-52.198196,-52.198196,-52.198196,-52.198196,-52.198196,-52.198196,-52.198196,-52.198196,-52.198196,-52.198196,-52.198196,-52.198196,-52.198196,-52.198196,-52.198196,-52.198196,-52.198196,-52.198196,-52.198196,-52.198196,-52.198196,-52.198196,-52.198196,-52.198196,-52.198196,-52.198196,-52.198196,-52.198196,-52.198196,-52.198196,-52.198196,-52.198196,-52.198196,-52.198196,-52.198196,-52.198196,-52.198196,-52.198196,-52.198196,-52.198196,-52.198196,-52.198196,-52.198196,-52.198196,-52.198196,-52.198196,-52.198196,-52.198196,-52.198196,-52.198196,-52.198196,-52.198196,-52.198196,-52.198196,-52.198196,-52.198196,-52.198196,-52.198196,-52.198196,-52.198196,-52.198196,-52.198196,-52.198196,-52.198196,-52.198196,-52.198196,-52.198196,-52.198196,-52.198196,-52.198196,-52.198196,-52.198196,-52.198196,-52.198196,-52.198196,-52.198196,-52.198196,-52.198196,-52.198196,-52.198196,-52.198196,-52.198196,-52.198196,-52.198196,-52.198196,-52.198196,-52.198196,-52.198196,-52.198196,-52.198196,-52.198196,-52.198196,-52.198196,-52.198196,-52.198196,-52.198196,-52.198196,-52.198196,-52.198196,-52.198196,-52.198196,-52.198196,-52.198196,-52.198196,-52.198196,-52.198196,-52.198196,-52.198196,-52.198196,-52.198196,-52.198196,-52.198196,-52.198196,-52.198196,-52.198196,-52.198196,-52.198196,-52.198196,-52.198196,-52.198196,-52.198196,-52.198196,-52.198196,-52.198196,-52.198196,-52.198196,-52.198196,-52.198196,-52.198196,-52.198196,-52.198196,-52.198196,-52.198196,-52.198196,-52.198196,-52.198196,-52.198196,-52.198196,-52.198196,-52.198196,-52.198196,-52.198196,-52.198196,-52.198196,-52.198196,-52.198196,-52.198196,-52.198196,-52.198196,-52.198196,-52.198196,-52.198196,-52.198196,-52.198196,-52.198196,-52.198196,-52.198196,-52.198196,-52.198196,-52.198196,-52.198196,-52.198196,-52.198196,-52.198196,-52.198196,-52.198196,-52.198196,-52.198196,-52.198196,-52.198196,-52.198196,-52.198196,-52.198196,-52.198196,-52.198196,-52.198196,-52.198196,-52.198196,-52.198196,-52.198196,-52.198196,-52.198196,-52.198196,-52.198196,-52.198196,-52.198196,-52.198196,-52.198196,-52.198196,-52.198196,-52.198196,-52.198196,-52.198196,-52.198196,-52.198196,-52.198196,-52.198196,-52.198196,-52.198196,-52.198196,-52.198196,-52.198196,-52.198196,-52.198196,-52.198196,-52.198196,-52.198196,-52.198196,-52.198196,-52.198196,-52.198196,-52.198196,-52.198196,-52.198196,-52.198196,-52.198196,-52.198196,-52.198196,-52.198196,-52.198196,-52.198196,-52.198196,-52.198196,-52.198196,-52.198196,-52.198196,-52.198196,-52.198196,-52.198196,-52.198196,-52.198196,-52.198196,-52.198196,-52.198196,-52.198196,-52.198196,-52.198196,-52.198196,-52.198196,-52.198196,-52.198196,-52.198196,-52.198196,-52.198196,-52.198196,-52.198196,-52.198196,-52.198196,-52.198196,-52.198196,-52.198196,-52.198196,-52.198196,-52.198196,-52.198196,-52.198196,-52.198196,-52.198196,-52.198196,-52.198196,-52.198196,-52.198196,-52.198196,-52.198196,-52.198196,-52.198196,-52.198196,-52.198196,-52.198196,-52.198196,-52.198196,-52.198196,-52.198196,-52.198196,-52.198196,-52.198196,-52.198196,-52.198196,-52.198196,-52.198196,-52.198196,-52.198196,-52.198196,-52.198196,-52.198196,-52.198196,-52.198196,-52.198196,-52.198196,-52.198196,-52.198196,-52.198196,-52.198196,-52.198196,-52.198196,-52.198196,-52.198196,-52.198196,-52.198196,-52.198196,-52.198196,-52.198196,-52.198196,-52.198196,-52.198196,-52.198196,-52.198196,-52.198196,-52.198196,-52.198196,-52.198196,-52.198196,-52.198196,-52.198196,-52.198196,-52.198196,-52.198196,-52.198196,-52.198196,-52.198196,-52.198196,-52.198196,-52.198196,-52.198196,-52.198196,-52.198196,-52.198196,-52.198196,-52.198196,-52.198196,-52.198196,-52.198196,-52.198196,-52.198196,-52.198196,-52.198196,-52.198196,-52.198196,-52.198196,-52.198196,-52.198196,-52.198196,-52.198196,-52.198196,-52.198196,-52.198196,-52.198196,-52.198196,-52.198196,-52.198196,-52.198196,-52.198196,-52.198196,-52.198196,-52.198196,-52.198196,-52.198196,-52.198196,-52.198196,-52.198196,-52.198196,-52.198196,-52.198196,-52.198196,-52.198196,-52.198196,-52.198196,-52.198196,-52.198196,-52.198196,-52.198196,-52.198196,-52.198196,-52.198196,-52.198196,-52.198196,-52.198196,-52.198196,-52.198196,-52.198196,-52.198196,-52.198196,-51.37417,-50.31877,-48.18843,-48.867104,-51.157127,-52.198196,-52.198196,-52.198196,-48.51179,-45.646523,-44.99237,-45.93958,-48.16957,-49.940033,-50.42536,-50.622868,-50.786697,-49.981865,-49.927765,-49.927734,-49.931656,-49.700016,-48.83842,-48.233944,-48.07218,-48.27383,-48.80748,-50.06613,-52.198196,-52.198196,-52.198196,-52.198196,-52.198196,-52.198196,-52.198196,-52.198196,-52.198196,-52.198196,-52.198196,-52.198196,-52.198196,-52.198196,-52.198196,-52.198196,-52.198196,-52.198196,-52.198196,-52.198196,-52.198196,-52.198196,-52.198196,-52.198196,-52.198196,-52.198196,-52.198196,-52.198196,-52.198196,-52.198196,-52.198196,-52.198196,-52.198196,-52.198196,-52.198196,-52.198196,-52.198196,-52.198196,-52.198196,-52.198196,-52.198196,-52.198196,-52.198196,-52.198196,-52.198196,-52.198196,-52.198196,-52.198196,-52.198196,-52.198196,-52.198196,-52.198196,-52.198196,-52.198196,-52.198196,-52.198196,-52.198196,-52.198196,-52.198196,-52.198196,-52.198196,-52.198196,-52.198196,-52.198196,-52.198196,-52.198196,-52.198196,-52.198196,-52.198196,-52.198196,-52.198196,-52.198196,-52.198196,-52.198196,-52.198196,-52.198196,-52.198196,-52.198196,-49.65704
-34.33266,-40.352993,-52.198196,-52.198196,-52.198196,-52.198196,-52.198196,-52.198196,-52.198196,-52.198196,-52.198196,-52.198196,-52.198196,-52.198196,-52.198196,-52.198196,-52.198196,-52.198196,-52.198196,-52.198196,-52.198196,-52.198196,-52.198196,-52.198196,-52.198196,-51.446144,-51.508667,-50.976112,-52.137535,-52.198196,-52.198196,-52.198196,-52.198196,-52.198196,-52.198196,-52.198196,-52.198196,-52.198196,-52.198196,-52.198196,-52.198196,-52.198196,-52.198196,-52.198196,-52.198196,-52.198196,-52.198196,-52.198196,-52.198196,-52.198196,-52.198196,-52.198196,-52.198196,-52.198196,-52.198196,-52.198196,-52.198196,-52.198196,-52.198196,-52.198196,-52.198196,-52.198196,-52.198196,-52.198196,-52.198196,-52.198196,-52.198196,-52.198196,-52.198196,-52.198196,-52.198196,-52.198196,-52.198196,-52.198196,-52.198196,-52.198196,-52.198196,-52.198196,-52.198196,-52.198196,-52.198196,-52.198196,-52.198196,-52.198196,-52.198196,-52.198196,-52.198196,-52.198196,-52.198196,-52.198196,-52.198196,-52.198196,-52.198196,-52.198196,-52.198196,-52.198196,-52.198196,-52.198196,-52.198196,-52.198196,-52.198196,-52.198196,-52.198196,-52.198196,-52.198196,-52.198196,-52.198196,-52.198196,-52.198196,-52.198196,-52.198196,-52.198196,-52.198196,-52.198196,-52.198196,-52.198196,-52.198196,-52.198196,-52.198196,-52.198196,-52.198196,-52.198196,-52.198196,-52.198196,-52.198196,-52.198196,-52.198196,-52.198196,-52.198196,-52.198196,-52.198196,-52.198196,-52.198196,-52.198196,-52.198196,-52.198196,-52.198196,-52.198196,-52.198196,-52.198196,-52.198196,-52.198196,-52.198196,-52.198196,-52.198196,-52.198196,-52.198196,-52.198196,-52.198196,-52.198196,-52.198196,-52.198196,-52.198196,-52.198196,-52.198196,-52.198196,-52.198196,-52.198196,-52.198196,-52.198196,-52.198196,-52.198196,-52.198196,-52.198196,-52.198196,-52.198196,-52.198196,-52.198196,-52.198196,-52.198196,-52.198196,-52.198196,-52.198196,-52.198196,-52.198196,-52.198196,-52.198196,-52.198196,-52.198196,-52.198196,-52.198196,-52.198196,-52.198196,-52.198196,-52.198196,-52.198196,-52.198196,-52.198196,-52.198196,-52.198196,-52.198196,-52.198196,-52.198196,-52.198196,-52.198196,-52.198196,-52.198196,-52.198196,-52.198196,-52.198196,-52.198196,-52.198196,-52.198196,-52.198196,-52.198196,-52.198196,-52.198196,-52.198196,-52.198196,-52.198196,-52.198196,-52.198196,-52.198196,-52.198196,-52.198196,-52.198196,-52.198196,-52.198196,-52.198196,-52.198196,-52.198196,-52.198196,-52.198196,-52.198196,-52.198196,-52.198196,-52.198196,-52.198196,-52.198196,-52.198196,-52.198196,-52.198196,-52.198196,-52.198196,-52.198196,-52.198196,-52.198196,-52.198196,-52.198196,-52.198196,-52.198196,-52.198196,-52.198196,-52.198196,-52.198196,-52.198196,-52.198196,-52.198196,-52.198196,-52.198196,-52.198196,-52.198196,-52.198196,-52.198196,-52.198196,-52.198196,-52.198196,-52.198196,-52.198196,-52.198196,-52.198196,-52.198196,-52.198196,-52.198196,-52.198196,-52.198196,-52.198196,-52.198196,-52.198196,-52.198196,-52.198196,-52.198196,-52.198196,-52.198196,-52.198196,-52.198196,-52.198196,-52.198196,-52.198196,-52.198196,-52.198196,-52.198196,-52.198196,-52.198196,-52.198196,-52.198196,-52.198196,-52.198196,-52.198196,-52.198196,-52.198196,-52.198196,-52.198196,-52.198196,-52.198196,-52.198196,-52.198196,-52.198196,-52.198196,-52.198196,-52.198196,-52.198196,-52.198196,-52.198196,-52.198196,-52.198196,-52.198196,-52.198196,-52.198196,-52.198196,-52.198196,-52.198196,-52.198196,-52.198196,-52.198196,-52.198196,-52.198196,-52.198196,-52.198196,-52.198196,-52.198196,-52.198196,-52.198196,-52.198196,-52.198196,-52.198196,-52.198196,-52.198196,-52.198196,-52.198196,-52.198196,-52.198196,-52.198196,-52.198196,-52.198196,-52.198196,-52.198196,-52.198196,-52.198196,-52.198196,-52.198196,-52.198196,-52.198196,-52.198196,-52.198196,-52.198196,-52.198196,-52.198196,-52.198196,-52.198196,-52.198196,-52.198196,-52.198196,-52.198196,-52.198196,-52.198196,-52.198196,-52.198196,-52.198196,-52.198196,-52.198196,-52.198196,-52.198196,-52.198196,-52.198196,-52.198196,-52.198196,-52.198196,-52.198196,-52.198196,-52.198196,-52.198196,-52.198196,-52.198196,-52.198196,-52.198196,-52.198196,-52.198196,-52.198196,-52.198196,-52.198196,-52.198196,-52.198196,-52.198196,-52.198196,-52.198196,-52.198196,-52.198196,-52.198196,-52.198196,-52.198196,-52.198196,-52.198196,-52.198196,-52.198196,-52.198196,-52.198196,-52.198196,-52.198196,-52.198196,-52.198196,-52.198196,-52.198196,-52.198196,-52.198196,-52.198196,-52.198196,-52.198196,-52.198196,-52.198196,-52.198196,-52.198196,-52.198196,-52.198196,-52.198196,-52.198196,-52.198196,-52.198196,-52.198196,-52.198196,-52.198196,-52.198196,-52.198196,-52.198196,-52.198196,-52.198196,-52.198196,-52.198196,-52.198196,-52.198196,-52.198196,-52.198196,-52.198196,-52.198196,-52.198196,-52.198196,-52.198196,-52.198196,-52.198196,-52.198196,-52.198196,-52.198196,-52.198196,-52.198196,-52.198196,-52.198196,-52.198196,-52.198196,-52.198196,-52.198196,-52.198196,-52.198196,-52.198196,-52.198196,-52.198196,-52.198196,-52.198196,-52.198196,-52.198196,-52.198196,-52.198196,-52.198196,-52.198196,-52.198196,-52.198196,-52.198196,-52.198196,-52.198196,-52.198196,-52.198196,-52.198196,-52.198196,-52.198196,-52.198196,-52.198196,-52.198196,-52.198196,-52.198196,-52.198196,-52.198196,-52.198196,-52.198196,-52.198196,-52.198196,-52.198196,-52.198196,-52.198196,-52.198196,-52.198196,-52.198196,-52.198196,-52.198196,-52.198196,-52.198196,-52.198196,-52.198196,-52.198196,-52.198196,-52.198196,-52.198196,-52.198196,-52.198196,-52.198196,-52.198196,-52.198196,-52.198196,-52.198196,-52.198196,-52.198196,-52.198196,-52.198196,-52.198196,-52.198196,-52.198196,-52.198196,-52.198196,-52.198196,-52.198196,-52.198196,-52.198196,-52.198196,-52.198196,-52.198196,-52.198196,-52.198196,-52.198196,-52.198196,-52.198196,-52.198196,-52.198196,-52.198196,-52.198196,-52.198196,-52.198196,-52.198196,-52.198196,-52.198196,-52.198196,-52.198196,-52.198196,-52.198196,-52.198196,-52.198196,-52.198196,-52.198196,-52.198196,-52.198196,-52.198196,-52.198196,-52.198196,-52.198196,-52.198196,-52.198196,-52.198196,-52.198196,-52.198196,-52.198196,-52.198196,-52.198196,-52.198196,-52.198196,-52.198196,-52.198196,-52.198196,-52.198196,-52.198196,-52.198196,-52.198196,-52.198196,-52.198196,-52.198196,-52.198196,-52.198196,-52.198196,-52.198196,-52.198196,-52.198196,-52.198196,-52.198196,-52.198196,-52.198196,-52.198196,-52.198196,-52.198196,-52.198196,-52.198196,-52.198196,-52.198196,-52.198196,-52.198196,-52.198196,-52.198196,-52.198196,-52.198196,-52.198196,-52.198196,-52.198196,-52.198196,-52.198196,-52.198196,-52.198196,-52.198196,-52.198196,-52.198196,-52.198196,-52.198196,-52.198196,-52.198196,-52.198196,-52.198196,-52.198196,-52.198196,-52.198196,-52.198196,-52.198196,-52.198196,-52.198196,-52.198196,-52.198196,-52.198196,-52.198196,-52.198196,-52.198196,-52.198196,-52.198196,-52.198196,-52.198196,-52.198196,-52.198196,-52.198196,-52.198196,-52.198196,-52.198196,-52.198196,-52.198196,-52.198196,-52.198196,-52.198196,-52.198196,-52.198196,-52.198196,-52.198196,-52.198196,-52.198196,-52.198196,-52.198196,-52.198196,-52.198196,-52.198196,-52.198196,-52.198196,-52.198196,-52.198196,-52.198196,-52.198196,-52.198196,-52.198196,-52.198196,-52.198196,-52.198196,-52.198196,-52.198196,-52.198196,-52.198196,-52.198196,-52.198196,-52.198196,-52.198196,-52.198196,-52.198196,-52.198196,-52.198196,-52.198196,-52.198196,-52.198196,-52.198196,-52.198196,-52.198196,-52.198196,-52.198196,-52.198196,-52.198196,-52.198196,-52.198196,-52.198196,-52.198196,-52.198196,-52.198196,-52.198196,-52.198196,-52.198196,-52.198196,-52.198196,-52.198196,-52.198196,-52.198196,-52.198196,-52.198196,-52.198196,-52.198196,-52.198196,-52.198196,-52.198196,-52.198196,-52.198196,-52.198196,-52.198196,-52.198196,-52.198196,-52.198196,-52.198196,-52.198196,-52.198196,-52.198196,-52.198196,-52.198196,-52.198196,-52.198196,-52.198196,-52.198196,-52.198196,-52.198196,-52.198196,-52.198196,-52.198196,-52.198196,-52.198196,-52.198196,-52.198196,-52.198196,-52.198196,-52.198196,-52.198196,-52.198196,-52.198196,-52.198196,-52.198196,-52.198196,-52.198196,-52.198196,-52.198196,-52.198196,-52.198196,-52.198196,-52.198196,-52.198196,-52.198196,-52.198196,-52.198196,-52.198196,-52.198196,-52.198196,-52.198196,-52.198196,-52.198196,-52.198196,-52.198196,-52.198196,-52.198196,-52.198196,-52.198196,-52.198196,-52.198196,-52.198196,-52.198196,-52.198196,-52.198196,-52.198196,-52.198196,-52.198196,-52.198196,-52.198196,-52.198196,-52.198196,-52.198196,-52.198196,-52.198196,-52.198196,-52.198196,-52.198196,-52.198196,-52.198196,-52.198196,-52.198196,-52.198196,-52.198196,-52.198196,-52.198196,-52.198196,-52.198196,-52.198196,-52.198196,-52.198196,-52.198196,-52.198196,-52.198196,-52.198196,-52.198196,-52.198196,-52.198196,-52.198196,-52.198196,-52.198196,-52.198196,-52.198196,-52.198196,-52.198196,-52.198196,-52.198196,-52.198196,-52.198196,-52.198196,-52.198196,-52.198196,-52.198196,-52.198196,-52.198196,-52.198196,-52.198196,-52.198196,-52.198196,-52.198196,-52.198196,-52.198196,-52.198196,-52.198196,-52.198196,-52.198196,-52.198196,-52.198196,-52.198196,-52.198196,-52.198196,-52.198196,-52.198196,-52.198196,-52.198196,-52.198196,-52.198196,-52.198196,-52.198196,-52.198196,-52.198196,-52.198196,-52.198196,-52.198196,-52.198196,-52.198196,-52.198196,-52.198196,-52.198196,-52.198196,-52.198196,-52.198196,-52.198196,-52.198196,-52.198196,-52.198196,-52.198196,-52.198196,-52.198196,-52.198196,-52.198196,-52.198196,-52.198196,-52.198196,-52.198196,-52.198196,-52.198196,-52.198196,-52.198196,-52.198196,-52.198196,-52.198196,-52.198196,-52.198196,-52.198196,-52.198196,-52.198196,-52.198196,-52.198196,-52.198196,-52.198196,-52.198196,-52.198196,-52.198196,-52.198196,-52.198196,-52.198196,-52.198196,-52.198196,-52.198196,-52.198196,-52.198196,-52.198196,-52.198196,-52.198196,-52.198196,-52.198196,-52.198196,-52.198196,-52.198196,-52.198196,-52.198196,-52.198196,-52.198196,-52.198196,-52.198196,-52.198196,-52.198196,-52.198196,-52.198196,-52.198196,-52.198196,-52.198196,-52.198196,-52.198196,-52.198196,-52.198196,-52.198196,-52.198196,-52.198196,-52.198196,-52.198196,-52.198196,-52.198196,-52.198196,-52.198196,-52.198196,-52.198196,-52.198196,-52.198196,-52.198196,-52.198196,-52.198196,-52.198196,-52.198196,-52.198196,-52.198196,-52.198196,-52.198196,-52.198196,-52.198196,-52.198196,-52.198196,-52.198196,-52.198196,-52.198196,-52.198196,-52.198196,-52.198196,-52.198196,-52.198196,-52.198196,-52.198196,-52.198196,-52.198196,-52.198196,-52.198196,-52.198196,-52.198196,-52.198196,-52.198196,-52.198196,-52.198196,-52.198196,-52.198196,-52.198196,-52.198196,-52.198196,-52.198196,-52.198196,-52.198196,-52.198196,-52.198196,-52.198196,-52.198196,-52.198196,-52.198196,-52.198196,-52.198196,-52.198196,-52.198196,-52.198196,-52.198196,-52.198196,-52.198196,-52.198196,-52.198196,-52.198196,-52.198196,-52.198196,-52.198196,-52.198196,-52.198196,-52.198196,-52.198196,-52.198196,-52.198196,-52.198196,-52.198196,-52.198196,-52.198196,-52.198196,-52.198196,-52.198196,-52.198196,-52.198196,-52.198196,-52.198196,-52.198196,-52.198196,-52.198196,-52.198196,-52.198196,-52.198196,-52.198196,-52.198196,-52.198196,-52.198196,-52.198196,-52.198196,-52.198196,-52.198196,-52.198196,-52.198196,-52.198196,-52.198196,-52.198196,-52.198196,-52.198196,-52.198196,-52.198196,-52.198196,-52.198196,-52.198196,-52.198196,-52.198196,-52.198196,-52.198196,-52.198196,-52.198196,-52.198196,-52.198196,-52.198196,-52.198196,-52.198196,-52.198196,-52.198196,-52.198196,-52.198196,-52.198196,-52.198196,-52.198196,-52.198196,-52.198196,-52.198196,-52.198196,-52.198196,-52.198196,-52.198196,-52.198196,-52.198196,-52.198196,-52.198196,-52.198196,-52.198196,-52.198196,-52.198196,-52.198196,-52.198196,-52.198196,-52.198196,-52.198196,-52.198196,-52.198196,-52.198196,-52.198196,-52.198196,-52.198196,-52.198196,-52.198196,-52.198196,-52.198196,-52.198196,-52.198196,-52.198196,-52.198196,-52.198196,-52.198196,-52.198196,-52.198196,-52.198196,-52.198196,-52.198196,-52.198196,-52.198196,-52.198196,-52.198196,-52.198196,-52.198196,-52.198196,-52.198196,-52.198196,-52.198196,-52.198196,-52.198196,-52.198196,-52.198196,-52.198196,-52.198196,-52.198196,-52.198196,-52.198196,-52.198196,-52.198196,-52.198196,-52.198196,-52.198196,-52.198196,-52.198196,-52.198196,-52.198196,-52.198196,-52.198196,-52.198196,-52.198196,-52.198196,-52.198196,-52.198196,-52.198196,-52.198196,-52.198196,-52.198196,-52.198196,-52.198196,-52.198196,-52.198196,-52.198196,-52.198196,-52.198196,-52.198196,-52.198196,-52.198196,-52.198196,-52.198196,-52.198196,-52.198196,-52.198196,-52.198196,-52.198196,-52.198196,-52.198196,-52.198196,-52.198196,-52.198196,-52.198196,-52.198196,-52.198196,-52.198196,-52.198196,-52.198196,-52.198196,-52.198196,-52.198196,-52.198196,-52.198196,-52.198196,-52.198196,-52.198196,-52.198196,-52.198196,-52.198196,-52.198196,-52.198196,-52.198196,-52.198196,-52.198196,-52.198196,-52.198196,-52.198196,-52.198196,-52.198196,-52.198196,-52.198196,-52.198196,-52.198196,-52.198196,-52.198196,-52.198196,-52.198196,-52.198196,-52.198196,-52.198196,-52.198196,-52.198196,-52.198196,-52.198196,-52.198196,-52.198196,-52.198196,-52.198196,-52.198196,-52.198196,-52.198196,-52.198196,-52.198196,-52.198196,-52.198196,-52.198196,-52.198196,-52.198196,-52.198196,-52.198196,-52.198196,-52.198196,-52.198196,-52.198196,-52.198196,-52.198196,-52.198196,-52.198196,-52.198196,-52.198196,-52.198196,-52.198196,-52.198196,-52.198196,-52.198196,-52.198196,-52.198196,-52.198196,-52.198196,-52.198196,-52.198196,-52.198196,-52.198196,-52.198196,-52.198196,-52.198196,-52.198196,-52.198196,-52.198196,-52.198196,-52.198196,-52.198196,-52.198196,-52.198196,-52.198196,-52.198196,-52.198196,-52.198196,-52.198196,-52.198196,-52.198196,-52.198196,-52.198196,-52.198196,-52.198196,-52.198196,-52.198196,-52.198196,-52.198196,-52.198196,-52.198196,-52.198196,-52.198196,-52.198196,-52.198196,-52.198196,-52.198196,-52.198196,-52.198196,-52.198196,-52.198196,-52.198196,-52.198196,-52.198196,-52.198196,-52.198196,-52.198196,-52.198196,-52.198196,-52.198196,-52.198196,-52.198196,-52.198196,-52.198196,-52.198196,-52.198196,-52.198196,-49.725784
-34.57055,-40.59093,-52.198196,-52.198196,-52.198196,-52.198196,-52.198196,-52.198196,-52.198196,-52.198196,-52.198196,-52.198196,-52.198196,-52.198196,-52.198196,-52.198196,-52.198196,-52.198196,-52.198196,-52.198196,-52.198196,-52.198196,-52.198196,-52.198196,-52.198196,-52.198196,-52.198196,-52.198196,-52.198196,-52.198196,-52.198196,-52.198196,-52.198196,-52.198196,-52.198196,-52.198196,-52.198196,-52.198196,-52.198196,-52.198196,-52.198196,-52.198196,-52.198196,-52.198196,-52.198196,-52.198196,-52.198196,-52.198196,-52.198196,-52.198196,-52.198196,-52.198196,-52.198196,-52.198196,-52.198196,-52.198196,-52.198196,-52.198196,-52.198196,-52.198196,-52.198196,-52.198196,-52.198196,-52.198196,-52.198196,-52.198196,-52.198196,-52.198196,-52.198196,-52.198196,-52.198196,-52.198196,-52.198196,-52.198196,-52.198196,-52.198196,-52.198196,-52.198196,-52.198196,-52.198196,-52.198196,-52.198196,-52.198196,-52.198196,-52.198196,-52.198196,-52.198196,-52.198196,-52.198196,-52.198196,-52.198196,-52.198196,-52.198196,-52.198196,-52.198196,-52.198196,-52.198196,-52.198196,-52.198196,-52.198196,-52.198196,-52.198196,-52.198196,-52.198196,-52.198196,-52.198196,-52.198196,-52.198196,-52.198196,-52.198196,-52.198196,-52.198196,-52.198196,-52.198196,-52.198196,-52.198196,-52.198196,-52.198196,-52.198196,-52.198196,-52.198196,-52.198196,-52.198196,-52.198196,-52.198196,-52.198196,-52.198196,-52.198196,-52.198196,-52.198196,-52.198196,-52.198196,-52.198196,-52.198196,-52.198196,-52.198196,-52.198196,-52.198196,-52.198196,-52.198196,-52.198196,-52.198196,-52.198196,-52.198196,-52.198196,-52.198196,-52.198196,-52.198196,-52.198196,-52.198196,-52.198196,-52.198196,-52.198196,-52.198196,-52.198196,-52.198196,-52.198196,-52.198196,-52.198196,-52.198196,-52.198196,-52.198196,-52.198196,-52.198196,-52.198196,-52.198196,-52.198196,-52.198196,-52.198196,-52.198196,-52.198196,-52.198196,-52.198196,-52.198196,-52.198196,-52.198196,-52.198196,-52.198196,-52.198196,-52.198196,-52.198196,-52.198196,-52.198196,-52.198196,-52.198196,-52.198196,-52.198196,-52.198196,-52.198196,-52.198196,-52.198196,-52.198196,-52.198196,-52.198196,-52.198196,-52.198196,-52.198196,-52.198196,-52.198196,-52.198196,-52.198196,-52.198196,-52.198196,-52.198196,-52.198196,-52.198196,-52.198196,-52.198196,-52.198196,-52.198196,-52.198196,-52.198196,-52.198196,-52.198196,-52.198196,-52.198196,-52.198196,-52.198196,-52.198196,-52.198196,-52.198196,-52.198196,-52.198196,-52.198196,-52.198196,-52.198196,-52.198196,-52.198196,-52.198196,-52.198196,-52.198196,-52.198196,-52.198196,-52.198196,-52.198196,-52.198196,-52.198196,-52.198196,-52.198196,-52.198196,-52.198196,-52.198196,-52.198196,-52.198196,-52.198196,-52.198196,-52.198196,-52.198196,-52.198196,-52.198196,-52.198196,-52.198196,-52.198196,-52.198196,-52.198196,-52.198196,-52.198196,-52.198196,-52.198196,-52.198196,-52.198196,-52.198196,-52.198196,-52.198196,-52.198196,-52.198196,-52.198196,-52.198196,-52.198196,-52.198196,-52.198196,-52.198196,-52.198196,-52.198196,-52.198196,-52.198196,-52.198196,-52.198196,-52.198196,-52.198196,-52.198196,-52.198196,-52.198196,-52.198196,-52.198196,-52.198196,-52.198196,-52.198196,-52.198196,-52.198196,-52.198196,-52.198196,-52.198196,-52.198196,-52.198196,-52.198196,-52.198196,-52.198196,-52.198196,-52.198196,-52.198196,-52.198196,-52.198196,-52.198196,-52.198196,-52.198196,-52.198196,-52.198196,-52.198196,-52.198196,-52.198196,-52.198196,-52.198196,-52.198196,-52.198196,-52.198196,-52.198196,-52.198196,-52.198196,-52.198196,-52.198196,-52.198196,-52.198196,-52.198196,-52.198196,-52.198196,-52.198196,-52.198196,-52.198196,-52.198196,-52.198196,-52.198196,-52.198196,-52.198196,-52.198196,-52.198196,-52.198196,-52.198196,-52.198196,-52.198196,-52.198196,-52.198196,-52.198196,-52.198196,-52.198196,-52.198196,-52.198196,-52.198196,-52.198196,-52.198196,-52.198196,-52.198196,-52.198196,-52.198196,-52.198196,-52.198196,-52.198196,-52.198196,-52.198196,-52.198196,-52.198196,-52.198196,-52.198196,-52.198196,-52.198196,-52.198196,-52.198196,-52.198196,-52.198196,-52.198196,-52.198196,-52.198196,-52.198196,-52.198196,-52.198196,-52.198196,-52.198196,-52.198196,-52.198196,-52.198196,-52.198196,-52.198196,-52.198196,-52.198196,-52.198196,-52.198196,-52.198196,-52.198196,-52.198196,-52.198196,-52.198196,-52.198196,-52.198196,-52.198196,-52.198196,-52.198196,-52.198196,-52.198196,-52.198196,-52.198196,-52.198196,-52.198196,-52.198196,-52.198196,-52.198196,-52.198196,-52.198196,-52.198196,-52.198196,-52.198196,-52.198196,-52.198196,-52.198196,-52.198196,-52.198196,-52.198196,-52.198196,-52.198196,-52.198196,-52.198196,-52.198196,-52.198196,-52.198196,-52.198196,-52.198196,-52.198196,-52.198196,-52.198196,-52.198196,-52.198196,-52.198196,-52.198196,-52.198196,-52.198196,-52.198196,-52.198196,-52.198196,-52.198196,-52.198196,-52.198196,-52.198196,-52.198196,-52.198196,-52.198196,-52.198196,-52.198196,-52.198196,-52.198196,-52.198196,-52.198196,-52.198196,-52.198196,-52.198196,-52.198196,-52.198196,-52.198196,-52.198196,-52.198196,-52.198196,-52.198196,-52.198196,-52.198196,-52.198196,-52.198196,-52.198196,-52.198196,-52.198196,-52.198196,-52.198196,-52.198196,-52.198196,-52.198196,-52.198196,-52.198196,-52.198196,-52.198196,-52.198196,-52.198196,-52.198196,-52.198196,-52.198196,-52.198196,-52.198196,-52.198196,-52.198196,-52.198196,-52.198196,-52.198196,-52.198196,-52.198196,-52.198196,-52.198196,-52.198196,-52.198196,-52.198196,-52.198196,-52.198196,-52.198196,-52.198196,-52.198196,-52.198196,-52.198196,-52.198196,-52.198196,-52.198196,-52.198196,-52.198196,-52.198196,-52.198196,-52.198196,-52.198196,-52.198196,-52.198196,-52.198196,-52.198196,-52.198196,-52.198196,-52.198196,-52.198196,-52.198196,-52.198196,-52.198196,-52.198196,-52.198196,-52.198196,-52.198196,-52.198196,-52.198196,-52.198196,-52.198196,-52.198196,-52.198196,-52.198196,-52.198196,-52.198196,-52.198196,-52.198196,-52.198196,-52.198196,-52.198196,-52.198196,-52.198196,-52.198196,-52.198196,-52.198196,-52.198196,-52.198196,-52.198196,-52.198196,-52.198196,-52.198196,-52.198196,-52.198196,-52.198196,-52.198196,-52.198196,-52.198196,-52.198196,-52.198196,-52.198196,-52.198196,-52.198196,-52.198196,-52.198196,-52.198196,-52.198196,-52.198196,-52.198196,-52.198196,-52.198196,-52.198196,-52.198196,-52.198196,-52.198196,-52.198196,-52.198196,-52.198196,-52.198196,-52.198196,-52.198196,-52.198196,-52.198196,-52.198196,-52.198196,-52.198196,-52.198196,-52.198196,-52.198196,-52.198196,-52.198196,-52.198196,-52.198196,-52.198196,-52.198196,-52.198196,-52.198196,-52.198196,-52.198196,-52.198196,-52.198196,-52.198196,-52.198196,-52.198196,-52.198196,-52.198196,-52.198196,-52.198196,-52.198196,-52.198196,-52.198196,-52.198196,-52.198196,-52.198196,-52.198196,-52.198196,-52.198196,-52.198196,-52.198196,-52.198196,-52.198196,-52.198196,-52.198196,-52.198196,-52.198196,-52.198196,-52.198196,-52.198196,-52.198196,-52.198196,-52.198196,-52.198196,-52.198196,-52.198196,-52.198196,-52.198196,-52.198196,-52.198196,-52.198196,-52.198196,-52.198196,-52.198196,-52.198196,-52.198196,-52.198196,-52.198196,-52.198196,-52.198196,-52.198196,-52.198196,-52.198196,-52.198196,-52.198196,-52.198196,-52.198196,-52.198196,-52.198196,-52.198196,-52.198196,-52.198196,-52.198196,-52.198196,-52.198196,-52.198196,-52.198196,-52.198196,-52.198196,-52.198196,-52.198196,-52.198196,-52.198196,-52.198196,-52.198196,-52.198196,-52.198196,-52.198196,-52.198196,-52.198196,-52.198196,-52.198196,-52.198196,-52.198196,-52.198196,-52.198196,-52.198196,-52.198196,-52.198196,-52.198196,-52.198196,-52.198196,-52.198196,-52.198196,-52.198196,-52.198196,-52.198196,-52.198196,-52.198196,-52.198196,-52.198196,-52.198196,-52.198196,-52.198196,-52.198196,-52.198196,-52.198196,-52.198196,-52.198196,-52.198196,-52.198196,-52.198196,-52.198196,-52.198196,-52.198196,-52.198196,-52.198196,-52.198196,-52.198196,-52.198196,-52.198196,-52.198196,-52.198196,-52.198196,-52.198196,-52.198196,-52.198196,-52.198196,-52.198196,-52.198196,-52.198196,-52.198196,-52.198196,-52.198196,-52.198196,-52.198196,-52.198196,-52.198196,-52.198196,-52.198196,-52.198196,-52.198196,-52.198196,-52.198196,-52.198196,-52.198196,-52.198196,-52.198196,-52.198196,-52.198196,-52.198196,-52.198196,-52.198196,-52.198196,-52.198196,-52.198196,-52.198196,-52.198196,-52.198196,-52.198196,-52.198196,-52.198196,-52.198196,-52.198196,-52.198196,-52.198196,-52.198196,-52.198196,-52.198196,-52.198196,-52.198196,-52.198196,-52.198196,-52.198196,-52.198196,-52.198196,-52.198196,-52.198196,-52.198196,-52.198196,-52.198196,-52.198196,-52.198196,-52.198196,-52.198196,-52.198196,-52.198196,-52.198196,-52.198196,-52.198196,-52.198196,-52.198196,-52.198196,-52.198196,-52.198196,-52.198196,-52.198196,-52.198196,-52.198196,-52.198196,-52.198196,-52.198196,-52.198196,-52.198196,-52.198196,-52.198196,-52.198196,-52.198196,-52.198196,-52.198196,-52.198196,-52.198196,-52.198196,-52.198196,-52.198196,-52.198196,-52.198196,-52.198196,-52.198196,-52.198196,-52.198196,-52.198196,-52.198196,-52.198196,-52.198196,-52.198196,-52.198196,-52.198196,-52.198196,-52.198196,-52.198196,-52.198196,-52.198196,-52.198196,-52.198196,-52.198196,-52.198196,-52.198196,-52.198196,-52.198196,-52.198196,-52.198196,-52.198196,-52.198196,-52.198196,-52.198196,-52.198196,-52.198196,-52.198196,-52.198196,-52.198196,-52.198196,-52.198196,-52.198196,-52.198196,-52.198196,-52.198196,-52.198196,-52.198196,-52.198196,-52.198196,-52.198196,-52.198196,-52.198196,-52.198196,-52.198196,-52.198196,-52.198196,-52.198196,-52.198196,-52.198196,-52.198196,-52.198196,-52.198196,-52.198196,-52.198196,-52.198196,-52.198196,-52.198196,-52.198196,-52.198196,-52.198196,-52.198196,-52.198196,-52.198196,-52.198196,-52.198196,-52.198196,-52.198196,-52.198196,-52.198196,-52.198196,-52.198196,-52.198196,-52.198196,-52.198196,-52.198196,-52.198196,-52.198196,-52.198196,-52.198196,-52.198196,-52.198196,-52.198196,-52.198196,-52.198196,-52.198196,-52.198196,-52.198196,-52.198196,-52.198196,-52.198196,-52.198196,-52.198196,-52.198196,-52.198196,-52.198196,-52.198196,-52.198196,-52.198196,-52.198196,-52.198196,-52.198196,-52.198196,-52.198196,-52.198196,-52.198196,-52.198196,-52.198196,-52.198196,-52.198196,-52.198196,-52.198196,-52.198196,-52.198196,-52.198196,-52.198196,-52.198196,-52.198196,-52.198196,-52.198196,-52.198196,-52.198196,-52.198196,-52.198196,-52.198196,-52.198196,-52.198196,-52.198196,-52.198196,-52.198196,-52.198196,-52.198196,-52.198196,-52.198196,-52.198196,-52.198196,-52.198196,-52.198196,-52.198196,-52.198196,-52.198196,-52.198196,-52.198196,-52.198196,-52.198196,-52.198196,-52.198196,-52.198196,-52.198196,-52.198196,-52.198196,-52.198196,-52.198196,-52.198196,-52.198196,-52.198196,-52.198196,-52.198196,-52.198196,-52.198196,-52.198196,-52.198196,-52.198196,-52.198196,-52.198196,-52.198196,-52.198196,-52.198196,-52.198196,-52.198196,-52.198196,-52.198196,-52.198196,-52.198196,-52.198196,-52.198196,-52.198196,-52.198196,-52.198196,-52.198196,-52.198196,-52.198196,-52.198196,-52.198196,-52.198196,-52.198196,-52.198196,-52.198196,-52.198196,-52.198196,-52.198196,-52.198196,-52.198196,-52.198196,-52.198196,-52.198196,-52.198196,-52.198196,-52.198196,-52.198196,-52.198196,-52.198196,-52.198196,-52.198196,-52.198196,-52.198196,-52.198196,-52.198196,-52.198196,-52.198196,-52.198196,-52.198196,-52.198196,-52.198196,-52.198196,-52.198196,-52.198196,-52.198196,-52.198196,-52.198196,-52.198196,-52.198196,-52.198196,-52.198196,-52.198196,-52.198196,-52.198196,-52.198196,-52.198196,-52.198196,-52.198196,-52.198196,-52.198196,-52.198196,-52.198196,-52.198196,-52.198196,-52.198196,-52.198196,-52.198196,-52.198196,-52.198196,-52.198196,-52.198196,-52.198196,-52.198196,-52.198196,-52.198196,-52.198196,-52.198196,-52.198196,-52.198196,-52.198196,-52.198196,-52.198196,-52.198196,-52.198196,-52.198196,-52.198196,-52.198196,-52.198196,-52.198196,-52.198196,-52.198196,-52.198196,-52.198196,-52.198196,-52.198196,-52.198196,-52.198196,-52.198196,-52.198196,-52.198196,-52.198196,-52.198196,-52.198196,-52.198196,-52.198196,-52.198196,-52.198196,-52.198196,-52.198196,-52.198196,-52.198196,-52.198196,-52.198196,-52.198196,-52.198196,-52.198196,-52.198196,-52.198196,-52.198196,-52.198196,-52.198196,-52.198196,-52.198196,-52.198196,-52.198196,-52.198196,-52.198196,-52.198196,-52.198196,-52.198196,-52.198196,-52.198196,-52.198196,-52.198196,-52.198196,-52.198196,-52.198196,-52.198196,-52.198196,-52.198196,-52.198196,-52.198196,-52.198196,-52.198196,-52.198196,-52.198196,-52.198196,-52.198196,-52.198196,-52.198196,-52.198196,-52.198196,-52.198196,-52.198196,-52.198196,-52.198196,-52.198196,-52.198196,-52.198196,-52.198196,-52.198196,-52.198196,-52.198196,-52.198196,-52.198196,-52.198196,-52.198196,-52.198196,-52.198196,-52.198196,-52.198196,-52.198196,-52.198196,-52.198196,-52.198196,-52.198196,-52.198196,-52.198196,-52.198196,-52.198196,-52.198196,-52.198196,-52.198196,-52.198196,-52.198196,-52.198196,-52.198196,-52.198196,-52.198196,-52.198196,-52.198196,-52.198196,-52.198196,-52.198196,-52.198196,-52.198196,-52.198196,-52.198196,-52.198196,-52.198196,-52.198196,-52.198196,-52.198196,-52.198196,-52.198196,-52.198196,-52.198196,-52.198196,-52.198196,-52.198196,-52.198196,-52.198196,-52.198196,-52.198196,-52.198196,-52.198196,-52.198196,-52.198196,-52.198196,-52.198196,-52.198196,-52.198196,-52.198196,-52.198196,-52.198196,-52.198196,-52.198196,-52.198196,-52.198196,-52.198196,-52.198196,-52.198196,-52.198196,-52.198196,-52.198196,-52.198196,-52.198196,-52.198196,-52.198196,-52.198196,-52.198196,-52.198196,-52.198196,-52.198196,-52.198196,-52.198196,-52.198196,-52.198196,-52.198196,-52.198196,-52.198196,-52.198196,-52.198196,-52.198196,-52.198196,-52.198196,-52.198196,-52.198196,-52.198196,-52.198196,-52.198196,-52.198196,-52.198196,-52.198196,-52.198196,-52.198196,-52.198196,-52.198196,-52.198196,-52.198196,-52.198196,-52.198196,-52.198196,-52.198196,-52.198196,-52.198196,-52.198196,-52.198196,-52.198196,-52.198196,-52.198196,-52.198196,-52.198196,-52.198196,-52.198196,-52.198196,-52.198196,-52.198196,-52.198196,-52.198196,-52.198196,-52.198196,-52.198196,-52.198196,-52.198196,-52.198196,-52.198196,-52.198196,-52.198196,-52.198196,-49.81873
-34.72255,-40.74288,-52.198196,-52.198196,-52.198196,-52.198196,-52.198196,-52.198196,-52.198196,-52.198196,-52.198196,-52.198196,-52.198196,-52.198196,-52.198196,-52.198196,-52.198196,-52.198196,-52.198196,-52.198196,-52.198196,-52.198196,-52.198196,-52.198196,-52.198196,-52.198196,-52.198196,-52.198196,-52.198196,-52.198196,-52.198196,-52.198196,-52.198196,-52.198196,-52.198196,-52.198196,-52.198196,-52.198196,-52.198196,-52.198196,-52.198196,-52.198196,-52.198196,-52.198196,-52.198196,-52.198196,-52.198196,-52.198196,-52.198196,-52.198196,-52.198196,-52.198196,-52.198196,-52.198196,-52.198196,-52.198196,-52.198196,-52.198196,-52.198196,-52.198196,-52.198196,-52.198196,-52.198196,-52.198196,-52.198196,-52.198196,-52.198196,-52.198196,-52.198196,-52.198196,-52.198196,-52.198196,-52.198196,-52.198196,-52.198196,-52.198196,-52.198196,-52.198196,-52.198196,-52.198196,-52.198196,-52.198196,-52.198196,-52.198196,-52.198196,-52.198196,-52.198196,-52.198196,-52.198196,-52.198196,-52.198196,-52.198196,-52.198196,-52.198196,-52.198196,-52.198196,-52.198196,-52.198196,-52.198196,-52.198196,-52.198196,-52.198196,-52.198196,-52.198196,-52.198196,-52.198196,-52.198196,-52.198196,-52.198196,-52.198196,-52.198196,-52.198196,-52.198196,-52.198196,-52.198196,-52.198196,-52.198196,-52.198196,-52.198196,-52.198196,-52.198196,-52.198196,-52.198196,-52.198196,-52.198196,-52.198196,-52.198196,-52.198196,-52.198196,-52.198196,-52.198196,-52.198196,-52.198196,-52.198196,-52.198196,-52.198196,-52.198196,-52.198196,-52.198196,-52.198196,-52.198196,-52.198196,-52.198196,-52.198196,-52.198196,-52.198196,-52.198196,-52.198196,-52.198196,-52.198196,-52.198196,-52.198196,-52.198196,-52.198196,-52.198196,-52.198196,-52.198196,-52.198196,-52.198196,-52.198196,-52.198196,-52.198196,-52.198196,-52.198196,-52.198196,-52.198196,-52.198196,-52.198196,-52.198196,-52.198196,-52.198196,-52.198196,-52.198196,-52.198196,-52.198196,-52.198196,-52.198196,-52.198196,-52.198196,-52.198196,-52.198196,-52.198196,-52.198196,-52.198196,-52.198196,-52.198196,-52.198196,-52.198196,-52.198196,-52.198196,-52.198196,-52.198196,-52.198196,-52.198196,-52.198196,-52.198196,-52.198196,-52.198196,-52.198196,-52.198196,-52.198196,-52.198196,-52.198196,-52.198196,-52.198196,-52.198196,-52.198196,-52.198196,-52.198196,-52.198196,-52.198196,-52.198196,-52.198196,-52.198196,-52.198196,-52.198196,-52.198196,-52.198196,-52.198196,-52.198196,-52.198196,-52.198196,-52.198196,-52.198196,-52.198196,-52.198196,-52.198196,-52.198196,-52.198196,-52.198196,-52.198196,-52.198196,-52.198196,-52.198196,-52.198196,-52.198196,-52.198196,-52.198196,-52.198196,-52.198196,-52.198196,-52.198196,-52.198196,-52.198196,-52.198196,-52.198196,-52.198196,-52.198196,-52.198196,-52.198196,-52.198196,-52.198196,-52.198196,-52.198196,-52.198196,-52.198196,-52.198196,-52.198196,-52.198196,-52.198196,-52.198196,-52.198196,-52.198196,-52.198196,-52.198196,-52.198196,-52.198196,-52.198196,-52.198196,-52.198196,-52.198196,-52.198196,-52.198196,-52.198196,-52.198196,-52.198196,-52.198196,-52.198196,-52.198196,-52.198196,-52.198196,-52.198196,-52.198196,-52.198196,-52.198196,-52.198196,-52.198196,-52.198196,-52.198196,-52.198196,-52.198196,-52.198196,-52.198196,-52.198196,-52.198196,-52.198196,-52.198196,-52.198196,-52.198196,-52.198196,-52.198196,-52.198196,-52.198196,-52.198196,-52.198196,-52.198196,-52.198196,-52.198196,-52.198196,-52.198196,-52.198196,-52.198196,-52.198196,-52.198196,-52.198196,-52.198196,-52.198196,-52.198196,-52.198196,-52.198196,-52.198196,-52.198196,-52.198196,-52.198196,-52.198196,-52.198196,-52.198196,-52.198196,-52.198196,-52.198196,-52.198196,-52.198196,-52.198196,-52.198196,-52.198196,-52.198196,-52.198196,-52.198196,-52.198196,-52.198196,-52.198196,-52.198196,-52.198196,-52.198196,-52.198196,-52.198196,-52.198196,-52.198196,-52.198196,-52.198196,-52.198196,-52.198196,-52.198196,-52.198196,-52.198196,-52.198196,-52.198196,-52.198196,-52.198196,-52.198196,-52.198196,-52.198196,-52.198196,-52.198196,-52.198196,-52.198196,-52.198196,-52.198196,-52.198196,-52.198196,-52.198196,-52.198196,-52.198196,-52.198196,-52.198196,-52.198196,-52.198196,-52.198196,-52.198196,-52.198196,-52.198196,-52.198196,-52.198196,-52.198196,-52.198196,-52.198196,-52.198196,-52.198196,-52.198196,-52.198196,-52.198196,-52.198196,-52.198196,-52.198196,-52.198196,-52.198196,-52.198196,-52.198196,-52.198196,-52.198196,-52.198196,-52.198196,-52.198196,-52.198196,-52.198196,-52.198196,-52.198196,-52.198196,-52.198196,-52.198196,-52.198196,-52.198196,-52.198196,-52.198196,-52.198196,-52.198196,-52.198196,-52.198196,-52.198196,-52.198196,-52.198196,-52.198196,-52.198196,-52.198196,-52.198196,-52.198196,-52.198196,-52.198196,-52.198196,-52.198196,-52.198196,-52.198196,-52.198196,-52.198196,-52.198196,-52.198196,-52.198196,-52.198196,-52.198196,-52.198196,-52.198196,-52.198196,-52.198196,-52.198196,-52.198196,-52.198196,-52.198196,-52.198196,-52.198196,-52.198196,-52.198196,-52.198196,-52.198196,-52.198196,-52.198196,-52.198196,-52.198196,-52.198196,-52.198196,-52.198196,-52.198196,-52.198196,-52.198196,-52.198196,-52.198196,-52.198196,-52.198196,-52.198196,-52.198196,-52.198196,-52.198196,-52.198196,-52.198196,-52.198196,-52.198196,-52.198196,-52.198196,-52.198196,-52.198196,-52.198196,-52.198196,-52.198196,-52.198196,-52.198196,-52.198196,-52.198196,-52.198196,-52.198196,-52.198196,-52.198196,-52.198196,-52.198196,-52.198196,-52.198196,-52.198196,-52.198196,-52.198196,-52.198196,-52.198196,-52.198196,-52.198196,-52.198196,-52.198196,-52.198196,-52.198196,-52.198196,-52.198196,-52.198196,-52.198196,-52.198196,-52.198196,-52.198196,-52.198196,-52.198196,-52.198196,-52.198196,-52.198196,-52.198196,-52.198196,-52.198196,-52.198196,-52.198196,-52.198196,-52.198196,-52.198196,-52.198196,-52.198196,-52.198196,-52.198196,-52.198196,-52.198196,-52.198196,-52.198196,-52.198196,-52.198196,-52.198196,-52.198196,-52.198196,-52.198196,-52.198196,-52.198196,-52.198196,-52.198196,-52.198196,-52.198196,-52.198196,-52.198196,-52.198196,-52.198196,-52.198196,-52.198196,-52.198196,-52.198196,-52.198196,-52.198196,-52.198196,-52.198196,-52.198196,-52.198196,-52.198196,-52.198196,-52.198196,-52.198196,-52.198196,-52.198196,-52.198196,-52.198196,-52.198196,-52.198196,-52.198196,-52.198196,-52.198196,-52.198196,-52.198196,-52.198196,-52.198196,-52.198196,-52.198196,-52.198196,-52.198196,-52.198196,-52.198196,-52.198196,-52.198196,-52.198196,-52.198196,-52.198196,-52.198196,-52.198196,-52.198196,-52.198196,-52.198196,-52.198196,-52.198196,-52.198196,-52.198196,-52.198196,-52.198196,-52.198196,-52.198196,-52.198196,-52.198196,-52.198196,-52.198196,-52.198196,-52.198196,-52.198196,-52.198196,-52.198196,-52.198196,-52.198196,-52.198196,-52.198196,-52.198196,-52.198196,-52.198196,-52.198196,-52.198196,-52.198196,-52.198196,-52.198196,-52.198196,-52.198196,-52.198196,-52.198196,-52.198196,-52.198196,-52.198196,-52.198196,-52.198196,-52.198196,-52.198196,-52.198196,-52.198196,-52.198196,-52.198196,-52.198196,-52.198196,-52.198196,-52.198196,-52.198196,-52.198196,-52.198196,-52.198196,-52.198196,-52.198196,-52.198196,-52.198196,-52.198196,-52.198196,-52.198196,-52.198196,-52.198196,-52.198196,-52.198196,-52.198196,-52.198196,-52.198196,-52.198196,-52.198196,-52.198196,-52.198196,-52.198196,-52.198196,-52.198196,-52.198196,-52.198196,-52.198196,-52.198196,-52.198196,-52.198196,-52.198196,-52.198196,-52.198196,-52.198196,-52.198196,-52.198196,-52.198196,-52.198196,-52.198196,-52.198196,-52.198196,-52.198196,-52.198196,-52.198196,-52.198196,-52.198196,-52.198196,-52.198196,-52.198196,-52.198196,-52.198196,-52.198196,-52.198196,-52.198196,-52.198196,-52.198196,-52.198196,-52.198196,-52.198196,-52.198196,-52.198196,-52.198196,-52.198196,-52.198196,-52.198196,-52.198196,-52.198196,-52.198196,-52.198196,-52.198196,-52.198196,-52.198196,-52.198196,-52.198196,-52.198196,-52.198196,-52.198196,-52.198196,-52.198196,-52.198196,-52.198196,-52.198196,-52.198196,-52.198196,-52.198196,-52.198196,-52.198196,-52.198196,-52.198196,-52.198196,-52.198196,-52.198196,-52.198196,-52.198196,-52.198196,-52.198196,-52.198196,-52.198196,-52.198196,-52.198196,-52.198196,-52.198196,-52.198196,-52.198196,-52.198196,-52.198196,-52.198196,-52.198196,-52.198196,-52.198196,-52.198196,-52.198196,-52.198196,-52.198196,-52.198196,-52.198196,-52.198196,-52.198196,-52.198196,-52.198196,-52.198196,-52.198196,-52.198196,-52.198196,-52.198196,-52.198196,-52.198196,-52.198196,-52.198196,-52.198196,-52.198196,-52.198196,-52.198196,-52.198196,-52.198196,-52.198196,-52.198196,-52.198196,-52.198196,-52.198196,-52.198196,-52.198196,-52.198196,-52.198196,-52.198196,-52.198196,-52.198196,-52.198196,-52.198196,-52.198196,-52.198196,-52.198196,-52.198196,-52.198196,-52.198196,-52.198196,-52.198196,-52.198196,-52.198196,-52.198196,-52.198196,-52.198196,-52.198196,-52.198196,-52.198196,-52.198196,-52.198196,-52.198196,-52.198196,-52.198196,-52.198196,-52.198196,-52.198196,-52.198196,-52.198196,-52.198196,-52.198196,-52.198196,-52.198196,-52.198196,-52.198196,-52.198196,-52.198196,-52.198196,-52.198196,-52.198196,-52.198196,-52.198196,-52.198196,-52.198196,-52.198196,-52.198196,-52.198196,-52.198196,-52.198196,-52.198196,-52.198196,-52.198196,-52.198196,-52.198196,-52.198196,-52.198196,-52.198196,-52.198196,-52.198196,-52.198196,-52.198196,-52.198196,-52.198196,-52.198196,-52.198196,-52.198196,-52.198196,-52.198196,-52.198196,-52.198196,-52.198196,-52.198196,-52.198196,-52.198196,-52.198196,-52.198196,-52.198196,-52.198196,-52.198196,-52.198196,-52.198196,-52.198196,-52.198196,-52.198196,-52.198196,-52.198196,-52.198196,-52.198196,-52.198196,-52.198196,-52.198196,-52.198196,-52.198196,-52.198196,-52.198196,-52.198196,-52.198196,-52.198196,-52.198196,-52.198196,-52.198196,-52.198196,-52.198196,-52.198196,-52.198196,-52.198196,-52.198196,-52.198196,-52.198196,-52.198196,-52.198196,-52.198196,-52.198196,-52.198196,-52.198196,-52.198196,-52.198196,-52.198196,-52.198196,-52.198196,-52.198196,-52.198196,-52.198196,-52.198196,-52.198196,-52.198196,-52.198196,-52.198196,-52.198196,-52.198196,-52.198196,-52.198196,-52.198196,-52.198196,-52.198196,-52.198196,-52.198196,-52.198196,-52.198196,-52.198196,-52.198196,-52.198196,-52.198196,-52.198196,-52.198196,-52.198196,-52.198196,-52.198196,-52.198196,-52.198196,-52.198196,-52.198196,-52.198196,-52.198196,-52.198196,-52.198196,-52.198196,-52.198196,-52.198196,-52.198196,-52.198196,-52.198196,-52.198196,-52.198196,-52.198196,-52.198196,-52.198196,-52.198196,-52.198196,-52.198196,-52.198196,-52.198196,-52.198196,-52.198196,-52.198196,-52.198196,-52.198196,-52.198196,-52.198196,-52.198196,-52.198196,-52.198196,-52.198196,-52.198196,-52.198196,-52.198196,-52.198196,-52.198196,-52.198196,-52.198196,-52.198196,-52.198196,-52.198196,-52.198196,-52.198196,-52.198196,-52.198196,-52.198196,-52.198196,-52.198196,-52.198196,-52.198196,-52.198196,-52.198196,-52.198196,-52.198196,-52.198196,-52.198196,-52.198196,-52.198196,-52.198196,-52.198196,-52.198196,-52.198196,-52.198196,-52.198196,-52.198196,-52.198196,-52.198196,-52.198196,-52.198196,-52.198196,-52.198196,-52.198196,-52.198196,-52.198196,-52.198196,-52.198196,-52.198196,-52.198196,-52.198196,-52.198196,-52.198196,-52.198196,-52.198196,-52.198196,-52.198196,-52.198196,-52.198196,-52.198196,-52.198196,-52.198196,-52.198196,-52.198196,-52.198196,-52.198196,-52.198196,-52.198196,-52.198196,-52.198196,-52.198196,-52.198196,-52.198196,-52.198196,-52.198196,-52.198196,-52.198196,-52.198196,-52.198196,-52.198196,-52.198196,-52.198196,-52.198196,-52.198196,-52.198196,-52.198196,-52.198196,-52.198196,-52.198196,-52.198196,-52.198196,-52.198196,-52.198196,-52.198196,-52.198196,-52.198196,-52.198196,-52.198196,-52.198196,-52.198196,-52.198196,-52.198196,-52.198196,-52.198196,-52.198196,-52.198196,-52.198196,-52.198196,-52.198196,-52.198196,-52.198196,-52.198196,-52.198196,-52.198196,-52.198196,-52.198196,-52.198196,-52.198196,-52.198196,-52.198196,-52.198196,-52.198196,-52.198196,-52.198196,-52.198196,-52.198196,-52.198196,-52.198196,-52.198196,-52.198196,-52.198196,-52.198196,-52.198196,-52.198196,-52.198196,-52.198196,-52.198196,-52.198196,-52.198196,-52.198196,-52.198196,-52.198196,-52.198196,-52.198196,-52.198196,-52.198196,-52.198196,-52.198196,-52.198196,-52.198196,-52.198196,-52.198196,-52.198196,-52.198196,-52.198196,-52.198196,-52.198196,-52.198196,-52.198196,-52.198196,-52.198196,-52.198196,-52.198196,-52.198196,-52.198196,-52.198196,-52.198196,-52.198196,-52.198196,-52.198196,-52.198196,-52.198196,-52.198196,-52.198196,-52.198196,-52.198196,-52.198196,-52.198196,-52.198196,-52.198196,-52.198196,-52.198196,-52.198196,-52.198196,-52.198196,-52.198196,-52.198196,-52.198196,-52.198196,-52.198196,-52.198196,-52.198196,-52.198196,-52.198196,-52.198196,-52.198196,-52.198196,-52.198196,-52.198196,-52.198196,-52.198196,-52.198196,-52.198196,-52.198196,-52.198196,-52.198196,-52.198196,-52.198196,-52.198196,-52.198196,-52.198196,-52.198196,-52.198196,-52.198196,-52.198196,-52.198196,-52.198196,-52.198196,-52.198196,-52.198196,-52.198196,-52.198196,-52.198196,-52.198196,-52.198196,-52.198196,-52.198196,-52.198196,-52.198196,-52.198196,-52.198196,-52.198196,-52.198196,-52.198196,-52.198196,-52.198196,-52.198196,-52.198196,-52.198196,-52.198196,-52.198196,-52.198196,-52.198196,-52.198196,-52.198196,-52.198196,-52.198196,-52.198196,-52.198196,-52.198196,-52.198196,-52.198196,-52.198196,-52.198196,-52.198196,-52.198196,-52.198196,-52.198196,-52.198196,-52.198196,-52.198196,-52.198196,-52.198196,-52.198196,-52.198196,-52.198196,-52.198196,-52.198196,-52.198196,-52.198196,-52.198196,-52.198196,-52.198196,-52.198196,-52.198196,-52.198196,-52.198196,-52.198196,-52.198196,-52.198196,-52.198196,-52.198196,-52.198196,-52.198196,-52.198196,-52.198196,-52.198196,-52.198196,-52.198196,-52.198196,-52.198196,-52.198196,-52.198196,-52.198196,-52.198196,-52.198196,-52.198196,-52.198196,-52.198196,-52.198196,-52.198196,-52.198196,-52.198196,-52.198196,-52.198196,-52.198196,-52.198196,-52.198196,-52.198196,-52.198196,-52.198196,-52.198196,-52.198196,-52.198196,-52.198196,-52.198196,-52.198196,-52.198196,-52.198196,-52.198196,-52.198196,-52.198196,-52.198196,-52.198196,-49.841225
